100
10 0 0 0 97 17 2 0
10 0 0 0 47 61 5 0
10 0 0 0 28 62 10 0
10 0 0 0 10 0 42 53
10 0 0 0 9 0 54 29
10 0 0 0 43 71 0 0
10 0 0 0 8 0 27 8
10 0 0 0 67 25 4 0
10 0 0 0 25 86 4 0
10 0 0 0 5 0 18 30
10 0 0 0 28 18 1 0
10 0 0 0 10 0 77 51
10 0 0 0 6 0 29 81
10 0 0 0 2 33 6 0
10 0 0 0 94 42 5 0
10 0 0 0 38 58 0 0
10 0 0 0 85 39 9 0
10 0 0 0 8 0 72 1
10 0 0 0 0 0 39 63
10 0 0 0 7 0 73 70
10 0 0 0 4 0 21 40
10 0 0 0 7 0 74 50
10 0 0 0 8 0 42 35
10 0 0 0 53 11 9 0
10 0 0 0 7 0 72 84
10 0 0 0 77 68 7 0
10 0 0 0 59 76 8 0
10 0 0 0 6 0 46 35
10 0 0 0 21 71 2 0
10 0 0 0 64 99 8 0
10 0 0 0 6 0 3 53
10 0 0 0 2 0 36 89
10 0 0 0 79 61 10 0
10 0 0 0 0 0 81 26
10 0 0 0 14 68 7 0
10 0 0 0 9 0 82 10
10 0 0 0 5 0 26 85
10 0 0 0 3 0 19 3
10 0 0 0 9 0 34 70
10 0 0 0 2 0 96 6
10 0 0 0 17 61 8 0
10 0 0 0 8 0 57 13
10 0 0 0 7 0 98 31
10 0 0 0 53 87 4 0
10 0 0 0 10 0 7 71
10 0 0 0 24 30 2 0
10 0 0 0 0 0 35 55
10 0 0 0 47 18 4 0
10 0 0 0 8 0 83 64
10 0 0 0 14 84 8 0
10 0 0 0 90 48 8 0
10 0 0 0 6 0 95 62
10 0 0 0 2 0 11 43
10 0 0 0 56 61 9 0
10 0 0 0 29 29 9 0
10 0 0 0 10 0 38 59
10 0 0 0 85 25 1 0
10 0 0 0 9 2 3 0
10 0 0 0 10 0 6 78
10 0 0 0 97 37 5 0
10 0 0 0 65 58 6 0
10 0 0 0 1 0 7 11
10 0 0 0 6 0 10 53
10 0 0 0 0 0 52 46
10 0 0 0 84 15 8 0
10 0 0 0 39 46 7 0
10 0 0 0 0 0 25 5
10 0 0 0 43 78 1 0
10 0 0 0 23 62 7 0
10 0 0 0 59 13 2 0
10 0 0 0 28 69 1 0
10 0 0 0 28 82 9 0
10 0 0 0 3 0 9 10
10 0 0 0 82 84 4 0
10 0 0 0 29 2 4 0
10 0 0 0 39 89 1 0
10 0 0 0 8 0 11 17
10 0 0 0 1 0 56 36
10 0 0 0 6 0 66 99
10 0 0 0 0 62 0 0
10 0 0 0 0 0 48 28
10 0 0 0 16 84 9 0
10 0 0 0 6 0 79 16
10 0 0 0 4 0 11 49
10 0 0 0 1 37 10 0
10 0 0 0 8 0 41 10
10 0 0 0 6 0 50 19
10 0 0 0 5 0 25 86
10 0 0 0 6 0 98 72
10 0 0 0 54 59 8 0
10 0 0 0 6 0 40 26
10 0 0 0 57 80 1 0
10 0 0 0 5 0 35 23
10 0 0 0 40 2 4 0
10 0 0 0 10 0 27 12
10 0 0 0 14 61 0 0
10 0 0 0 7 0 89 83
10 0 0 0 4 0 35 80
10 0 0 0 3 38 2 0
10 0 0 0 2 0 36 21
