50
0 0 0 15 0 9 73 47
0 0 0 15 27 38 0 9
0 0 0 15 0 7 85 39
0 0 0 15 16 24 0 7
0 0 0 15 0 10 5 97
0 0 0 15 0 15 46 47
0 0 0 15 80 93 0 8
0 0 0 15 68 16 0 10
0 0 0 15 0 4 65 30
0 0 0 15 0 1 5 19
0 0 0 15 0 10 80 47
0 0 0 15 0 6 56 66
0 0 0 15 0 13 46 28
0 0 0 15 57 99 0 0
0 0 0 15 87 8 0 13
0 0 0 15 0 0 33 67
0 0 0 15 0 0 54 22
0 0 0 15 0 15 14 86
0 0 0 15 0 3 79 48
0 0 0 15 62 24 0 14
0 0 0 15 0 1 85 11
0 0 0 15 0 11 35 85
0 0 0 15 0 1 63 50
0 0 0 15 0 3 83 34
0 0 0 15 94 16 0 3
0 0 0 15 29 1 0 9
0 0 0 15 17 28 0 3
0 0 0 15 79 49 0 11
0 0 0 15 89 4 0 3
0 0 0 15 0 12 69 70
0 0 0 15 29 30 0 2
0 0 0 15 81 66 0 1
0 0 0 15 34 99 0 2
0 0 0 15 27 87 0 14
0 0 0 15 0 11 66 20
0 0 0 15 0 4 66 58
0 0 0 15 0 15 83 54
0 0 0 15 0 1 8 99
0 0 0 15 43 14 0 2
0 0 0 15 0 0 50 17
0 0 0 15 0 15 31 58
0 0 0 15 0 0 65 82
0 0 0 15 46 15 0 11
0 0 0 15 0 3 98 27
0 0 0 15 0 1 82 81
0 0 0 15 80 45 0 11
0 0 0 15 0 2 92 51
0 0 0 15 91 69 0 5
0 0 0 15 73 70 0 8
0 0 0 15 0 9 59 44
