100
0 15 0 0 0 6 69 20
0 15 0 0 0 1 5 76
0 15 0 0 40 85 0 4
0 15 0 0 0 15 62 12
0 15 0 0 21 54 0 5
0 15 0 0 0 7 19 26
0 15 0 0 0 0 98 89
0 15 0 0 0 8 4 47
0 15 0 0 26 70 0 8
0 15 0 0 0 12 69 40
0 15 0 0 59 19 0 5
0 15 0 0 0 8 96 92
0 15 0 0 60 4 0 8
0 15 0 0 13 18 0 15
0 15 0 0 0 11 91 34
0 15 0 0 9 54 0 11
0 15 0 0 0 13 5 88
0 15 0 0 0 10 74 13
0 15 0 0 24 33 0 1
0 15 0 0 0 9 43 40
0 15 0 0 0 0 89 63
0 15 0 0 0 14 60 96
0 15 0 0 0 11 67 40
0 15 0 0 0 9 97 76
0 15 0 0 67 72 0 10
0 15 0 0 0 8 30 66
0 15 0 0 0 15 69 45
0 15 0 0 0 7 91 73
0 15 0 0 14 97 0 11
0 15 0 0 0 2 33 35
0 15 0 0 0 10 43 0
0 15 0 0 0 4 40 44
0 15 0 0 0 11 36 56
0 15 0 0 35 4 0 8
0 15 0 0 0 8 73 26
0 15 0 0 42 3 0 4
0 15 0 0 0 9 20 48
0 15 0 0 21 14 0 9
0 15 0 0 44 13 0 3
0 15 0 0 0 5 67 66
0 15 0 0 0 4 15 26
0 15 0 0 0 2 3 69
0 15 0 0 95 49 0 12
0 15 0 0 94 93 0 8
0 15 0 0 0 9 92 7
0 15 0 0 0 12 67 42
0 15 0 0 0 6 37 80
0 15 0 0 6 1 0 11
0 15 0 0 0 10 50 76
0 15 0 0 0 6 14 24
0 15 0 0 3 28 0 6
0 15 0 0 0 12 72 53
0 15 0 0 4 26 0 8
0 15 0 0 0 3 15 2
0 15 0 0 0 0 65 30
0 15 0 0 0 8 29 84
0 15 0 0 29 96 0 11
0 15 0 0 0 6 98 19
0 15 0 0 34 68 0 10
0 15 0 0 0 9 90 84
0 15 0 0 99 9 0 15
0 15 0 0 0 6 24 47
0 15 0 0 0 9 18 92
0 15 0 0 76 57 0 8
0 15 0 0 13 29 0 3
0 15 0 0 0 3 86 27
0 15 0 0 89 1 0 10
0 15 0 0 0 12 61 13
0 15 0 0 55 54 0 6
0 15 0 0 0 3 64 56
0 15 0 0 0 5 94 94
0 15 0 0 2 34 0 10
0 15 0 0 0 10 68 70
0 15 0 0 75 91 0 7
0 15 0 0 27 7 0 9
0 15 0 0 0 2 10 91
0 15 0 0 86 71 0 14
0 15 0 0 0 14 94 22
0 15 0 0 0 6 83 64
0 15 0 0 87 77 0 7
0 15 0 0 0 9 33 79
0 15 0 0 0 7 14 7
0 15 0 0 74 55 0 8
0 15 0 0 91 26 0 8
0 15 0 0 19 46 0 12
0 15 0 0 0 13 15 29
0 15 0 0 37 43 0 13
0 15 0 0 0 3 90 86
0 15 0 0 81 3 0 11
0 15 0 0 93 18 0 2
0 15 0 0 0 1 39 27
0 15 0 0 0 8 35 26
0 15 0 0 0 15 37 91
0 15 0 0 0 1 56 43
0 15 0 0 88 47 0 0
0 15 0 0 26 46 0 5
0 15 0 0 32 73 0 15
0 15 0 0 0 13 93 5
0 15 0 0 0 10 24 83
0 15 0 0 72 94 0 11
