100
7 28 24 35 36 26 9 31
20 5 -1 23 12 -14 26 24
21 21 19 8 22 19 11 26
10 18 -13 19 -9 21 18 -12
28 -6 6 33 23 6 -6 26
25 0 35 10 13 14 39 3
15 1 -13 23 21 22 7 1
-14 -17 -19 24 -10 2 -20 -7
-9 -21 14 -6 13 -8 10 22
25 24 -9 -10 25 17 -8 15
1 -8 -1 26 -14 4 16 -13
-4 4 36 0 15 -5 37 2
-10 1 34 7 16 21 9 -11
4 22 3 -8 -21 19 15 -2
3 -4 32 35 33 18 -6 14
15 -7 8 37 13 33 -6 7
38 23 0 1 8 13 11 1
-10 -6 26 -8 17 -16 5 27
15 22 25 39 14 24 29 31
19 39 0 2 14 44 13 3
10 -8 38 36 35 12 -8 32
9 23 -6 -10 10 5 -1 27
36 3 4 20 34 0 16 26
0 -10 -4 26 -12 9 26 16
27 24 6 -4 29 14 1 12
-13 17 32 17 -2 25 23 -7
15 14 15 -1 5 19 24 2
21 18 7 9 27 12 -5 38
31 7 -7 -10 -7 -16 -3 13
-21 -1 14 -9 -9 -5 15 5
-21 6 26 -18 22 4 -15 -20
17 12 31 4 6 2 30 16
18 -3 31 32 32 15 -3 15
10 17 41 38 13 46 20 23
4 24 14 24 6 35 32 -3
-2 9 14 16 25 -12 -7 27
-11 18 2 9 -4 20 4 -12
-12 36 6 -3 0 2 19 6
7 22 24 39 4 32 27 17
41 33 -3 24 10 -1 38 33
41 37 9 17 9 12 40 46
9 12 23 6 26 28 -3 -2
13 14 40 21 18 35 30 6
22 -8 17 29 14 13 29 36
4 -2 0 44 41 38 -2 23
6 -11 15 24 26 -20 4 26
-13 6 10 30 -5 27 22 -4
-8 -5 7 29 3 23 23 26
-2 19 24 18 30 7 7 29
41 33 11 9 29 19 13 28
-4 -12 16 10 26 32 9 -2
25 9 37 27 49 7 19 49
9 -1 9 -20 9 -16 -18 23
28 -10 2 27 34 -4 8 -5
29 22 -8 17 26 -11 25 23
40 19 -5 43 15 27 36 27
1 -15 24 1 -10 1 27 -9
41 6 3 12 12 35 14 -5
35 -2 25 28 24 -8 26 29
-7 5 12 -7 9 0 -3 -7
20 35 24 14 -2 33 27 31
25 22 2 10 19 2 24 31
27 20 9 25 12 2 29 28
7 33 32 23 24 33 -11 12
-3 -1 8 1 -9 11 12 -7
21 6 17 -16 26 -4 -16 19
31 7 6 -3 30 -7 29 30
1 -12 25 16 10 -16 8 -2
31 7 3 4 28 2 12 5
35 20 8 1 13 16 43 16
23 23 -7 1 2 0 -11 23
18 -10 21 25 18 27 23 12
4 19 25 23 11 27 32 17
-9 2 -14 9 -13 18 -9 -14
-20 20 8 24 -8 -8 8 29
-18 9 20 -1 -1 3 -18 10
29 -1 37 27 38 7 28 24
10 25 8 -23 -13 20 14 23
26 -21 7 24 15 24 14 -1
35 -10 2 35 14 30 -4 15
-13 19 24 -9 -10 9 24 5
37 -2 -2 33 43 21 18 8
-8 -13 3 25 -14 12 -1 -13
-16 22 -4 -18 15 26 -12 6
-8 9 33 0 17 27 -5 -5
15 1 -6 -17 19 21 7 -13
-17 6 -8 25 -10 22 32 -1
-4 29 15 12 -1 -4 22 21
-5 -4 28 12 27 28 8 -11
-3 6 1 27 -5 23 31 15
21 5 16 19 22 15 4 27
1 18 41 -5 33 21 12 -5
-1 -12 8 19 9 7 -12 6
0 -9 -3 34 23 -2 -9 18
17 5 6 -9 -22 17 17 -15
6 29 37 18 13 38 32 9
33 34 14 11 34 14 14 11
-10 31 32 -1 -8 -4 18 18
23 2 -5 16 23 31 4 -4
1 7 39 24 47 37 14 12
