100
52 -5 0 38 72 29 19 -6
40 70 65 25 5 74 89 46
-8 -20 -15 56 -40 -33 -5 4
28 37 11 22 30 14 -4 68
-38 -37 30 10 16 23 36 -7
18 65 56 76 54 80 88 -5
33 -4 -8 48 46 -6 24 2
74 4 2 45 40 17 70 63
74 23 28 0 39 36 63 3
62 3 -22 52 43 63 25 -6
81 70 32 31 92 61 17 48
8 -14 76 24 6 45 46 -1
73 73 3 30 5 29 16 91
-41 46 -35 -20 36 -31 -42 -13
-29 21 3 -37 32 2 -12 -16
-14 33 45 58 17 59 54 44
63 47 -24 54 6 60 39 -10
0 12 92 55 8 44 23 15
39 -31 -13 47 29 36 -22 -18
-24 -34 34 47 20 25 -9 23
83 2 35 -11 6 23 61 -7
50 85 11 6 84 27 -2 33
85 6 24 85 6 28 96 52
14 -1 50 8 60 0 11 26
-32 29 44 32 -35 30 27 29
55 -3 19 67 22 68 17 14
48 -12 32 33 56 26 -37 21
14 -12 -9 55 64 48 -15 40
-19 17 -7 1 -29 -9 7 49
42 13 36 -12 48 16 30 -14
4 -14 31 60 -25 58 31 -30
44 -3 11 20 16 19 -7 -10
23 -19 -2 10 71 -7 -7 3
30 26 78 54 44 19 44 56
11 -7 -9 36 -12 77 10 -9
10 51 29 -25 24 0 -4 -35
-8 20 -24 -32 35 41 -40 -26
4 17 49 -2 17 -25 42 19
1 27 60 80 22 -2 37 65
-3 2 57 55 21 -2 4 66
78 90 22 26 25 50 75 -2
-6 12 21 42 7 11 -25 49
75 11 -12 39 -4 24 26 31
39 48 57 83 6 40 66 76
-45 -35 29 -3 -29 20 26 -24
31 57 -3 -4 63 43 -4 39
-10 12 55 -23 53 17 -15 -33
62 63 18 0 11 66 84 45
65 94 55 43 90 35 22 59
-5 -17 40 6 -28 33 19 -30
10 50 26 99 95 74 1 55
-12 -2 27 -2 13 42 -9 -6
0 44 3 -20 -22 7 47 22
93 20 8 13 78 -4 40 67
74 21 38 66 38 -6 73 34
58 31 85 75 62 1 53 73
-11 33 26 19 -22 -16 39 44
30 -46 -1 36 -2 -36 39 -3
18 12 4 74 22 32 -14 4
-46 51 40 9 49 11 -46 47
-4 17 52 34 10 -9 63 59
42 51 2 -44 54 32 -13 50
-22 35 46 21 -31 56 62 -9
32 12 -27 -6 -24 -3 49 -6
-5 40 -14 -9 -34 47 36 4
58 33 -8 16 33 32 -21 7
80 15 42 66 14 85 89 12
-5 51 5 28 -8 53 46 -8
-11 -8 -36 49 29 52 -36 39
34 69 -29 37 12 48 -22 55
-9 77 38 -4 81 74 19 -6
42 15 -38 0 16 -30 30 36
83 10 2 53 56 50 42 10
51 60 34 0 74 5 16 70
-1 10 19 36 -3 16 73 7
38 3 50 55 45 62 51 -3
21 3 5 60 -5 13 53 52
60 29 -4 39 7 63 43 1
65 69 10 3 55 48 44 66
66 74 5 10 8 15 71 7
-28 19 50 -36 -36 3 9 57
43 73 -7 11 -16 36 59 26
-7 45 53 -2 7 57 -1 27
4 13 36 -27 -11 -13 13 17
9 59 -7 -5 -2 0 6 52
73 -22 -18 62 29 -9 60 54
59 -12 5 41 -2 32 63 72
23 75 87 58 25 60 86 59
92 30 19 86 5 48 86 73
54 29 -4 25 44 30 -13 -14
60 37 36 31 -6 -7 51 42
72 45 14 37 55 4 -1 70
13 -26 -34 35 54 43 -43 -25
60 -18 30 62 62 53 37 10
-24 4 14 2 -14 20 52 -25
8 75 63 8 32 -9 75 68
30 -33 -37 36 14 -23 28 -3
27 53 81 13 87 29 25 44
57 67 17 22 61 65 15 73
8 -14 71 69 54 43 61 75
