100
118 58 -30 66 140 117 -34 46
20 -17 -17 90 98 62 -48 64
144 170 156 21 167 115 138 86
133 -3 104 139 145 16 -23 9
-47 -75 26 54 9 -2 -80 112
80 3 10 -28 33 -61 -35 96
95 10 135 152 -8 106 145 39
112 84 46 159 3 92 96 116
-4 -22 36 95 -32 32 33 77
-1 30 69 149 -48 38 85 47
129 89 -58 92 50 101 113 3
148 86 15 48 55 74 80 -21
3 -2 7 72 -50 -37 16 62
8 95 -21 -52 -40 -40 74 21
-18 96 -64 -61 -62 63 14 62
84 59 92 -31 101 4 3 26
100 -50 -90 96 26 -29 83 -30
94 102 126 164 100 108 -2 125
1 -12 27 99 -79 74 18 -18
58 156 67 39 91 42 51 115
175 109 62 143 165 96 103 137
147 -10 -31 51 59 47 26 -35
60 10 172 151 173 51 79 131
-85 79 3 -72 -54 -51 4 -49
-3 4 135 148 111 150 7 1
169 83 9 185 74 147 -6 93
66 72 116 87 -1 147 149 26
26 -58 36 29 120 58 -16 -16
119 33 -38 105 -26 84 8 144
136 44 44 49 127 66 24 -15
21 -45 70 60 45 5 -36 -15
80 45 -34 -11 91 -32 61 103
55 46 156 152 135 86 11 52
81 109 98 41 103 120 20 -7
163 45 45 113 157 -2 9 160
10 6 -15 122 -20 -22 29 140
126 25 -11 86 32 112 51 -23
90 62 48 -35 5 62 106 -64
63 113 18 -12 57 93 11 85
96 -55 104 84 103 -54 68 -31
46 123 -70 32 -16 71 -38 124
81 28 -42 28 -6 70 -6 -33
121 119 53 -11 71 67 63 -34
81 -44 66 99 -35 -16 68 82
128 61 97 31 130 23 34 63
89 -26 118 33 145 -4 0 -15
-24 -27 121 16 -41 4 69 -74
5 147 177 65 24 97 32 188
71 56 107 125 154 127 4 17
181 55 27 148 137 91 17 97
-61 44 72 -47 81 34 -16 -6
168 82 83 43 169 146 124 -27
14 105 66 -24 30 -51 56 63
109 55 -54 31 108 71 106 -31
58 153 148 -8 32 30 156 137
-20 39 91 -16 7 3 38 78
68 -12 33 115 -43 23 100 116
-30 77 159 15 80 130 -25 10
113 54 137 -52 145 30 67 -44
112 -2 -51 30 70 3 27 75
126 4 -54 -65 4 36 122 -45
73 -30 114 131 108 -20 6 41
-53 -85 100 -75 11 -83 5 -9
-58 -89 -6 57 89 86 -37 0
48 32 186 93 107 134 101 34
-21 54 23 -82 -32 58 -14 40
-47 39 122 49 -60 115 105 -39
-37 -17 111 57 42 81 22 -63
62 72 -19 -6 8 108 81 -9
77 11 -76 -17 -3 -43 65 98
58 142 -5 16 -37 99 150 -7
109 100 88 165 147 157 -21 118
10 72 142 21 40 171 4 9
17 28 133 148 38 69 124 122
61 82 -8 -40 10 75 97 -74
34 -68 -66 77 2 -40 85 -74
-6 94 15 -19 96 106 -60 48
139 70 -33 78 -1 128 15 59
-13 38 79 9 26 -72 70 93
-90 25 99 58 -45 -86 -78 39
136 80 147 15 150 28 100 59
158 46 -20 142 129 167 -9 127
126 145 37 9 71 43 73 142
-64 76 113 -24 -5 7 -32 59
21 -43 -11 75 -7 46 33 109
72 82 12 -48 33 -23 -45 105
12 51 163 58 99 131 93 42
-49 -30 0 34 24 -43 -54 94
78 66 -44 -18 -33 73 112 45
150 25 90 -5 100 -11 134 78
123 -10 -38 60 19 113 -23 52
165 69 110 87 112 25 169 144
115 -57 -4 -10 86 -9 -33 -53
-18 111 -33 31 -6 110 -48 97
79 61 154 97 26 150 101 25
-74 68 -35 62 10 -28 -53 79
30 79 -82 57 39 -28 -47 89
-54 105 18 -19 18 42 -28 -55
116 93 5 -36 53 84 102 22
39 -13 81 65 -5 105 102 26
