100
11 109 76 497 132 359 12 295
406 443 58 308 222 264 140 343
142 -107 -85 174 -2 -150 110 213
178 63 240 288 288 139 144 402
193 152 77 -227 -40 4 200 -229
405 244 -5 288 369 64 27 289
186 -37 -90 195 -141 175 37 91
29 213 243 -109 -130 41 226 35
142 246 0 169 -32 349 264 -47
31 250 211 -24 -67 -130 167 237
220 -163 -197 105 -190 190 -88 -36
424 178 101 272 280 75 411 436
-43 178 112 126 22 274 -14 -110
67 485 178 207 409 140 99 334
-58 413 425 299 -9 296 379 397
268 218 -145 -11 -97 84 -10 -71
194 377 192 107 431 338 17 379
187 273 253 66 52 275 314 237
258 -159 249 185 259 184 -147 52
29 5 326 436 219 285 186 180
223 262 124 77 69 147 187 147
67 311 241 204 30 247 288 421
150 443 441 271 408 293 19 226
285 98 143 397 247 215 154 334
102 370 228 39 436 21 32 228
208 -219 -183 -50 -173 -97 14 166
364 121 27 36 130 348 329 -33
117 94 184 136 145 348 138 -31
-166 46 -47 -177 -170 -205 22 -63
314 388 94 169 316 366 105 375
-179 -131 -35 231 -223 180 -68 -60
123 -100 -94 115 -54 -15 198 -9
102 269 -42 148 135 218 -54 185
208 225 10 -78 64 210 242 192
382 485 59 141 247 346 456 250
-70 111 275 -86 -73 -148 33 145
-108 249 34 -124 91 22 -137 96
-58 99 286 45 106 87 29 -120
-54 268 16 326 -87 379 228 -35
15 323 217 259 -111 -97 133 371
381 224 53 -101 -19 337 269 -86
-65 -62 280 -56 86 -31 146 -153
-34 200 -9 -157 -126 113 119 29
290 102 -16 424 212 218 29 163
23 133 313 130 250 44 282 418
195 160 217 -116 103 -10 270 171
286 256 -83 -48 165 206 194 -183
279 255 -32 -168 99 -85 -141 169
186 -53 -84 -57 -36 188 -40 -90
8 221 41 40 4 5 261 280
-176 -191 -7 198 256 168 -124 41
159 -16 281 162 391 126 163 10
180 -155 -46 -45 -94 -68 308 71
367 -68 39 340 333 149 1 263
134 320 -44 65 -52 65 139 203
-57 414 251 -39 72 344 36 -32
229 -17 388 400 434 387 167 -1
-164 -193 -54 207 -198 -100 -38 -38
-73 -127 -206 85 126 92 -236 -157
-96 -61 46 213 -100 327 271 -11
288 122 490 3 366 62 490 212
174 234 -148 -155 54 -12 -24 272
233 35 59 196 82 29 284 430
-3 -43 384 191 93 332 210 -71
158 281 242 228 -45 72 350 369
144 3 61 388 477 271 21 374
210 317 118 18 -127 -40 294 263
260 366 329 83 206 45 335 459
304 314 190 -39 272 -31 178 78
305 204 185 295 199 242 355 393
223 105 -125 56 95 -23 322 251
74 14 475 409 8 73 371 -1
60 173 215 -126 320 214 -76 -50
107 127 249 329 307 216 22 400
-49 -81 -213 -129 -188 -123 -163 -95
283 347 23 372 249 406 104 255
-121 -11 -132 -86 277 -108 -191 -53
-120 -73 305 290 173 174 196 241
377 -28 323 197 367 234 220 43
-9 -64 167 172 17 142 284 153
46 -14 347 375 248 91 138 165
193 263 112 -108 235 -48 40 287
-178 102 146 -176 -40 -39 61 -60
-62 37 353 306 343 90 110 246
-77 37 182 60 67 68 105 -21
-228 -175 189 -31 -72 -89 193 -166
392 360 -22 200 159 391 230 173
240 375 22 28 369 68 -49 233
246 155 195 89 207 142 294 24
152 -136 135 247 308 113 -162 100
160 -104 -171 139 107 -55 2 -110
336 410 207 130 459 89 98 176
41 311 150 119 12 250 382 284
122 257 361 180 363 410 279 -56
-90 53 209 59 145 93 -48 -36
296 390 203 36 155 104 355 405
-50 297 -133 162 -147 223 93 86
21 292 111 56 175 260 -9 33
219 171 127 452 146 109 175 467
128 195 -3 387 265 143 -11 339
