1000
83 95 265 112 165 65 470 215
128 19 211 271 -96 -16 217 268
195 -1 56 254 217 37 49 159
186 163 -8 19 47 164 96 -7
-15 357 272 299 366 190 9 378
-86 1 56 339 301 159 -136 346
404 473 9 183 467 161 66 230
292 15 -103 24 -17 228 221 -202
-10 -3 323 391 382 334 98 297
222 47 -192 151 -20 156 23 -69
156 -14 202 237 4 267 287 18
237 376 253 226 187 248 356 377
133 308 394 77 136 311 96 3
182 135 393 235 265 -58 266 215
35 106 233 397 68 396 245 200
11 180 246 37 -66 -135 229 211
321 185 -96 -129 168 -149 -19 139
363 231 -18 216 57 67 -17 337
405 416 56 -62 153 22 326 332
403 368 192 285 329 342 181 59
-149 -200 146 43 -197 -34 193 -139
322 314 43 44 362 293 47 426
75 62 244 101 128 240 90 60
319 32 -74 126 200 387 -12 71
-144 -61 -76 63 -144 158 -102 -135
179 175 420 198 412 294 187 138
44 19 63 275 20 181 322 85
8 -14 -51 -152 -15 -78 -70 -159
402 253 57 137 3 212 197 -8
485 308 279 113 299 57 432 435
-217 140 105 150 7 204 -29 -110
390 134 -100 62 276 384 290 109
359 161 -64 36 334 22 327 266
233 196 23 279 18 161 40 315
-160 -126 246 -22 45 -3 62 -73
-19 467 187 113 98 99 421 388
-16 218 99 -65 9 257 -75 65
80 -127 242 20 76 -155 152 160
231 176 207 19 -12 118 423 12
277 12 209 215 284 21 194 88
-39 202 295 -19 38 -79 272 243
175 279 389 275 387 361 117 252
-35 23 115 91 218 11 -73 130
159 -160 -7 328 12 285 100 -89
19 -31 35 108 46 55 -129 188
20 159 -127 254 -67 232 235 -23
184 151 386 97 253 69 360 433
134 101 -193 -22 86 91 -159 -84
-14 263 -69 85 -110 297 24 171
-209 253 109 -8 38 -32 122 125
139 -9 128 -133 195 -103 -56 3
372 434 -5 337 428 38 44 456
233 -120 -117 -104 -140 6 -22 -153
256 27 158 195 321 243 224 -69
-24 132 329 -56 246 -107 -48 356
0 336 377 78 272 56 303 194
96 115 -77 392 -64 -17 103 197
184 268 -77 -179 53 -104 -174 -131
379 -40 -9 351 146 42 224 291
166 82 336 148 111 206 226 105
-228 179 165 -26 -52 244 -20 -173
-17 -59 284 83 72 205 162 -25
-105 354 182 112 345 144 -59 254
102 354 486 34 117 289 428 201
256 369 99 37 147 362 194 216
-96 279 115 -172 -86 -135 27 35
158 118 411 129 400 135 419 -20
248 110 -17 69 225 243 -154 -84
22 14 345 363 32 79 382 -33
-4 67 167 122 186 -125 -47 233
-140 195 -82 -211 80 -203 -108 -121
267 349 -56 84 -54 248 169 236
90 118 87 225 11 270 172 11
41 214 276 316 226 192 270 462
-38 132 101 73 -97 105 275 61
161 244 54 -86 36 188 254 237
16 49 55 277 -74 82 83 60
181 -38 -40 237 -68 194 333 230
116 -150 58 285 146 213 -120 202
200 289 50 -51 24 82 396 383
121 358 102 92 77 240 233 80
53 448 154 -2 156 128 77 188
-35 32 371 -51 121 -102 251 371
199 -31 15 258 74 88 20 325
232 39 297 -119 212 -105 280 113
6 233 211 113 77 354 106 84
-158 261 90 -138 242 -119 -137 168
203 -38 112 423 359 48 111 404
201 400 226 -47 294 72 168 302
324 239 91 31 116 407 478 15
324 -34 458 446 401 215 332 308
-39 1 142 349 181 179 -34 141
37 305 235 -117 287 -3 35 -69
-111 74 24 231 -13 217 -33 113
-32 200 147 145 181 387 20 83
126 288 -119 -156 -138 -60 142 -142
336 37 212 304 437 38 265 69
242 464 390 61 113 277 443 290
-146 40 182 155 -107 -80 237 294
57 109 121 -50 -141 169 180 -7
245 284 88 464 223 467 150 130
-46 -104 -122 -27 292 -59 -154 -28
272 77 48 299 258 31 367 432
219 259 -125 186 160 241 10 228
278 275 317 2 307 207 -167 213
243 -38 -22 -153 -22 66 143 -124
28 -18 131 221 109 9 5 139
209 74 56 319 416 374 55 249
-79 246 234 10 94 -28 227 32
355 46 16 306 51 321 301 58
16 109 275 292 -54 187 145 10
260 256 234 285 248 278 250 -102
7 241 343 295 142 226 -27 337
-67 176 224 254 123 128 285 401
45 -17 276 -55 325 22 -137 -71
354 3 166 -92 178 16 367 -113
2 12 460 347 52 418 372 35
226 279 160 83 252 202 81 189
337 16 38 294 42 45 432 32
400 144 -38 311 235 -39 440 405
-86 -43 -126 327 -134 39 248 -161
54 221 303 -6 71 282 247 -18
256 273 106 192 125 -2 105 204
-49 386 386 172 172 390 -21 275
335 -3 358 378 266 -27 439 423
342 219 -49 -34 151 -3 -40 -8
-70 345 187 281 -99 323 279 372
288 97 -88 -169 272 16 280 156
98 98 460 355 337 8 395 402
114 86 182 -47 280 -42 88 13
-27 254 382 101 35 350 180 145
332 213 363 63 359 194 33 111
270 -50 272 298 107 119 306 323
207 448 142 132 229 137 85 351
313 281 158 -5 373 93 269 406
356 451 420 227 296 152 448 270
7 -154 -111 275 223 196 -151 -166
188 115 -91 -63 -136 270 120 28
62 416 54 72 -2 224 335 -61
164 236 -35 -11 51 -7 87 217
23 -61 36 106 3 48 274 225
58 -168 -49 -112 93 -200 -192 10
36 -106 -147 -229 237 -153 -230 -232
46 -7 -11 -27 307 -82 -7 -24
-60 196 -64 -208 114 172 -172 -26
55 -27 248 131 170 17 155 210
368 380 -46 335 -29 82 177 410
-79 209 163 2 -7 -59 201 168
325 -64 -65 6 11 387 208 -53
119 92 32 -89 69 -66 43 216
180 466 366 304 306 116 384 469
344 317 174 0 11 296 196 27
-102 48 -109 62 -120 62 185 -89
42 218 298 3 310 -99 246 216
50 139 248 50 314 361 50 124
-175 -62 4 -125 -160 -216 208 260
219 187 56 35 129 311 232 116
131 113 -4 -131 -58 142 169 -6
191 479 475 4 55 60 388 307
-76 72 248 326 196 241 -67 319
405 217 -7 18 70 67 405 -31
73 179 370 63 282 279 155 -78
-181 -90 -73 55 -137 -159 -121 180
243 275 438 -5 258 101 278 244
325 376 67 81 160 337 415 142
284 8 176 255 -103 104 273 261
194 88 -60 -56 91 254 -63 -115
441 198 72 373 187 118 116 475
195 107 -134 200 122 259 -118 -72
146 -51 143 281 3 -77 226 76
395 73 43 153 240 314 41 5
-53 247 72 -106 62 234 -39 -10
323 85 251 259 33 195 310 172
129 326 27 166 128 240 73 321
318 327 87 15 200 347 361 -95
443 35 181 407 89 268 303 302
334 33 -87 282 170 174 171 -114
74 348 132 -26 236 148 -88 -76
24 142 358 175 288 449 25 72
252 -76 31 300 138 327 153 35
266 -56 -84 -87 16 -129 -79 209
129 87 273 -5 304 87 91 -43
86 282 200 468 292 469 12 250
-172 -51 242 40 158 178 43 -99
267 86 412 379 425 244 -25 126
-14 -110 136 209 114 -29 -17 -19
28 296 295 399 -11 409 211 -13
190 154 215 350 13 113 247 374
261 272 -170 -41 28 -24 -38 205
212 163 6 -39 103 215 24 -98
69 -63 319 211 153 210 131 -18
-8 62 360 444 30 389 98 94
96 229 -93 160 -103 36 69 326
57 446 421 24 11 318 464 58
10 -23 -25 30 -106 -44 187 172
372 310 -36 192 -100 215 231 149
42 208 98 22 8 -121 105 205
101 5 206 -52 136 -68 19 238
159 33 366 125 126 194 426 48
-166 -104 195 242 94 -88 -111 210
-32 316 118 -74 -7 120 271 368
133 150 -181 165 171 210 -56 77
-101 -184 8 150 -209 -33 80 -65
-59 241 -75 139 -99 194 139 225
15 34 -54 -141 -76 -63 34 20
59 43 -39 -167 -158 -83 26 -167
119 95 105 -28 304 129 80 69
-7 169 284 348 48 209 179 225
411 200 153 105 210 323 211 86
-15 345 158 55 28 13 348 172
359 -40 86 301 -51 59 417 -13
-111 36 262 -74 155 180 113 -47
250 193 226 219 294 391 148 -35
133 321 139 -20 278 273 50 140
-124 -146 -50 318 68 -13 -176 -113
206 -86 153 166 345 324 121 139
285 -152 125 310 13 -139 247 272
84 260 91 34 -15 110 130 88
119 117 72 410 5 319 385 250
134 0 71 220 114 13 26 444
73 238 182 211 249 279 -37 18
-67 17 333 123 57 -18 200 349
258 296 294 120 -40 49 301 282
24 128 421 381 395 420 334 10
228 51 197 425 -21 -15 262 246
136 -165 211 195 -47 30 220 51
379 -75 95 68 215 -36 11 390
184 144 305 268 392 139 99 242
4 235 321 -89 25 294 97 -56
166 -222 25 118 -214 -138 250 200
212 146 166 361 315 76 179 220
20 29 375 315 145 169 51 -16
-208 130 103 -205 165 101 -14 -114
183 -117 -41 -90 77 -77 -135 -109
-77 -172 -103 192 195 183 -180 -102
302 159 245 250 -48 19 276 232
143 2 390 198 69 300 194 -34
-155 149 243 254 92 132 255 297
-51 96 277 184 8 77 294 286
-126 312 -122 -16 -142 181 145 -111
-20 241 112 256 218 -137 -38 310
41 299 323 87 126 103 296 128
-97 186 173 7 241 71 -94 -98
283 77 243 477 7 379 324 168
-29 65 -4 50 -30 -6 73 275
-42 109 357 343 190 402 252 237
405 168 241 88 188 396 328 -85
144 281 69 259 32 353 232 171
322 155 -11 -25 174 313 155 -28
125 -53 -56 165 52 234 -159 -88
304 -48 181 195 366 -9 268 -10
172 -119 210 346 98 -129 347 93
389 145 77 310 112 85 182 305
174 450 94 285 65 309 468 72
244 -25 47 -56 140 -102 158 128
235 -102 -191 -189 -208 -145 254 -103
210 -76 171 138 0 71 296 88
1 291 36 -106 -61 126 55 245
283 324 288 465 379 414 133 410
225 331 242 212 -7 74 296 267
-165 116 195 153 43 183 -186 -149
-24 332 361 170 340 120 59 376
127 118 -104 49 21 284 115 80
231 -49 -131 89 -159 178 226 -189
213 234 -102 -233 -187 -144 106 -207
323 195 467 267 467 263 150 490
33 252 207 401 61 210 130 425
452 142 156 127 210 -15 243 171
238 22 -61 142 102 -44 237 167
371 239 -20 -22 113 139 100 0
300 336 100 344 365 157 37 436
146 72 312 -111 302 312 140 28
215 84 52 182 222 197 32 -29
145 304 0 62 48 409 180 107
3 364 329 64 45 290 324 283
-52 240 54 27 208 119 -105 33
11 48 245 211 162 304 225 185
-14 -130 -140 229 -135 183 151 -65
300 18 397 356 337 109 203 276
167 62 270 431 398 381 218 277
-80 -141 321 144 153 191 258 -97
20 -81 353 37 201 -13 354 -5
252 362 96 148 209 326 202 81
198 -129 -104 -92 45 -71 -92 -186
337 180 116 -103 -34 325 212 18
-212 -74 235 -5 -134 90 -108 -160
98 -110 153 -158 191 67 110 -191
-39 -199 85 218 72 83 -111 -21
283 -51 -175 -160 128 -163 239 197
378 71 421 217 351 80 420 75
161 124 113 -160 271 -25 57 147
251 31 265 184 70 18 356 158
-181 -166 187 139 158 -4 24 72
1 -67 179 269 241 43 -62 46
277 -42 -166 67 -120 -72 47 278
-5 -59 195 376 391 244 48 154
-69 96 -28 128 226 -73 -80 123
218 214 35 29 -23 194 181 -106
123 -160 -119 162 317 -161 -160 13
-17 206 128 -210 46 159 -73 -193
169 -119 317 169 35 -68 254 -81
163 80 118 106 102 35 257 157
82 122 280 53 263 -60 208 297
238 175 272 449 20 474 262 240
64 222 92 101 40 -11 130 240
-102 169 206 -23 -21 53 158 203
4 110 299 6 -62 -187 56 121
204 -162 187 38 252 -110 -161 -92
110 -49 404 250 89 80 329 -41
35 -141 -16 135 19 177 -40 -223
219 408 11 95 128 421 192 299
-73 319 24 88 -101 75 274 125
50 197 380 389 304 37 104 291
109 81 214 357 65 382 122 68
434 253 220 150 362 125 372 258
-53 89 303 174 103 316 -88 34
242 -145 -103 -123 273 -48 -127 -160
60 191 -153 -206 -138 -129 239 -122
50 -38 341 419 422 10 64 389
234 -30 -248 -30 43 -83 236 72
150 84 -201 -145 234 -48 -165 295
73 396 177 68 9 268 432 328
255 148 454 220 414 218 299 -22
394 437 34 206 428 -47 256 382
239 365 367 0 421 86 193 148
16 -204 258 136 -177 -166 248 73
-187 84 35 -212 20 14 -23 -174
-47 59 395 415 287 60 -10 132
98 173 294 25 21 -14 202 279
189 233 -200 -56 215 -196 141 227
-105 33 169 -50 332 71 76 -79
333 216 251 355 298 101 320 330
189 22 -49 11 270 -96 -119 206
347 156 -10 -97 106 282 50 -132
218 -22 52 150 6 11 157 212
-4 283 278 -134 203 248 152 44
72 92 354 271 214 393 306 196
352 25 172 46 229 40 -32 -67
167 237 348 471 288 379 73 142
385 -65 42 208 -81 -48 223 97
-90 -123 -109 152 -35 249 -100 -72
425 224 133 293 271 400 90 153
-135 -42 101 38 82 0 74 177
254 231 116 318 -18 127 241 283
173 184 441 324 247 -31 139 427
181 164 -144 -172 72 188 31 -149
153 -75 80 361 62 -4 399 232
209 118 -50 245 -123 -67 216 256
283 186 116 240 2 186 388 357
33 170 376 168 62 -65 295 215
160 290 172 99 348 92 17 369
305 143 33 63 235 120 289 311
-75 -61 286 235 64 205 181 33
-26 211 154 289 3 188 133 310
-32 -135 113 150 35 -4 -232 91
345 64 -32 140 58 1 155 443
64 464 421 85 146 -14 267 342
-112 352 384 -108 333 175 318 -86
115 151 -189 -224 256 -148 -190 164
153 -80 -211 -30 201 -40 -143 -141
250 255 -9 -70 110 194 126 -23
229 6 -132 -199 64 -211 -199 -102
-12 333 273 -33 227 229 139 85
344 236 -132 -90 258 210 191 -20
361 305 -61 9 294 71 -32 82
455 10 248 72 337 21 380 374
425 302 284 -2 136 205 407 158
62 61 375 103 352 159 349 10
362 138 -118 62 319 -109 -75 301
318 331 5 120 -20 -67 182 265
38 247 -149 -83 215 -137 -137 21
-73 179 221 -46 -130 158 200 149
194 -154 250 58 3 287 302 -128
75 148 303 91 241 335 227 5
17 -26 175 257 159 67 -45 60
202 -16 267 276 -79 325 247 -31
295 -97 177 296 324 159 -108 -29
-9 267 203 4 217 100 -50 88
298 52 96 31 171 -21 277 313
-113 -31 53 114 -60 -98 -98 -1
192 434 408 293 300 413 101 305
154 192 398 197 151 26 177 233
89 -123 253 -7 226 -106 -166 -111
-27 339 239 114 19 158 386 287
457 288 -38 222 303 208 307 447
145 91 42 312 -41 205 232 426
335 143 183 -35 361 -16 4 116
-102 79 246 287 237 223 52 316
285 66 -59 173 251 -204 218 279
186 -118 121 106 -35 -1 163 17
114 181 260 428 57 453 448 180
354 326 351 96 251 333 420 202
-11 85 -46 -154 -152 -205 159 -14
-89 146 169 60 -21 206 -106 -102
336 29 144 215 270 216 8 14
160 -220 -150 11 -229 -227 233 236
201 279 149 -201 -95 108 158 -194
13 5 -40 231 -114 145 225 201
386 352 79 57 -61 44 217 128
282 -198 215 114 234 38 -60 -49
-49 105 7 -120 -59 -61 72 -33
129 232 -19 107 390 -59 -98 338
61 73 314 -55 203 52 -49 25
39 221 -196 -16 -150 146 88 -218
440 396 38 46 140 182 296 59
-126 287 60 269 -72 286 20 131
269 20 325 265 384 50 56 262
-69 297 330 85 113 236 -129 -144
-154 70 159 216 -160 127 41 -85
163 155 288 36 352 51 160 44
-116 131 281 211 39 238 -109 -38
4 63 -28 309 111 177 -93 173
230 165 246 362 371 239 99 126
147 -99 -104 341 29 -4 147 107
-100 164 -16 262 -158 -144 -61 225
200 -115 256 338 -121 222 331 210
148 409 139 212 13 305 296 129
256 233 -54 214 -60 193 103 292
184 415 -38 1 266 315 -5 364
409 400 -1 121 246 84 64 305
299 -158 -100 330 58 283 -84 192
355 307 251 -6 247 53 395 6
112 -146 -134 130 148 29 67 -129
336 87 17 216 81 107 315 138
149 -9 218 243 253 157 -66 168
424 321 187 314 264 305 325 469
-54 284 -143 -121 -97 217 52 -8
11 328 306 330 188 343 -81 227
-101 137 338 195 157 -82 156 303
66 -93 85 291 71 99 184 -141
158 141 142 14 16 293 267 -9
-7 215 227 140 123 194 -186 160
-11 -201 81 213 183 -96 -151 -39
-51 82 92 -35 -39 81 -63 -150
21 -53 91 185 67 20 -89 -9
129 -86 72 -56 281 263 55 -127
118 453 -2 73 45 484 195 415
-57 24 110 59 105 41 23 273
364 348 13 58 -63 204 287 -63
52 352 78 -43 362 315 29 -44
183 -69 -94 152 -155 -124 143 163
142 -131 -85 -105 206 -49 105 -177
209 120 291 299 368 286 51 326
128 200 377 -62 315 -78 382 162
269 283 287 -47 187 293 348 102
190 3 47 211 4 -107 234 210
-162 283 57 -82 -113 5 9 259
48 71 -95 16 39 9 1 237
-178 -97 215 -104 -53 -120 -124 293
-119 -99 201 284 -37 -6 -113 130
49 483 460 -4 257 349 222 79
-18 -110 291 243 35 62 56 -85
297 -26 264 348 -18 25 333 171
-48 162 276 -129 46 47 171 113
352 46 46 216 -61 -18 282 373
32 50 172 238 75 137 214 -122
270 -33 213 217 -143 -50 250 133
174 -82 115 34 275 61 -192 -172
364 321 -57 -8 311 -46 -45 216
373 459 246 255 136 353 404 229
318 27 127 360 184 284 -22 -90
-121 -153 15 9 -127 -43 180 4
316 187 -62 115 41 319 51 11
17 -202 -5 48 205 92 -87 -201
73 306 285 23 132 -55 390 411
16 -42 -12 87 -101 74 132 -19
99 195 160 62 266 322 91 187
296 259 -102 131 134 253 -30 141
233 -24 -95 216 18 67 321 93
279 156 376 316 368 219 277 365
147 264 -144 223 -36 273 28 75
-5 -12 -86 -22 -66 -41 136 143
340 127 381 23 96 145 455 39
31 123 177 174 124 -42 81 188
17 299 358 159 315 273 -38 128
245 11 115 395 259 357 -23 196
28 -131 316 168 -63 3 309 -60
-23 250 -9 -46 257 246 -55 23
101 60 139 335 355 -5 20 249
-38 -130 209 298 -109 -89 338 70
-5 204 -107 85 -22 199 80 -48
-13 -163 -36 73 -145 -91 32 -113
105 -37 353 435 79 448 187 112
-38 2 354 383 396 57 -61 44
200 134 -64 -56 -139 119 45 -176
345 -102 176 321 345 212 309 -17
240 261 111 328 250 298 -8 352
-15 35 315 395 373 382 -11 432
119 -62 437 177 301 77 284 45
28 -210 228 238 36 200 206 166
20 -102 -112 8 49 199 -135 -81
147 17 -9 297 240 289 78 -54
94 160 228 134 -1 321 233 -26
176 -39 -121 64 -127 -67 94 222
-120 240 317 -79 -93 329 -129 23
204 124 200 314 395 88 98 178
92 107 352 360 408 50 216 306
317 225 160 335 244 -11 312 261
298 49 365 236 47 192 344 98
353 291 193 272 200 144 380 327
175 -2 -78 152 129 -195 86 267
1 372 338 74 -45 25 339 276
-20 77 162 133 -16 49 148 181
187 189 252 -72 280 157 -140 58
319 165 293 415 419 119 198 318
-16 375 179 -54 399 122 47 80
360 305 294 168 331 162 335 306
238 226 -57 145 239 259 163 9
149 -65 157 350 189 322 -9 197
134 -36 -136 94 -194 -234 51 142
415 296 60 289 341 394 282 113
73 28 118 337 26 110 370 -2
44 127 128 -137 289 103 -16 -3
145 350 84 179 128 342 247 373
163 -115 -197 -123 81 -139 66 -97
-40 219 -66 126 183 26 -196 180
88 -199 4 -73 30 -215 -25 161
-24 -26 324 117 388 -30 72 121
100 178 62 107 -126 129 278 208
262 70 101 272 175 14 281 279
20 141 238 -154 218 171 -64 -64
276 259 424 74 419 81 3 260
100 233 352 380 281 438 389 285
63 288 200 19 122 -50 326 193
116 161 185 47 66 -94 182 168
7 -29 160 -82 182 -188 58 137
350 317 -16 187 25 -40 -36 342
209 364 28 103 161 305 134 92
-13 -45 30 258 136 120 -37 119
245 197 -91 -74 245 165 -45 113
-118 33 168 30 -200 230 21 -44
-145 -134 150 155 -180 137 21 -195
30 -133 273 301 -72 52 153 -121
-44 -1 -45 215 -165 238 98 42
357 -50 -30 431 -34 324 339 71
3 79 333 89 115 -13 283 102
97 -2 98 192 160 19 -60 314
65 148 437 391 389 253 76 274
216 98 271 189 165 39 311 238
380 119 253 370 320 340 270 268
339 -78 110 274 276 228 -70 -26
-33 331 252 -68 198 -24 418 348
200 78 214 335 455 82 171 250
191 83 217 277 279 74 -195 139
254 170 159 -13 345 3 226 186
149 -106 235 18 224 -107 -69 242
183 377 76 -105 229 46 100 81
123 -49 -84 226 324 302 -95 41
206 14 274 366 199 42 250 -23
220 289 441 249 403 337 281 107
311 137 129 407 40 283 411 186
180 2 190 390 114 2 367 184
333 365 275 132 356 366 211 247
110 74 339 283 190 216 287 105
-79 -162 175 -1 -116 223 138 -213
-46 -16 78 196 14 122 -25 -92
164 86 -77 156 82 -37 42 223
-219 -83 103 237 126 215 -180 137
-131 -23 -160 -223 -44 204 -145 -115
-15 156 303 26 70 374 277 -1
51 -64 248 128 82 302 297 -170
-174 -64 106 78 -170 -129 -41 110
-66 -32 58 280 31 205 -5 330
359 109 166 339 330 204 -33 115
231 121 -15 380 217 380 169 -58
262 168 386 127 402 376 220 -8
-40 198 383 189 433 411 95 70
102 -91 -59 -16 281 59 10 -56
210 305 335 44 133 -28 332 103
-35 244 410 170 -3 -10 213 232
47 126 307 36 195 60 -4 256
381 454 346 81 464 184 106 102
108 29 -189 143 -78 110 -38 -10
-112 -133 269 42 -181 -128 236 10
285 327 326 9 362 122 71 351
168 -1 436 488 242 320 368 344
-60 -87 -10 313 185 263 -123 -50
181 174 282 328 289 263 230 461
144 332 94 164 -143 148 251 202
-38 193 212 -109 280 -49 11 -96
114 -21 257 -4 192 -22 216 244
353 12 344 308 147 246 397 279
303 163 -8 393 30 426 20 177
-87 236 264 127 -14 -42 126 170
-92 -119 177 222 -94 102 116 -41
-74 104 152 34 31 39 287 273
-211 167 226 -223 77 -218 202 229
94 332 220 59 255 286 128 129
145 249 -7 177 -86 320 355 -19
-153 -84 31 209 -140 73 240 205
-97 254 -175 -179 -138 70 10 188
165 -59 -74 146 -50 284 57 0
-159 -122 76 17 205 -202 -114 26
284 488 95 142 65 357 302 469
116 -171 -226 231 -168 -187 186 48
16 -111 102 220 159 64 -123 -45
342 358 62 223 422 329 241 337
324 391 246 451 383 453 68 206
282 -11 49 303 341 142 240 -32
142 219 255 -152 -10 171 255 102
-64 42 27 248 -218 50 -20 101
-79 49 135 -159 -128 243 49 -164
349 28 382 155 178 378 395 129
18 -30 295 308 382 211 -62 292
-50 64 114 247 -92 269 -44 54
64 -92 179 194 91 -47 136 101
-82 211 37 106 -9 59 57 310
-187 -82 156 6 -68 269 -184 -133
-175 224 -9 -142 90 188 -133 -143
36 -18 -55 216 -87 77 168 155
423 384 175 359 15 476 429 245
17 -174 14 259 -109 -1 110 134
-121 251 66 222 -128 276 -41 143
350 357 215 223 380 338 97 405
238 -72 88 -199 -151 97 207 -223
296 182 169 263 159 131 306 219
-226 -40 170 207 250 -90 -164 156
-138 149 186 297 268 7 -133 332
27 118 220 -3 307 8 -155 52
138 204 449 448 489 312 58 434
36 -39 141 305 206 -101 -37 172
13 278 3 92 214 92 -7 166
144 53 368 377 219 252 394 78
248 246 71 12 200 -93 53 43
100 -122 187 252 259 81 -119 -79
23 71 262 -50 -81 87 205 22
-57 2 136 191 167 -55 -125 161
64 39 318 270 264 144 -83 66
27 168 301 90 152 134 -40 -22
313 90 39 35 42 226 164 7
227 39 332 213 171 377 399 -60
217 207 282 26 110 -30 303 322
232 -106 -119 236 112 97 101 19
375 42 -64 82 -44 210 213 -66
59 211 276 275 22 78 235 359
-125 327 268 -121 152 -146 44 316
54 224 -216 -93 250 -31 -185 109
-98 70 296 -80 -18 -21 162 301
451 436 194 127 362 63 214 285
342 491 44 325 69 347 408 149
-166 311 224 -22 65 208 -73 12
-59 -31 -9 260 -82 248 -19 154
-162 332 280 -109 325 219 -23 180
-92 146 266 -184 -28 68 -93 211
286 128 -14 97 118 -132 167 124
194 176 -14 194 117 307 151 138
22 97 250 337 220 345 84 82
254 95 -2 82 -7 100 207 -203
189 -32 245 -166 264 -132 -125 -80
302 -47 135 -73 347 -109 -127 343
194 -30 86 234 323 180 105 60
389 42 -12 406 272 401 62 318
303 -102 -141 89 -170 140 224 -84
68 277 213 93 397 264 -70 222
451 59 361 455 90 376 419 260
-57 200 14 -18 -45 118 236 65
269 102 91 -25 132 130 245 35
-196 50 203 24 268 258 94 -144
294 394 172 105 399 229 32 208
99 406 270 137 -57 202 375 405
264 -30 -37 349 40 10 150 152
317 335 446 266 385 328 382 138
229 321 333 122 106 331 356 180
-138 182 186 171 -96 203 133 -61
277 -95 -119 206 6 -87 342 83
216 -135 -61 196 215 231 -22 -43
405 390 -78 36 267 332 164 18
102 95 409 418 236 173 103 426
162 211 218 354 370 -61 74 399
113 26 403 76 252 0 -11 99
6 328 -9 -67 108 154 -20 219
348 326 55 185 448 340 174 247
323 292 279 44 42 237 296 127
-74 -18 244 265 -2 147 11 53
89 29 -139 188 -208 -177 -34 221
399 46 229 322 63 408 370 214
126 117 -62 -14 54 -48 -75 152
-31 -115 -104 71 9 298 -73 -112
-108 -30 160 -30 24 -177 -92 -4
-22 412 116 0 74 6 296 164
259 -36 -43 88 355 28 86 -20
230 297 7 115 235 234 -16 310
-32 -123 67 70 13 -98 33 205
-108 -70 133 356 -96 -34 160 123
282 49 -37 314 138 -49 102 232
168 -182 68 194 182 109 159 -169
168 222 13 15 393 132 -16 139
326 412 121 425 131 64 122 450
287 225 145 358 359 328 -11 -14
-102 28 21 99 -67 109 52 43
371 412 56 392 324 453 266 1
115 -12 345 451 -5 486 368 61
112 155 247 456 40 229 311 268
148 -42 89 161 214 197 21 -77
-15 71 4 -129 325 228 -26 -46
-39 76 -16 -36 -58 -91 -20 140
96 215 248 477 114 431 438 252
-98 29 296 221 -102 118 279 165
91 -87 197 75 -97 56 96 -89
102 -23 152 141 321 220 15 -41
-214 -6 10 86 -7 63 -104 120
-58 258 -214 -104 59 107 -147 121
26 177 253 153 -48 242 176 88
164 265 63 152 133 101 8 214
290 -128 249 191 317 6 -111 270
110 96 -185 -226 -148 -33 180 -129
62 130 389 325 -6 207 214 74
232 193 -170 271 169 208 -21 -63
-155 134 190 -44 -135 61 240 55
413 200 490 266 442 236 368 142
-158 287 131 78 -129 194 187 186
13 284 176 244 100 97 5 341
201 114 -34 135 312 300 85 102
169 215 -149 96 3 154 -16 75
-49 165 332 -68 151 -153 239 257
350 34 -49 -119 289 -59 -123 -8
-41 -49 -84 133 -75 75 107 121
74 -53 -87 106 -48 164 -149 -177
336 41 -11 201 12 42 295 158
116 125 -104 273 68 178 -83 -56
-42 279 302 217 -62 96 328 268
-146 200 229 198 -215 171 116 254
382 -6 98 212 252 137 149 36
20 140 330 359 332 223 170 247
111 -199 147 220 205 252 47 114
395 187 142 238 239 323 65 19
291 423 279 11 159 102 335 221
246 28 -56 226 152 7 296 178
377 191 11 115 137 423 253 -49
50 311 213 137 12 380 273 50
-35 277 -132 38 -165 126 44 50
412 63 243 241 327 159 96 75
158 238 206 412 402 188 108 299
-3 241 133 103 108 -45 155 279
50 -26 329 286 93 191 347 197
119 -191 120 198 264 103 13 -61
254 487 217 21 30 126 405 210
-127 -47 82 -194 62 -184 96 57
315 193 -49 226 209 378 23 28
80 153 400 361 129 248 360 111
369 162 -51 232 192 27 368 232
108 81 423 276 17 450 317 161
170 167 -33 -13 3 189 107 -70
138 438 248 62 398 412 22 -36
297 227 -38 260 216 407 244 39
55 405 275 140 234 6 219 436
120 25 247 28 289 -119 -32 292
322 270 32 127 124 92 166 237
279 200 293 -59 19 310 343 -30
237 -103 -102 302 210 136 47 18
-95 113 98 9 94 334 -19 -67
-64 112 136 -144 221 8 -59 4
53 61 40 250 -125 229 140 224
406 412 105 221 134 249 11 57
276 49 184 388 9 247 317 198
154 194 -57 23 18 -75 -64 240
158 -46 124 247 204 -14 -167 171
201 261 346 -10 335 266 -37 210
12 34 256 -50 -34 -29 208 301
420 49 81 395 273 387 213 -39
48 1 45 271 117 254 25 -44
53 -154 12 37 32 16 -134 36
305 198 45 110 175 406 340 127
33 175 12 -78 22 73 204 -67
223 -73 -164 77 93 216 227 -97
-28 116 338 -60 223 -62 411 31
0 -42 358 33 168 226 251 -72
33 66 -79 337 14 114 -101 319
96 -130 165 212 188 117 23 134
-53 160 123 -75 26 -15 300 311
292 -76 195 283 209 339 232 -55
-169 122 214 130 -180 176 131 -60
52 -34 158 -97 264 -131 -140 46
17 -132 357 196 -114 234 192 -124
377 83 -86 307 216 410 390 -62
267 414 14 397 256 419 407 147
147 454 105 283 331 262 102 298
165 -46 241 -24 -23 70 272 -55
390 403 113 14 173 170 382 209
39 251 -95 210 -64 293 -75 72
-71 323 302 -83 -120 266 105 217
217 -110 -70 -193 150 -212 -71 271
171 97 157 -65 235 87 -46 53
-179 235 162 41 -137 -78 23 239
240 390 121 -1 453 75 106 0
-118 -131 172 278 270 -77 -66 268
-147 299 -39 -8 -138 187 135 -54
93 379 276 36 297 167 121 196
177 241 447 290 270 294 425 151
211 35 -57 253 255 210 33 -27
-10 193 -136 -92 237 -68 -184 -63
57 -73 -94 -95 -187 13 131 -167
145 185 228 -78 -107 361 364 -74
100 -29 152 -203 235 -111 -157 -6
-11 35 62 -211 240 -75 -188 75
201 0 152 220 76 86 180 195
267 96 -185 44 -74 150 206 -164
279 388 265 121 -54 145 324 387
310 30 58 70 302 317 65 -18
-6 -77 281 287 198 205 234 182
-114 272 147 37 143 -57 -3 228
377 349 159 330 306 381 267 -23
260 88 -97 -91 -66 115 84 -70
-34 -77 136 145 126 -183 90 217
155 5 245 185 97 82 424 171
-96 -98 192 136 -92 230 141 53
211 419 319 -61 347 270 229 320
-119 -81 147 288 -126 256 284 124
295 181 61 304 82 250 371 157
-108 364 320 204 -54 204 213 389
242 305 329 136 55 145 363 376
314 -40 82 187 285 67 -65 126
98 -53 -31 59 394 33 -41 -40
-4 80 178 70 -21 164 187 12
121 -180 -162 248 -206 66 -53 189
56 439 404 15 325 175 30 237
56 273 219 -87 388 49 -101 277
26 -112 -34 79 -49 -171 265 149
265 -144 -97 205 311 -72 -10 -136
-48 104 272 136 180 277 34 94
-142 94 285 180 302 -101 -2 143
73 -173 -167 -79 -61 -87 -86 -158
370 363 90 102 135 350 350 310
51 -75 246 26 -203 113 240 -138
122 176 319 -4 -60 265 323 17
-7 289 301 206 325 165 128 267
291 -75 -113 176 -14 225 144 -36
-187 91 212 -107 69 -171 -70 228
260 210 78 183 112 142 213 332
-51 170 286 102 36 348 331 35
-40 -61 123 343 51 187 162 39
18 328 440 401 190 282 401 464
49 248 70 383 59 313 96 76
74 152 374 235 188 346 139 -40
305 302 239 143 372 294 -60 274
151 400 333 98 141 84 292 389
394 350 30 223 60 351 390 331
-15 254 319 -5 119 213 206 -88
277 347 194 1 -28 37 442 164
16 -4 361 405 -1 304 421 413
246 299 -131 -44 -28 240 63 76
287 -8 -16 40 131 -119 289 241
-101 96 162 -48 -4 -78 -34 84
-53 -140 150 304 -39 -7 254 -15
263 346 47 43 25 333 138 107
-9 -20 115 184 28 183 152 -70
-4 38 307 413 254 154 35 254
-4 445 330 172 0 433 8 443
37 240 182 -148 -30 165 164 8
411 227 310 315 23 379 352 288
394 210 151 404 -69 346 382 402
-142 20 156 100 -117 -90 239 189
-222 38 99 -43 39 -65 2 76
134 -18 241 -18 161 189 166 -129
466 463 44 334 34 425 144 228
344 461 271 -10 78 111 400 100
117 -52 -109 44 278 118 -9 -66
263 -14 253 312 202 349 355 137
120 -159 46 116 -120 324 173 -106
401 135 38 204 396 357 256 -86
-174 -52 107 -22 -153 187 214 -163
34 135 268 382 179 -20 -78 395
35 269 412 22 115 438 181 35
134 -64 -141 86 201 188 2 -104
80 -66 219 -35 103 9 230 -106
271 175 -193 -162 -65 -170 65 142
11 -30 332 279 164 329 317 -111
80 142 371 96 278 151 -35 -34
66 -150 -149 -34 -135 -83 236 73
-11 -185 -30 79 31 45 -175 -176
140 99 -138 -185 4 256 102 -117
151 295 337 256 254 289 354 187
380 333 238 108 369 192 216 109
55 174 271 7 206 101 109 -125
83 48 347 284 281 243 418 4
208 255 -52 307 -66 117 -21 420
193 69 295 186 324 34 -69 271
198 232 -39 -120 29 80 150 -110
404 333 121 186 224 116 103 221
53 416 135 282 56 450 153 177
30 315 326 357 10 237 79 396
-63 234 -118 -179 -1 99 -219 -113
119 378 41 60 453 62 71 197
349 346 48 160 78 48 71 270
51 -34 -101 98 -49 51 -5 137
-106 -158 224 157 -140 -28 150 -101
367 -71 51 205 145 295 -11 52
166 288 281 162 134 159 289 188
214 162 52 -67 264 132 -115 -3
-85 188 -109 -70 -29 164 -198 -41
-188 227 44 -103 -78 180 -30 -47
208 119 274 427 471 13 141 179
233 99 378 423 272 374 412 57
-88 -176 -121 249 -171 -138 -51 -117
6 65 -175 278 -165 -8 -141 316
27 16 -79 192 38 256 -9 -87
-93 -173 151 -4 -41 227 200 -169
-59 -83 268 192 39 289 191 -12
199 32 270 285 -45 -43 207 38
258 19 73 108 27 70 189 144
-37 377 -75 -44 -39 293 -106 -18
131 354 421 110 290 173 393 219
46 184 328 -40 -8 -22 81 303
422 78 411 437 438 285 67 146
172 398 115 86 4 99 276 368
82 76 272 -83 304 51 -132 -155
89 367 323 154 398 150 54 197
2 331 245 103 -134 -67 72 296
133 292 413 421 292 418 436 135
349 -27 112 269 128 118 159 218
261 336 74 412 255 361 148 308
-79 221 336 218 -9 -108 -91 307
133 231 -113 -29 115 235 259 18
220 212 384 253 353 279 20 -40
442 466 224 256 422 231 61 384
294 -49 335 224 331 0 307 305
236 208 337 81 423 124 31 277
203 64 339 248 418 194 250 279
427 386 153 342 150 155 205 410
325 205 122 123 197 98 389 310
-68 372 14 -62 -76 57 302 370
-24 125 -143 195 48 -45 -91 208
-145 75 115 48 -85 -161 137 259
124 -36 180 241 152 -72 -100 316
171 96 50 469 14 149 441 198
229 251 42 298 333 301 -95 170
98 112 258 1 30 -8 233 111
149 271 334 274 392 189 37 385
138 -16 149 339 -11 317 420 115
-66 189 417 166 368 349 379 96
206 132 4 -136 26 13 287 25
319 129 150 190 419 5 86 253
138 -21 -42 192 46 170 -7 -30
350 274 353 -8 2 110 435 225
81 -118 -50 317 48 -76 309 -53
255 -146 93 -80 147 -139 235 239
6 187 4 -31 -132 59 93 142
138 236 15 -23 111 170 -28 -55
21 22 86 -133 -24 -11 301 104
-110 -172 263 155 313 5 66 -6
418 72 77 320 219 444 259 170
44 -125 49 200 -51 -159 187 177
366 18 -92 -105 -86 -70 364 -115
-179 134 -100 -172 258 -149 -177 -47
163 -46 265 250 191 92 364 115
265 354 68 137 312 27 254 397
-120 105 192 -137 8 -129 -74 333
-148 170 299 125 177 -30 257 264
-49 223 153 1 255 107 -140 115
141 466 307 109 291 162 118 91
-2 59 287 133 334 -8 -41 315
244 177 322 97 337 244 34 -37
-45 -23 240 363 215 37 -92 209
158 -77 -17 239 200 188 -100 146
44 32 365 285 316 193 287 330
2 76 303 106 -163 -112 212 289
-79 -45 305 291 -17 256 282 129
90 269 246 341 35 4 256 394
435 306 16 325 344 79 188 422
-38 239 107 -163 -103 -151 33 292
-63 162 216 -188 212 -144 108 -182
93 150 340 203 406 127 292 199
291 323 312 178 409 -38 255 332
373 347 252 -75 308 -46 -43 89
409 210 207 87 256 463 203 -2
-10 31 246 -91 93 -54 354 254
452 82 22 44 66 -22 276 258
-40 -46 250 175 135 -103 -135 170
-85 112 90 258 -8 347 -33 -58
150 299 -36 297 95 207 117 349
331 108 -58 59 346 -74 249 339
271 -164 -174 224 -41 -158 90 217
-77 178 -14 -134 -74 40 55 108
157 -164 235 231 266 148 -89 50
49 174 369 184 151 368 162 32
310 -17 276 239 289 196 80 276
9 63 83 175 345 350 7 88
328 281 357 227 209 5 399 394
110 51 -237 61 -56 120 -45 -210
141 116 5 -90 183 -1 25 69
219 67 -121 -69 94 35 -189 -155
290 39 385 129 420 93 57 70
247 -94 21 368 91 -32 227 351
91 80 279 98 150 216 153 37
102 105 -35 213 -118 177 205 144
324 74 54 62 279 340 242 -66
432 396 49 206 224 158 238 400
248 -20 137 303 163 258 -66 14
294 436 -3 280 31 454 397 379
126 206 -241 -210 -80 -6 180 99
-95 -238 238 -50 76 248 125 -200
43 330 291 49 114 -29 307 355
169 277 99 -193 80 157 168 204
-157 -125 143 -48 187 -153 -26 -45
134 148 -191 29 -156 205 97 26
224 315 33 -52 2 416 224 174
86 205 202 42 428 253 12 24
-157 82 182 101 136 217 88 -137
-132 -113 208 235 278 73 -37 60
-64 -192 55 168 -196 186 71 40
