1000
289 326 -100 154 384 70 -60 258
98 -4 204 146 230 18 42 400
366 -30 67 251 235 132 105 -17
40 -157 -168 -76 42 -188 -90 152
311 -132 -157 32 -56 -47 279 273
268 68 9 199 82 107 195 353
122 361 303 113 94 226 445 240
274 61 134 313 -17 146 455 296
346 330 214 226 218 271 300 98
464 66 66 360 22 291 339 264
-91 -21 105 258 197 255 -44 201
-134 -4 57 170 61 128 -80 148
83 63 58 269 17 12 142 261
181 -141 185 148 -47 -125 251 -69
-15 249 55 125 106 179 -7 109
95 241 -47 78 340 142 -107 288
333 142 217 -77 315 -97 238 153
233 86 156 -149 225 -22 -12 174
11 89 393 292 345 32 72 360
-85 244 -126 -46 -188 -48 139 30
140 151 142 367 6 359 450 -15
290 290 -80 47 307 147 106 206
-96 170 -13 31 -49 252 -97 -181
152 -81 -122 144 -15 6 11 76
156 -90 -64 375 -6 157 369 265
198 23 35 373 159 28 415 52
118 321 360 205 374 330 55 81
70 -33 47 246 294 166 -106 14
247 45 157 323 346 92 83 96
-19 -43 -38 138 158 216 -48 -14
-95 209 -158 21 -106 272 -76 72
287 170 280 132 416 63 63 343
-81 259 312 226 210 307 -104 -2
-232 -150 52 31 -118 192 39 -90
146 252 289 -68 306 -62 -82 198
-46 163 177 4 -93 -116 53 127
45 -45 394 254 407 -17 -55 31
342 128 248 18 230 -13 373 182
270 423 31 219 244 228 245 439
308 384 10 2 -7 108 306 56
-64 303 201 200 214 -70 127 278
-100 -26 183 -43 90 76 162 -164
194 164 132 47 -37 462 214 54
-80 50 293 36 -82 -156 318 288
150 -67 -55 274 201 102 49 80
-54 141 -2 -161 198 266 -146 -58
221 341 2 326 36 337 328 25
-184 -96 90 88 251 -55 -79 3
349 87 -42 19 -66 58 408 -39
-117 -40 150 102 -182 141 224 -13
395 66 237 339 462 210 -18 162
17 220 108 294 -183 197 185 261
50 434 291 96 -36 179 126 374
309 177 122 -74 55 227 264 -107
-14 -52 346 282 104 199 398 48
266 220 -48 311 1 77 313 251
-129 301 197 -106 263 46 61 -63
223 346 104 112 337 108 66 352
231 82 63 -142 232 81 -113 253
-39 -44 -185 67 -88 15 -169 -33
-179 -113 -89 8 -186 -165 -143 -24
294 100 -83 178 -57 -14 90 400
147 6 71 -29 172 -139 124 131
242 -3 -155 125 67 -166 200 240
347 303 190 -44 337 301 352 -18
349 62 -53 406 156 -41 227 433
-35 -50 198 387 307 51 -28 203
193 -130 -58 276 -77 0 140 271
313 334 -53 43 205 214 -37 341
-75 -155 275 273 138 86 226 290
273 352 138 356 414 331 96 364
-79 228 358 -31 -81 114 243 49
20 3 253 9 173 -135 276 226
217 154 -57 11 49 114 64 -59
75 25 289 358 72 130 374 366
27 133 -23 -193 121 50 -14 108
216 173 109 379 63 -19 336 425
92 220 198 154 112 216 220 96
227 287 -13 -5 60 164 302 287
360 -14 14 282 271 379 -7 125
81 179 462 390 421 2 403 453
136 -7 -186 168 236 151 -151 -203
117 292 142 51 269 -139 77 327
-109 87 170 139 153 -23 -17 290
-89 55 -114 241 -170 -159 -18 254
186 182 -27 250 -16 260 192 -12
106 177 184 100 400 -10 147 136
-219 -191 36 123 -125 134 260 39
30 270 396 33 -26 434 329 44
81 -165 226 -36 180 -87 -155 -158
-195 228 174 70 205 124 143 44
-66 177 187 -61 15 -152 139 277
16 172 199 -101 -147 -27 264 40
264 94 -200 154 -185 201 27 19
203 202 344 221 373 19 298 424
290 84 369 190 275 313 316 -44
260 89 188 -10 329 288 231 15
213 168 198 316 -93 341 346 165
210 235 74 148 93 269 120 -24
132 -108 -80 137 -165 21 134 225
190 371 27 -95 45 86 180 -11
219 -76 341 253 374 23 330 298
325 196 201 219 288 403 243 -9
208 -14 96 303 63 123 184 148
119 -111 -64 -60 -42 -174 14 35
56 56 243 107 27 322 224 2
-114 316 312 -30 91 43 118 201
285 -39 61 194 243 109 -69 -134
258 -74 -140 269 -130 -21 -29 308
-179 120 240 40 203 132 167 -176
58 234 115 -148 233 61 24 125
458 83 110 48 363 44 143 308
-5 -17 320 387 -35 111 322 118
-38 -134 128 124 129 55 111 185
271 245 317 402 457 354 137 215
243 56 149 361 41 31 254 387
321 -148 -119 223 -112 194 310 214
144 -137 -59 269 -152 216 169 -99
129 188 366 60 293 274 193 129
86 -145 172 -47 -43 142 135 -133
-30 106 343 245 172 -13 175 280
128 279 -79 -49 326 155 -120 183
-97 -112 -61 -181 212 162 -80 -191
-54 202 233 330 81 352 207 -76
329 191 382 487 436 341 123 286
192 107 -83 -25 13 -66 -47 107
243 245 -50 -156 -99 83 -5 -165
312 203 97 39 242 69 298 342
-138 327 198 202 145 -89 101 276
-205 210 95 -147 248 187 -185 -6
-65 192 -144 -14 -146 118 -6 88
90 -31 318 336 57 137 299 27
12 68 290 439 415 192 123 355
358 -93 253 296 205 357 361 62
45 103 40 247 54 173 -1 188
158 196 354 332 313 56 111 252
-48 38 151 57 272 -32 -50 158
419 161 94 177 121 -70 161 269
42 110 -97 -238 96 -192 -92 108
268 363 333 128 114 -52 327 227
18 0 -145 256 -164 173 179 174
-108 125 177 263 314 -45 14 298
259 -82 -208 263 -139 85 -19 211
-5 129 146 -96 -57 101 146 -91
-242 230 -11 -24 15 63 -129 -105
62 11 189 159 -177 -67 190 105
47 273 -85 160 -83 162 -106 -4
235 364 45 -6 52 346 325 128
176 260 223 126 -68 213 326 146
-14 39 241 378 290 290 -73 311
-137 259 221 -160 -7 147 -51 -113
274 104 -5 -50 -52 267 344 -51
32 -227 -158 -108 27 -199 -171 -173
302 79 27 124 49 266 40 -134
304 328 59 295 288 397 215 161
-111 212 216 100 105 279 92 25
212 33 237 312 297 278 19 54
-48 -108 256 141 59 50 296 152
19 301 215 73 197 379 117 108
329 297 36 323 246 387 33 42
120 -76 32 118 -202 -92 250 198
88 254 -23 -141 -71 266 12 -72
272 325 306 209 34 72 426 274
-163 153 146 -137 267 -26 78 -171
429 55 147 171 209 295 384 22
139 165 397 214 401 -60 48 282
-12 330 295 121 274 338 -26 246
-82 9 313 53 -53 -9 -21 149
-181 -76 -44 147 156 51 -184 136
67 -104 -142 -8 315 20 -46 -64
352 84 11 65 112 -71 406 258
-36 203 275 -69 83 -8 298 187
326 425 99 200 156 144 118 284
-114 234 107 70 -54 182 162 236
76 267 93 104 -37 256 355 -83
4 -55 -48 278 242 176 -80 102
157 385 187 123 224 8 142 440
66 347 148 167 29 308 301 45
56 430 247 18 57 251 254 298
-103 -178 -171 154 -224 -174 -55 -102
6 34 119 148 -32 153 159 -34
-26 77 234 -112 170 16 -123 -26
237 22 258 415 293 235 86 276
-186 -72 82 -13 -105 -157 -240 119
281 -29 194 -179 284 -154 191 -29
-62 178 62 194 0 -89 -75 320
-182 -16 179 -47 209 27 74 -169
204 92 116 325 147 201 459 269
277 -58 -146 -123 218 -118 212 165
-35 75 185 198 -17 -29 66 223
367 -21 231 229 -9 -3 243 207
67 375 144 101 168 365 -4 105
-83 34 359 95 333 318 186 11
221 33 98 392 -42 171 418 256
-9 183 2 336 291 14 -107 360
388 165 -32 412 315 95 441 304
94 -60 347 149 135 -63 116 4
147 113 -152 220 -114 79 -16 256
81 -77 249 250 203 31 11 -53
254 346 25 50 212 387 227 307
289 349 -16 80 -65 -42 213 288
89 239 242 80 128 319 103 -86
-140 138 255 94 163 275 229 20
37 421 377 30 175 271 64 382
149 -43 216 162 148 190 234 5
375 120 55 339 363 236 307 -65
361 123 248 330 392 416 209 -25
235 278 194 197 207 145 248 402
262 275 146 330 287 296 192 290
53 -31 -169 291 -52 130 -143 -190
-73 80 18 -90 -47 -71 69 4
253 340 -68 211 122 316 257 -1
141 -34 117 37 247 -93 -12 67
342 162 69 229 98 4 351 423
219 34 382 247 364 102 -52 -29
303 269 36 236 85 300 254 145
216 -185 254 -128 254 -203 108 98
46 432 312 155 58 331 268 355
-38 -169 -77 186 97 136 -115 -141
142 335 246 17 -32 227 317 200
63 376 413 455 181 423 427 217
-169 -118 131 262 146 -136 38 169
204 -163 103 -33 186 -51 -65 -217
420 190 -5 -71 27 122 379 62
54 61 -4 296 60 100 -129 -125
307 169 110 135 256 257 173 21
-185 28 45 -172 -51 -153 153 -35
-51 346 320 339 146 384 32 304
-116 293 132 -43 97 -69 284 216
-104 68 267 277 141 -90 -37 145
332 -121 1 339 370 53 -67 235
199 37 200 396 246 370 85 287
-147 57 273 -95 324 -31 157 -143
237 -94 4 13 -8 -8 356 349
-227 -172 174 40 169 -197 27 11
-67 418 347 45 173 143 282 383
-99 171 323 66 10 -61 161 291
-16 119 -149 8 27 -77 -153 20
234 293 -123 -40 231 168 -30 109
159 349 405 316 175 154 261 416
381 73 251 54 267 61 398 -25
69 138 79 -80 253 37 -140 171
-65 -41 34 219 324 86 -82 -8
315 -65 -13 195 185 -13 215 148
-159 -167 -195 133 -205 -9 -106 6
35 197 200 -36 289 266 65 112
-27 -80 -207 -200 -70 -55 -167 -179
-19 -136 88 257 -177 10 263 103
85 228 322 139 11 -89 133 342
277 280 20 253 68 441 164 75
-50 379 295 -33 -6 58 320 265
106 313 364 94 265 193 42 183
159 230 -127 -176 139 -69 -78 252
246 -113 -35 30 52 -34 306 -103
121 -12 -31 189 18 134 -90 246
213 304 299 54 247 16 299 419
44 195 208 337 75 223 -2 8
41 218 -111 162 209 -36 1 239
173 14 148 -5 -45 360 174 -41
125 88 297 432 219 361 325 194
387 155 68 130 360 202 274 -43
204 228 132 74 265 157 -1 4
222 328 5 179 -8 -1 69 264
165 59 -57 52 25 -69 110 201
85 398 77 350 17 363 405 352
113 -148 201 210 286 -40 119 191
134 261 -133 -46 55 -37 -154 230
-182 157 -200 -160 49 -202 -230 53
249 -69 98 40 21 85 143 9
-64 261 101 -211 -211 241 249 -92
324 434 264 88 368 172 0 240
-186 204 38 -17 -94 -114 88 95
79 44 166 -35 359 219 75 -2
207 31 384 407 270 141 87 419
227 385 35 96 19 424 355 18
-81 137 1 0 -204 -174 87 272
210 148 -16 -116 -155 2 157 61
-38 -222 34 47 220 -93 -223 -190
211 96 259 -113 72 -127 253 -48
-81 -52 272 210 -51 38 245 141
209 256 349 129 -64 244 312 258
299 156 -47 149 266 62 275 183
157 -164 82 -13 198 -87 -200 -156
262 171 -66 207 -6 398 281 -18
54 -24 286 9 35 190 295 -39
-159 -160 226 -119 263 -149 60 -89
246 8 84 308 164 -35 143 349
-25 109 121 153 16 42 -123 310
197 363 94 50 182 329 120 49
369 183 37 25 213 -22 78 119
50 429 397 99 284 406 -31 18
-144 223 166 258 -179 297 112 110
143 96 341 399 -1 417 305 218
370 57 234 450 441 480 64 247
376 -21 -45 367 185 87 328 139
-91 -42 347 -36 -44 44 302 -47
474 436 69 374 353 105 145 411
152 175 127 392 31 353 372 76
-17 -57 82 -74 -29 -101 278 113
330 471 434 78 81 301 444 355
122 102 -23 -46 -64 178 265 -68
406 436 52 105 440 135 107 329
-25 210 219 -155 -81 112 37 233
52 69 472 359 207 398 290 12
-146 211 202 -95 -85 -138 199 9
165 168 73 -170 -134 145 280 122
83 155 130 315 4 359 355 125
282 -79 -62 127 186 -76 90 88
292 102 25 83 273 -88 44 262
151 171 191 -98 326 7 -109 -19
371 253 -87 106 181 367 368 25
325 426 41 292 145 319 283 451
10 122 377 239 -78 136 329 158
-121 146 210 90 52 13 -44 203
259 350 178 66 63 -130 326 329
213 342 71 137 240 198 -8 194
79 -132 -189 -155 -85 -214 90 56
235 76 -60 388 185 123 383 6
80 -54 145 206 32 242 241 -153
208 -101 -65 127 -102 -110 160 114
93 267 -131 214 -41 248 116 -144
352 357 102 187 121 398 369 105
-58 171 -25 299 -40 55 -68 329
117 371 31 -67 16 146 96 -28
-99 159 242 281 -124 265 6 -147
-60 -107 120 288 88 255 332 281
184 321 222 229 211 332 40 128
-89 349 77 -116 31 -49 268 204
356 42 -72 57 257 -45 296 378
303 377 258 33 29 17 400 403
125 -41 -40 -114 129 -213 96 164
181 251 -60 -127 277 175 -175 -54
-47 279 281 405 194 -27 41 372
-90 -73 33 -9 214 55 -189 -100
196 326 110 101 339 157 2 328
6 425 150 280 1 48 40 410
123 34 -38 100 7 59 317 66
215 -16 67 153 -136 -10 355 314
198 -154 129 -10 -43 26 183 -111
331 300 -15 254 293 333 113 -20
236 16 94 200 170 82 161 119
-2 206 -118 -12 -144 125 41 15
326 -56 -15 170 284 -61 24 359
-80 208 32 18 -132 76 123 207
-45 -20 274 357 291 -108 127 271
57 286 271 177 239 420 11 232
39 457 499 116 325 493 185 308
386 326 135 106 488 203 32 383
439 356 44 120 50 26 204 276
-22 -179 189 11 -110 30 48 -172
372 112 -67 218 197 352 255 125
268 139 -51 285 -6 -9 143 264
5 368 133 -93 152 -100 -101 98
-27 175 448 210 -36 385 14 105
165 83 -89 -106 -73 30 42 -49
-159 -155 176 127 -114 185 105 -3
-144 -4 -27 173 37 163 -70 163
-89 193 9 74 13 79 -149 -117
218 375 430 101 421 25 390 400
-167 113 105 19 -112 -190 126 249
99 358 258 131 307 404 223 1
172 292 5 -39 152 59 121 269
104 198 -53 -216 110 -65 -122 -132
-74 127 298 7 324 225 21 -104
41 148 196 -214 25 -138 94 58
-93 156 -48 -88 -176 -102 248 -54
32 90 228 87 82 151 57 28
274 278 355 -73 357 191 -76 288
-17 151 352 -86 -123 -71 86 289
95 35 197 353 -16 343 241 -66
51 -132 63 144 30 245 114 -104
321 356 233 361 208 -6 263 429
215 81 -219 249 85 218 237 -213
243 88 -122 93 -162 219 199 -62
117 -5 -104 214 -116 93 -10 270
406 303 31 101 399 211 308 408
376 468 -4 169 211 449 436 107
-40 72 14 295 -30 263 233 245
274 230 185 38 180 285 260 69
234 304 330 183 173 223 349 379
190 190 -54 273 248 29 22 289
153 -93 -162 230 -6 -18 149 294
285 83 -58 -208 216 -58 -129 75
226 165 257 48 340 47 36 76
-214 -127 163 237 245 -131 -51 210
279 143 71 290 196 43 44 422
-65 189 388 265 156 -19 -28 305
392 301 82 -36 -17 75 315 136
261 162 -163 -64 265 250 165 -128
-7 -180 -131 107 21 -34 -87 -131
274 67 64 171 227 339 -46 -33
317 234 30 397 191 342 102 107
-145 173 291 80 -8 73 269 262
-31 -67 -23 335 150 48 -74 311
225 265 244 -14 295 75 60 -32
158 -81 318 201 369 -121 62 338
88 331 133 81 290 135 85 208
163 258 318 262 250 425 317 1
-24 297 -152 -31 -50 342 7 -132
274 205 90 172 272 258 136 -85
136 194 296 301 152 288 283 219
382 148 -2 101 365 -73 371 204
212 -44 164 149 8 47 280 48
34 -35 -142 -135 206 258 -26 -136
5 486 159 314 235 422 20 219
312 216 -18 66 -58 227 175 -16
-24 17 -103 -165 -65 64 27 -64
59 164 21 -123 210 167 -127 -35
396 103 290 404 415 260 73 157
158 222 -14 -4 215 218 -133 109
399 -38 -19 162 200 40 191 298
257 376 -63 49 164 166 -50 295
-169 40 135 115 -14 135 238 -157
-77 -135 356 -33 256 -40 293 -57
220 253 -33 204 -47 301 258 52
121 232 140 -17 30 103 269 177
160 -136 -67 -197 -31 58 -42 -233
180 65 -234 -66 -170 137 -212 -216
133 222 -46 154 -67 251 302 -37
152 -154 79 156 -41 74 191 227
-75 218 -9 -152 -26 -160 164 249
235 92 49 53 300 -170 154 86
166 -12 109 194 -118 -88 262 328
155 198 94 17 79 258 298 -28
252 34 115 286 308 158 41 162
2 85 -44 191 -38 133 246 -32
-32 224 -110 -33 -83 175 65 2
-35 199 1 -125 -88 -16 278 -100
-53 372 440 330 139 414 185 132
353 309 -67 164 -63 303 393 107
-89 -61 6 183 -142 260 71 -92
355 -97 147 -94 160 -101 285 91
-85 308 188 110 87 59 33 263
171 65 -188 212 118 265 -215 -198
249 291 8 50 -13 371 306 18
88 274 430 446 356 55 35 474
337 301 -103 263 152 300 338 -116
178 41 -16 42 -9 -217 81 170
215 142 78 79 99 -168 209 141
174 -77 48 283 224 48 -44 233
297 -86 31 173 255 136 -2 100
-104 164 340 171 208 256 122 -29
307 -148 91 188 245 297 44 99
26 46 148 280 238 133 118 256
-63 189 230 -141 73 198 -150 119
-143 204 172 209 267 234 -216 192
425 -54 78 411 415 306 -5 248
-74 94 191 148 52 239 117 -18
396 152 -39 375 349 66 85 391
130 405 251 -37 -48 -4 276 62
87 365 430 70 -2 339 443 458
407 431 213 145 243 177 17 95
234 -8 -81 249 67 357 -71 194
-88 120 241 -113 213 261 25 -184
286 31 -81 377 190 -1 135 231
399 177 83 343 428 383 157 5
192 -89 145 359 128 -66 346 -79
318 55 52 -65 120 282 175 -57
229 8 212 141 58 101 275 86
-3 132 8 -60 364 350 -66 -10
86 217 173 390 345 -41 118 287
-164 118 119 117 65 187 122 91
-79 -47 105 169 18 271 84 -156
466 245 44 174 164 229 210 47
107 12 -192 16 134 234 -209 -125
84 194 -100 -73 191 74 -118 -39
148 -143 -184 202 82 -164 45 184
112 -146 100 269 216 -128 -42 157
-92 254 79 -194 -170 179 -4 153
225 364 178 70 211 139 -23 116
188 -90 204 317 18 221 199 -15
-158 164 214 184 -120 27 -87 223
-202 75 155 151 -225 34 215 205
210 239 -2 167 116 346 159 218
59 20 159 3 110 -37 254 195
-62 -70 364 185 381 -70 107 88
-114 198 292 132 318 -27 15 306
171 25 -137 312 73 107 148 241
156 170 -49 -32 63 235 212 -57
-81 149 151 122 -77 297 -6 19
159 17 444 269 338 417 202 14
-116 84 106 72 223 213 5 60
187 20 125 11 195 -75 88 366
-4 -28 -63 253 57 135 -63 175
-61 96 168 -138 3 -51 257 268
-69 189 294 201 -17 213 265 170
-148 -149 225 -140 -139 -172 211 235
-122 -67 59 137 -161 -33 275 -156
-204 -189 84 -80 117 -166 -205 247
-17 -13 382 3 381 -21 88 172
196 -32 67 -15 172 92 198 -49
-125 265 93 184 -13 32 89 311
-64 -55 244 -2 200 -198 184 84
-146 -26 -49 171 -83 110 249 7
327 312 92 85 2 261 282 145
277 158 19 108 126 -1 37 179
-19 223 269 2 316 338 108 29
278 5 172 365 131 355 302 264
50 74 248 259 50 149 422 207
385 184 151 -86 222 205 181 -62
269 87 -28 90 -114 255 198 -48
297 54 158 230 218 337 315 -23
105 79 222 182 247 217 -12 -109
423 97 -43 228 417 182 130 83
97 -145 250 283 290 -56 102 170
62 253 26 -22 192 384 15 3
28 0 229 193 33 13 345 52
59 43 274 50 68 -113 286 171
339 252 -34 -24 3 391 190 140
24 -228 142 185 -60 175 70 -132
225 194 -139 -67 267 -36 -132 183
-73 79 312 135 327 22 298 228
-96 101 275 379 -16 345 35 -70
272 138 20 212 230 107 21 280
315 76 -58 247 -56 -94 29 273
113 136 -21 -185 302 -96 36 160
181 392 324 192 157 34 369 413
82 87 -65 94 -36 178 -53 -182
352 383 282 21 134 23 391 369
-55 163 263 306 88 313 151 79
249 429 373 -16 273 31 350 107
226 127 42 -179 -195 -12 156 -71
158 325 252 41 165 252 337 324
389 305 139 -8 -80 84 309 201
422 445 128 252 242 370 329 12
256 261 158 -189 229 -10 -100 242
-34 -134 258 36 151 -36 296 151
5 334 -64 -60 -131 80 132 134
-139 206 246 -59 -233 77 148 13
192 -38 309 315 331 83 110 -70
66 -74 279 -129 294 -138 103 -44
-47 -110 -166 137 -51 158 -142 -181
386 279 223 242 418 -13 191 293
84 250 242 4 11 14 279 334
237 107 -70 175 -41 -89 321 170
249 239 -130 -124 123 55 21 149
-73 365 369 77 367 261 367 -114
331 196 -37 179 87 275 355 43
435 433 408 61 166 251 453 242
244 -6 419 404 39 196 412 107
179 -80 92 90 281 248 -101 -120
-143 -59 273 -38 -101 -62 -174 160
-98 253 42 46 116 144 -161 123
-1 169 89 158 -112 35 205 260
44 86 287 -133 -80 -77 172 -8
33 451 178 36 221 292 41 234
-4 33 -97 -62 -4 29 -88 15
-81 159 351 184 7 223 -3 -22
-151 67 0 134 -56 -100 -60 209
17 205 163 -58 14 -111 369 75
388 205 164 140 476 365 175 80
3 68 162 150 263 298 -66 -71
181 -67 76 373 337 -28 153 -72
151 374 355 339 64 19 330 369
149 -3 53 395 -13 216 360 300
-18 10 154 -81 273 3 27 -79
192 -22 -14 121 207 170 -69 82
56 248 -128 53 -132 -7 -114 236
194 170 139 418 436 65 73 317
234 143 -140 31 5 210 -73 -35
-2 139 -30 -97 313 378 -50 -5
74 28 62 407 -7 -1 324 310
20 300 349 451 128 422 380 303
-34 -63 211 274 313 1 16 214
-97 204 -133 -72 -190 42 -36 261
87 99 -124 -59 43 -93 52 147
-77 257 301 59 72 168 -81 323
377 333 238 125 340 219 317 328
132 184 234 310 83 423 368 198
1 191 244 438 381 -5 14 312
331 54 -70 314 118 -131 261 244
149 -83 169 132 -141 184 227 -132
-14 103 208 -26 225 -52 -141 228
61 113 115 278 -31 296 293 50
129 254 26 -135 96 -12 84 114
57 216 61 -31 157 190 -159 -167
49 -85 386 317 250 -39 207 405
252 250 44 297 228 237 18 332
236 -209 -226 184 -229 -113 183 -24
362 -107 38 385 149 58 286 348
32 28 290 339 393 286 -4 111
376 330 -40 284 208 394 280 314
173 -41 -15 -144 89 -112 -69 58
-114 139 -85 -183 -207 -3 -44 -91
119 96 -62 360 -17 66 153 246
39 255 -185 -1 -107 159 -218 -219
220 398 104 37 187 49 -84 345
116 213 -120 261 234 277 -31 237
370 125 -36 -24 344 111 97 351
25 -98 318 215 -92 -22 190 34
-77 90 306 -99 -80 312 -53 -102
325 295 234 8 108 303 375 230
93 100 146 272 -127 200 311 183
260 41 -183 114 -39 182 58 15
110 -153 -38 168 -51 245 59 -102
10 -139 14 257 -25 -53 41 27
278 279 15 356 20 217 237 295
-208 -214 94 -158 154 -212 -148 -189
-178 -60 222 149 79 -31 42 253
128 29 64 197 369 80 56 121
-67 39 -163 209 -156 -98 95 323
-234 -127 124 233 -215 210 151 18
206 364 347 -32 64 -37 353 239
-21 -29 -22 275 173 193 -109 180
91 9 249 411 224 0 150 227
173 -11 254 192 -121 -12 224 43
82 -14 258 291 340 82 59 198
8 -50 255 242 210 116 199 285
17 -42 109 319 333 218 13 187
-3 4 285 82 127 311 314 -78
15 96 198 -41 43 136 33 -57
44 81 172 42 63 -39 96 122
129 320 141 5 139 306 24 246
211 -106 -188 174 -62 -11 247 157
-87 229 255 -148 316 -80 -2 39
275 130 409 202 413 142 11 199
313 312 3 -57 325 106 -11 191
36 225 445 129 31 104 330 214
-50 264 340 282 62 193 321 339
148 243 154 57 182 245 144 99
-124 268 82 101 -80 250 -42 -107
5 -32 148 281 -86 260 371 103
35 461 37 362 445 124 -7 422
201 62 18 146 227 364 16 43
28 163 -35 17 246 -68 -7 116
276 414 379 34 380 118 277 181
251 128 -65 204 178 210 51 45
417 -30 -28 422 59 283 369 340
20 64 221 57 134 -24 -12 274
-4 134 249 322 340 55 209 386
33 -150 -205 130 -166 -204 54 74
21 -31 -78 89 -70 -21 1 227
41 213 20 -56 -179 53 167 132
-18 -104 225 31 -26 108 148 -150
309 15 -62 106 228 148 -59 43
128 157 43 -71 268 29 -151 38
325 293 357 -54 370 216 28 85
-79 148 275 263 79 243 102 -199
275 209 -205 -64 -35 116 213 136
362 357 460 454 394 384 270 452
138 35 268 270 362 48 -20 229
220 -22 -40 101 334 74 38 49
193 -4 -34 117 193 -47 61 329
-163 58 249 225 -111 -164 -22 291
75 -179 -167 227 -71 -33 214 177
238 350 -51 84 23 400 254 304
247 -86 -25 119 190 -121 224 -66
-73 237 133 -176 -45 -21 71 -24
-65 186 162 -174 -183 23 78 15
129 -44 -76 261 28 292 -61 173
398 489 465 89 483 334 311 402
124 -177 63 248 -16 -78 126 -120
50 392 189 82 80 147 344 262
367 368 23 69 335 430 263 -59
-78 18 5 135 209 181 -200 14
-135 93 49 -162 9 -125 274 -114
307 338 338 -10 428 433 158 74
96 382 192 239 74 339 353 167
249 293 302 -112 349 40 -96 244
-16 132 193 375 -53 252 87 -43
148 147 320 -109 22 52 337 170
-28 -144 78 213 -57 81 200 172
193 305 58 -145 126 -93 -136 -123
-83 83 256 140 142 -118 110 250
-169 199 256 71 -102 255 -56 -184
228 196 -48 12 259 49 207 216
334 353 -75 -53 -17 -45 158 181
-213 40 -75 -61 173 148 -210 -125
-124 148 180 47 64 154 -74 46
430 204 4 424 248 284 222 483
38 -27 -57 280 99 85 2 25
335 373 147 181 349 288 321 371
-7 -18 -43 273 137 12 -79 221
288 -194 -139 94 -92 9 289 188
302 295 -130 115 97 176 145 329
-42 248 65 385 -94 207 -33 259
142 228 52 290 92 287 53 192
72 26 370 361 -61 186 236 64
359 -14 -85 -61 -58 -90 -84 129
-63 150 -197 -162 220 -39 -222 102
-40 288 -54 -132 -64 -28 -4 -74
108 167 -33 218 118 334 64 36
4 178 232 170 139 199 160 -92
88 262 -162 -108 -173 60 206 262
304 119 -40 302 348 310 93 185
-5 214 448 331 97 346 273 22
103 -16 -31 301 116 67 -62 -83
92 235 355 161 177 381 218 11
-32 96 290 125 19 -27 344 194
365 309 -115 -123 351 29 -37 180
-8 -41 2 179 47 45 -107 -81
14 -138 294 81 58 3 62 -187
271 207 51 -70 7 -44 401 207
-24 6 370 378 157 349 408 161
40 229 260 -179 148 281 90 114
-125 352 75 -141 -134 122 179 67
270 298 157 -72 122 64 185 -100
86 -23 299 332 329 128 173 161
281 74 458 310 443 43 411 351
83 239 -94 2 -28 166 116 226
208 112 -185 167 -164 -109 116 226
58 185 -49 37 26 49 -144 70
52 344 85 -58 238 -124 17 171
245 201 -98 179 232 -80 197 236
-171 183 -20 212 -80 224 15 -110
-4 -125 269 -141 -17 75 201 -201
13 -50 -67 290 175 268 -74 -9
216 -19 -8 369 -56 363 268 -45
-165 124 165 -170 -116 -142 -39 64
156 207 -63 203 99 -62 22 323
-9 290 -19 -53 -93 177 258 144
377 335 216 -6 276 389 371 90
219 416 219 250 366 421 72 114
230 393 207 190 320 159 159 219
-9 -74 166 264 221 94 -92 10
-157 -56 12 -40 -20 79 17 -134
-170 -121 44 304 -69 -40 -147 90
-142 -97 -9 93 -134 157 98 -11
407 213 271 67 27 424 412 107
91 104 375 194 402 447 230 116
41 378 419 124 350 173 48 308
62 79 -135 243 292 307 -180 28
293 177 239 41 238 252 295 -105
298 318 377 160 44 265 419 324
2 -64 135 204 -110 107 19 -37
-162 -193 181 248 -41 292 224 120
400 49 210 446 6 347 413 135
404 236 21 171 328 128 17 199
254 -30 -91 310 254 321 6 -96
73 6 -31 -48 58 -54 59 114
364 181 -14 225 38 -41 78 424
141 172 -9 -90 56 155 10 -86
197 73 -145 81 37 278 105 21
-177 311 11 -152 154 27 -80 -85
286 -3 242 197 430 246 -16 -51
65 275 164 -20 280 104 -42 -172
135 149 -139 -10 -99 158 101 16
58 -71 -111 142 -99 35 10 -2
319 281 -12 96 325 -122 -50 191
239 243 -115 -146 193 40 -160 -156
340 65 405 460 454 338 60 446
395 54 26 163 206 -7 99 238
-34 41 38 41 -122 240 181 -152
54 306 225 -12 400 207 84 156
-30 -113 251 290 145 -151 -146 298
-104 96 79 301 -89 287 133 277
-144 81 -78 -30 133 115 -114 5
-47 89 -63 307 -132 322 344 2
472 385 138 197 181 452 170 16
293 327 180 72 419 334 104 18
4 204 446 -19 366 -35 244 137
276 -106 99 189 322 69 -134 -122
-35 185 -109 87 -216 262 126 11
192 313 101 439 52 338 290 369
29 191 201 159 91 272 158 131
322 285 63 100 184 322 366 268
355 123 394 102 270 236 420 57
152 332 38 31 40 297 180 287
-37 250 -20 9 56 152 -99 184
164 20 -73 225 -43 333 170 -55
217 407 387 2 233 423 126 -31
271 222 465 247 385 353 415 121
365 276 -42 -52 413 201 239 369
-183 -46 -106 213 -12 174 -152 177
45 -125 186 251 -47 -23 314 87
416 306 20 23 308 244 462 29
137 211 407 214 246 259 446 57
47 131 138 414 388 257 -42 227
391 140 319 331 444 461 347 99
204 126 359 19 346 159 271 61
164 -60 -205 -58 51 -63 -152 136
441 57 -30 272 165 116 81 309
-161 291 127 101 69 316 -147 218
263 -78 -157 139 36 -131 248 82
-40 89 311 320 -95 350 349 -84
285 300 62 -99 170 13 233 265
1 237 204 162 66 358 25 23
177 130 -45 122 32 -57 168 346
72 152 367 89 58 61 106 315
-43 274 95 374 44 358 194 -13
86 40 -28 -194 168 -64 -192 -165
230 -5 -47 -157 -102 87 129 -109
101 59 -125 312 19 317 -149 267
213 25 483 349 430 -5 281 353
92 -52 -38 305 172 119 -42 184
213 -98 -70 336 312 336 103 51
-187 -176 106 27 -132 -17 243 -124
-24 6 451 467 288 438 385 85
159 153 197 417 17 354 368 322
427 134 23 120 382 345 117 -6
137 214 155 -117 300 219 -60 46
-3 207 327 184 334 162 6 323
-4 2 220 51 32 5 238 172
-91 -85 29 -22 -115 -173 152 145
-52 -60 116 -147 -15 -170 42 71
414 240 111 60 243 79 7 212
299 142 -76 -58 -14 11 314 -67
-116 64 -141 277 -150 272 156 287
-14 355 298 22 9 150 90 354
413 233 22 341 102 3 8 476
295 337 61 378 332 364 -90 203
109 28 277 172 72 18 259 106
158 191 441 289 424 10 26 385
105 -9 117 178 203 99 57 -59
282 19 419 314 207 122 392 -28
234 423 281 31 65 178 332 95
96 275 -122 209 -47 232 -57 -56
-12 369 181 -12 -10 257 95 196
-125 89 278 219 -94 237 205 -67
424 307 311 166 384 237 263 136
99 144 -151 -28 -57 7 -55 157
226 -9 209 -82 -53 7 275 -100
238 254 166 88 -70 315 390 -61
286 190 119 -79 310 109 -93 224
-18 -38 104 427 112 357 49 436
441 359 65 187 225 300 230 7
327 119 195 352 234 380 11 90
295 138 200 -46 196 214 267 4
18 242 81 12 223 -59 -27 265
43 117 -77 -126 89 -49 -104 115
-96 126 289 -33 -24 229 319 -127
53 -14 98 259 285 -59 69 200
83 173 380 182 147 247 176 35
92 52 -21 -228 6 -219 -129 28
267 -20 61 359 327 15 29 28
-178 96 238 212 223 146 183 277
96 226 174 -41 -116 51 173 61
-26 7 -108 1 -58 -64 -120 145
-199 136 48 -206 -160 157 -227 82
14 307 134 142 490 250 40 215
63 45 285 -41 179 -72 246 394
-181 206 19 -161 -153 102 197 90
163 259 370 371 323 -98 318 353
135 80 421 233 161 189 258 45
410 417 140 -66 -15 193 390 96
31 -36 146 91 113 0 -89 17
-13 -123 174 184 -201 69 190 -7
162 292 22 422 128 272 111 414
176 332 350 -83 344 55 144 3
238 351 -45 16 50 334 273 189
145 119 -19 341 -31 -110 189 272
50 102 279 41 386 353 150 -12
144 -36 256 429 410 190 53 259
50 -182 53 143 -206 -159 135 -7
183 365 184 26 148 413 196 324
51 71 173 -2 34 136 109 -132
301 113 -17 127 74 103 163 261
323 144 -122 281 158 311 98 160
276 77 -15 -104 159 -42 -71 -30
51 84 -41 431 390 315 -18 215
-87 193 17 -171 -49 21 151 25
6 270 270 125 192 180 103 82
374 141 316 -40 350 344 384 -55
263 -146 85 187 230 -23 -162 171
-125 240 324 183 -137 -24 304 228
105 4 -131 -196 -127 -143 164 -5
414 27 85 242 -8 168 324 200
6 186 446 356 -17 -18 199 325
111 207 336 142 344 192 -88 192
385 373 8 321 146 -34 384 411
-95 118 249 333 63 -53 -89 202
-36 287 260 -145 238 -54 -136 177
456 409 197 287 177 345 405 292
-70 205 320 225 294 210 18 261
108 275 125 134 -43 -40 350 426
53 -2 122 106 61 75 255 84
-36 202 152 185 27 -8 -11 312
143 106 310 -24 263 186 238 -40
192 203 38 362 110 473 115 157
147 477 478 79 117 488 462 114
189 469 236 13 43 374 236 163
-104 184 38 -29 235 -31 -85 -26
134 -61 197 225 58 207 247 -9
374 68 130 357 244 120 177 305
105 237 322 115 122 344 287 43
109 132 382 353 408 273 50 440
-165 238 -45 40 -106 232 20 -183
36 448 88 159 468 366 -27 286
24 294 310 -47 362 110 -62 -63
-68 202 12 -59 -75 -57 9 198
73 17 348 334 237 183 75 261
132 -148 -112 304 86 211 -102 202
-47 393 417 133 283 251 223 157
255 316 69 -86 278 100 -101 163
375 254 255 -84 381 35 65 302
426 86 114 330 199 27 344 432
199 255 251 160 74 -51 230 264
-171 110 223 270 123 295 105 106
213 -112 4 -86 120 -185 87 60
170 219 -50 39 173 199 -96 262
209 -140 295 222 280 13 -102 240
-28 -86 262 -51 2 -26 220 -65
364 120 157 72 176 127 110 -65
201 416 172 288 124 217 191 330
-184 -210 258 182 -86 78 145 45
32 256 251 302 84 138 173 419
61 13 -16 72 113 16 -2 19
251 -170 -101 112 -172 30 150 150
-50 59 155 179 100 103 156 286
378 341 5 255 328 195 284 352
-47 336 152 -110 -34 14 91 31
-8 391 371 203 107 73 274 270
-132 168 -55 -112 -19 37 -77 -35
313 -90 -117 368 362 138 -17 -27
135 341 404 195 341 358 345 151
-101 58 237 257 -95 352 363 74
295 88 212 97 325 173 146 -111
61 -135 247 56 16 41 242 24
140 107 62 92 292 -103 -48 301
69 363 181 -1 -30 157 296 -2
-25 -21 361 193 213 261 282 -38
223 -122 273 251 329 42 95 147
-86 -101 -127 -54 141 126 -173 -93
57 77 204 29 61 41 288 86
188 209 -61 278 -11 72 310 415
390 74 190 446 283 196 321 327
387 375 364 36 443 234 300 -1
209 -11 -16 214 171 74 -161 -98
49 71 252 168 192 149 162 -39
290 112 112 -47 273 6 -126 -57
204 147 74 90 117 36 44 162
298 6 319 361 473 134 284 59
-40 83 185 8 -126 327 157 -136
23 295 50 -5 180 225 -29 225
421 243 117 180 242 297 177 29
297 68 47 391 242 -50 180 391
406 -53 87 147 303 64 192 -23
301 118 -37 220 270 387 -93 90
-116 -138 142 -51 -32 -50 -132 -156
8 188 178 -79 103 -137 217 95
61 71 448 241 147 452 292 7
-221 -218 -56 27 -189 -101 13 -13
29 114 19 -48 -94 237 96 -24
88 -6 -150 267 191 186 -132 -13
394 146 251 367 361 372 264 139
73 258 431 255 164 376 251 62
-62 175 339 157 116 -118 185 201
55 82 102 166 328 68 52 131
105 400 429 92 399 131 333 14
303 29 119 -5 118 -13 302 161
285 97 41 352 142 211 102 396
233 -44 -33 329 -116 -13 180 270
35 26 238 -143 7 -11 319 163
-98 19 135 87 72 -48 -160 268
371 401 -83 14 230 -57 99 223
135 -141 -144 49 3 -68 40 -3
79 79 157 -26 107 54 127 12
-237 232 183 -70 239 201 -199 -117
402 280 122 175 297 377 318 142
97 282 278 -142 -76 -82 226 12
295 62 111 280 137 160 102 349
113 16 178 57 83 298 151 -52
-48 247 158 -121 -68 117 193 181
262 96 197 95 201 294 199 -19
298 -6 -87 -29 -9 -99 254 -2
-156 -10 -186 240 -203 50 64 127
-198 -38 -71 76 74 -113 -151 125
194 -215 -70 -110 -205 128 31 -181
-145 278 120 -7 -123 238 4 275
165 189 156 -98 371 -102 102 168
-186 -50 227 66 -58 286 -14 -115
-69 22 157 16 -109 168 63 -233
419 318 140 252 440 321 3 254
247 276 333 -16 399 83 181 344
364 282 257 -60 204 36 372 18
396 366 393 140 351 255 417 300
352 131 314 371 431 423 25 171
-81 9 68 -93 -110 -29 127 -87
471 36 114 438 319 409 114 81
280 96 33 330 -1 320 260 310
-135 96 -59 -141 6 20 -216 38
86 412 439 178 176 101 133 422
337 230 -69 -29 42 34 -19 109
324 354 73 215 70 107 116 401
299 123 -93 -85 59 58 201 -103
128 78 424 315 188 230 295 196
-67 115 285 -48 -8 230 -15 -160
63 409 143 -45 243 259 39 120
231 174 293 -32 54 247 362 55
448 69 3 488 371 344 84 280
230 269 16 112 74 141 -105 204
-209 -211 243 67 85 41 -19 -216
28 309 107 -149 203 76 -149 1
194 -117 -128 166 277 -1 -63 -118
-2 -78 174 317 164 113 -32 389
361 330 116 -50 425 128 126 175
-62 67 67 42 128 297 -49 50
-60 -31 208 25 110 180 64 -141
-111 246 284 159 76 324 -116 86
343 -60 155 364 417 50 200 9
-66 168 235 197 158 231 197 -101
160 -37 323 -11 316 -104 -128 199
61 15 -108 132 -56 -19 178 75
148 -22 215 347 312 253 59 240
271 406 27 9 306 100 151 282
38 163 383 391 341 142 293 343
100 228 -67 -231 80 201 106 -70
-9 -189 -110 154 -38 52 -215 -161
74 -152 -22 21 -150 -134 305 318
194 -175 -128 217 -46 -30 178 -19
