1000
-44 329 80 -39 -116 275 220 43
63 -86 104 92 214 123 28 23
-53 185 417 27 102 -22 141 400
76 29 -158 93 95 217 -142 -16
-11 386 367 77 324 165 -12 314
-55 128 262 -145 40 30 287 -96
-32 42 40 -155 223 99 -205 -18
-109 -63 275 -35 -76 -81 -27 224
387 243 167 343 46 110 253 367
246 84 328 5 176 385 338 -66
-15 362 262 78 203 444 -28 28
329 330 336 104 383 262 161 253
36 17 97 210 88 179 43 334
-217 -192 205 249 -169 153 144 -8
-139 -117 88 191 16 189 285 -69
398 18 331 211 396 143 65 -51
320 -158 -106 131 -119 175 84 -74
351 47 -68 354 369 214 335 -28
-124 197 279 100 -71 190 100 -167
-32 239 249 -46 181 252 -21 12
-176 -49 -75 190 60 86 -145 196
133 -81 70 166 91 194 -37 -4
79 15 -39 61 78 -138 -126 278
138 54 8 68 298 -54 -41 115
31 391 322 295 127 384 51 369
-7 15 318 76 98 232 -9 -8
309 330 -1 220 380 38 35 328
113 -167 279 82 290 70 104 225
29 -28 427 360 160 268 203 65
322 250 236 -120 271 301 325 -72
94 277 -47 59 -95 329 134 153
407 267 -46 338 29 286 256 337
-180 262 187 180 40 210 -63 236
246 -116 -73 210 241 -77 -18 -92
108 79 319 202 70 234 299 -104
140 146 10 338 451 315 88 130
352 216 88 18 383 110 257 420
330 254 175 30 4 457 295 146
-168 108 179 276 -149 141 18 0
160 57 -144 155 -175 -166 50 220
82 69 316 287 335 274 180 205
60 189 -205 -133 47 202 100 12
-136 185 148 -93 142 209 65 -161
355 -17 202 271 172 4 258 408
-21 158 81 -125 56 -141 186 139
138 154 265 495 154 334 205 85
-56 102 57 277 -21 228 -88 -115
-221 -81 181 -236 -42 -224 121 129
239 -87 -192 67 -102 -181 251 195
303 325 231 57 287 141 60 403
244 323 189 138 311 249 108 466
8 125 -38 -198 -231 88 51 63
43 93 207 488 15 452 344 263
404 302 6 -38 173 89 205 215
275 176 -49 -185 34 -199 43 157
297 -17 293 381 340 295 -38 -44
360 176 -107 72 -107 322 371 130
314 25 -78 -22 225 296 196 -97
291 273 -124 159 -126 192 264 251
334 31 -131 8 258 -35 332 337
99 -115 -126 -70 95 -117 -35 -48
110 421 299 291 72 147 373 341
67 -48 164 168 124 65 37 140
-66 157 350 -63 -56 137 24 127
-78 41 128 -62 -35 -142 88 108
69 -139 -50 219 261 -65 -194 -107
261 3 358 122 322 -11 -6 114
183 100 172 356 229 304 -14 -63
228 26 352 -17 271 330 320 -33
284 -81 -44 322 1 289 -2 182
182 8 210 -116 211 -96 103 -199
25 183 373 408 69 247 234 176
-114 -1 71 -31 106 -115 -116 81
238 276 174 435 361 34 167 425
393 4 12 486 66 373 404 254
356 -21 347 110 144 165 365 102
-71 -72 313 208 412 75 70 240
82 70 15 322 -133 53 329 231
-63 -67 216 -109 36 -87 -81 239
210 36 -132 -113 50 187 261 -21
169 137 283 388 312 349 -12 200
131 164 79 -91 243 167 103 72
-46 329 168 6 130 216 141 -94
225 310 206 208 38 405 307 160
330 328 65 214 226 306 188 151
38 378 389 265 25 416 399 136
118 56 341 247 -7 411 386 -67
346 230 160 456 2 208 463 382
191 292 -2 148 143 84 32 385
256 242 -114 -66 23 119 39 -22
101 -140 158 222 -64 207 259 29
300 26 -29 114 85 -109 137 350
-116 288 -51 -149 -83 -61 291 198
76 57 237 -185 -110 -65 157 20
-74 204 245 236 233 50 61 288
10 -57 84 336 -104 149 299 -16
223 284 283 36 351 100 125 368
86 8 6 363 -51 172 117 60
145 -63 -6 124 -42 45 236 346
-47 274 294 345 275 256 -78 342
217 81 7 234 149 105 354 106
45 4 11 458 170 -12 8 159
482 324 153 383 119 146 464 360
-76 -153 267 118 210 -202 -38 52
166 185 75 204 251 394 23 -8
441 270 23 389 280 302 203 422
94 -40 -195 284 -175 -113 64 142
-182 122 123 74 -27 129 -174 -105
129 264 119 91 -21 265 153 109
168 165 210 -60 -33 124 393 13
429 408 24 406 435 455 299 44
185 -99 -91 114 178 -42 51 -40
-67 75 154 -130 240 73 -119 -188
169 -77 59 195 113 51 237 205
-20 -39 114 216 116 112 -40 251
323 306 14 294 197 -13 -16 393
97 -45 -206 -56 -188 129 30 -106
348 364 302 14 339 260 271 136
73 140 -81 -137 91 -93 -51 208
84 -151 110 204 -143 16 105 110
-90 -1 176 242 -10 123 57 44
150 -79 -97 49 -37 4 282 131
99 236 142 390 6 203 325 360
-129 -126 254 252 331 173 141 248
225 215 -76 80 30 195 3 25
198 20 -13 142 -27 -86 84 221
1 64 -47 114 26 -14 -57 207
-6 -131 26 276 57 302 -20 -118
249 5 301 -118 298 -75 57 249
241 332 291 -105 -33 -19 300 131
50 -17 -113 36 261 127 -115 -37
-56 -89 227 -146 41 -156 175 49
-27 53 375 -12 179 153 164 -104
58 -63 171 278 93 203 256 -8
199 30 165 104 158 -104 207 166
69 227 -173 -54 75 -31 -218 13
55 264 115 -39 -136 48 234 330
-19 2 319 97 275 49 382 407
378 234 -24 -46 -40 18 77 -47
28 -201 -77 199 -143 184 218 22
133 57 62 458 1 334 208 -9
294 50 -64 303 82 74 145 298
-186 -180 233 205 -30 -155 143 250
92 -66 219 290 177 297 305 257
238 -134 -147 76 159 23 -94 -98
164 339 370 -39 -46 -66 372 361
-44 386 349 81 205 29 281 337
-61 -57 -49 208 217 94 -60 29
-131 59 98 6 -1 111 89 -111
-60 128 214 -48 -59 375 80 -54
90 218 -14 181 162 190 -133 289
170 144 8 173 -99 249 277 27
102 214 171 380 7 259 294 350
293 -179 306 233 230 -133 316 87
227 54 348 93 338 70 97 74
100 109 296 -123 29 -108 313 97
265 -66 -141 64 -81 -30 -23 233
20 -121 -102 158 0 -133 -2 311
65 254 25 45 93 0 -44 260
263 71 129 137 165 -40 161 126
-103 -21 -189 58 -187 -143 -190 171
68 -57 181 321 331 169 1 139
278 306 213 40 248 76 221 163
-41 47 18 376 196 405 -49 221
12 202 -44 -92 79 143 -113 117
118 182 286 32 268 235 146 54
322 405 5 7 52 244 320 -1
121 122 401 52 -20 428 214 95
176 363 337 245 311 293 248 80
368 418 -35 67 424 275 285 443
84 324 310 436 250 451 122 283
127 -112 268 70 271 -1 63 53
212 -38 -142 115 -58 270 136 -11
78 -47 -75 76 -81 31 120 272
294 457 31 306 221 444 353 331
377 352 32 389 424 72 52 428
-77 125 29 -19 -108 71 264 253
134 88 397 445 357 168 53 65
134 32 99 80 -156 268 119 62
-39 179 -16 90 -31 133 123 30
437 21 84 11 245 279 199 -7
123 421 16 44 190 269 50 187
280 175 348 446 29 347 455 359
-184 252 -72 -219 -104 -103 107 -168
-151 103 -206 -211 -165 98 266 -179
88 313 35 11 264 80 47 143
17 428 76 5 420 381 -5 430
262 225 212 328 91 288 381 191
273 -176 -88 7 172 -132 -208 287
325 93 18 183 13 -26 198 237
64 244 151 127 51 207 225 113
236 -90 -63 237 33 12 34 275
-96 -27 216 -18 -122 197 148 -213
360 196 -52 130 318 103 60 216
136 -33 -148 318 76 203 -102 -129
-132 262 -150 -71 -181 147 -81 -120
434 456 413 111 166 63 488 289
-121 -23 80 165 -99 182 60 -169
266 267 292 375 84 377 339 327
290 58 -13 100 82 263 221 -125
147 33 190 374 385 372 24 5
178 4 82 459 386 16 142 170
458 100 340 387 413 364 246 312
-50 95 292 -3 292 -132 17 299
-17 143 360 -29 216 393 168 -61
-108 -21 349 207 -129 -96 -6 231
253 11 342 275 302 -58 288 348
113 235 318 91 293 70 154 246
-172 150 -51 3 -23 84 -212 5
52 183 403 358 27 24 422 456
299 64 -60 272 405 243 144 32
426 277 169 346 325 484 116 230
-159 167 235 -190 203 78 -84 -88
404 215 439 470 38 193 448 233
31 376 -84 109 129 129 -63 203
-76 174 34 147 -22 141 113 315
303 263 128 463 329 457 264 4
249 321 413 -34 2 -18 409 130
-138 283 208 22 -56 250 105 -191
-101 67 325 230 -124 -8 -63 108
337 78 306 131 421 79 -3 178
-181 251 87 -129 255 139 -195 148
45 450 392 144 12 158 188 417
-10 -22 226 329 86 84 138 351
106 73 349 87 150 -105 153 273
-120 -183 13 64 -161 12 222 42
-129 232 253 -108 1 26 288 -110
-223 -155 22 82 -31 -53 -37 264
163 67 104 65 250 -132 87 158
-14 7 -132 -47 166 -188 -154 27
-57 22 11 -225 257 37 -196 -151
263 -65 -38 250 89 249 -111 236
468 124 74 135 483 129 270 123
-31 146 377 18 183 71 273 269
217 -135 226 79 -14 11 255 -92
129 184 328 391 301 1 199 323
326 -58 5 32 -47 154 203 -73
-13 -151 -116 203 -172 117 147 -104
23 277 180 110 78 113 100 383
321 430 136 166 157 351 441 426
-112 -221 13 0 39 -85 -148 -122
-101 245 181 56 60 120 143 197
20 270 236 33 260 83 -87 -40
-191 235 48 13 -86 5 223 81
214 -2 415 374 279 77 80 128
-148 183 -68 -63 -123 -142 78 346
262 131 321 13 167 -10 355 164
200 102 -3 275 60 129 444 169
163 -47 3 370 230 94 9 37
23 191 82 299 297 94 -70 258
-22 194 210 226 -132 -149 85 318
97 440 220 266 197 293 469 408
416 -25 28 84 386 214 99 -58
53 -59 -57 196 255 264 -117 43
260 -148 -15 34 73 6 81 -70
360 161 406 -11 408 69 191 231
185 364 -55 53 -35 212 229 70
-80 270 57 113 180 341 28 62
156 394 343 178 295 329 272 96
-32 68 155 -41 -84 196 13 11
27 86 394 150 42 -21 133 417
12 165 350 302 351 -32 102 209
-25 59 63 327 44 317 78 131
437 -18 -19 129 152 65 152 389
280 199 111 141 299 128 246 282
343 136 -89 339 243 345 41 -66
207 352 431 307 439 365 -26 247
148 195 192 -186 -158 119 271 48
71 247 106 -38 3 65 146 323
373 262 131 -56 385 15 40 -35
394 324 156 -35 49 8 428 10
11 231 414 423 112 28 293 382
284 316 63 -23 314 157 63 211
124 135 240 431 9 185 351 152
164 214 -113 160 98 216 40 -55
309 10 146 309 -11 53 330 190
67 -155 -174 58 -60 50 -110 -107
154 314 78 111 -141 284 262 -11
-61 36 324 27 136 -5 1 40
151 396 287 196 360 343 70 105
21 -124 235 89 233 -78 -66 -135
289 -57 -38 265 -63 -26 132 120
183 52 50 207 146 116 42 175
299 107 170 464 388 450 76 15
52 219 28 -126 13 -6 248 266
167 141 198 182 149 175 319 -76
156 -15 -24 293 -45 266 178 66
100 156 -198 43 228 59 -162 190
102 15 -5 346 -41 246 70 299
67 -29 322 343 84 110 274 180
-36 -160 304 231 44 12 280 161
-123 256 -44 13 95 7 -159 21
41 25 156 421 -45 153 205 16
-20 -21 -26 -132 242 43 -191 -98
-75 -29 126 215 -22 9 -107 168
58 61 -135 195 -85 137 135 54
264 56 307 271 101 66 274 68
321 -46 -27 -135 49 -1 12 -147
356 -1 131 439 170 364 238 36
108 350 266 244 451 445 -22 197
88 243 398 -1 124 334 190 -5
325 -13 -2 264 93 143 247 211
7 -109 306 42 212 264 198 -48
51 -66 -98 230 141 98 -145 4
33 187 250 145 159 121 236 241
313 226 69 43 218 82 -126 353
-162 -86 89 150 90 159 39 -80
44 381 454 6 424 170 -5 120
364 182 31 280 268 89 210 343
184 376 -8 153 303 197 -12 364
26 246 154 -100 -81 85 194 -55
95 365 185 65 249 14 -5 273
-45 -56 163 255 8 200 254 -137
-1 57 135 311 160 32 25 171
27 361 -1 43 -43 96 363 204
243 2 61 241 -72 229 226 55
81 201 -93 -76 87 152 -118 90
137 -107 204 224 284 -190 142 282
214 -61 -187 27 125 184 2 -214
6 45 141 165 7 210 48 -6
97 340 230 -4 425 24 123 94
88 49 223 394 142 296 474 392
248 -43 359 50 117 83 324 -19
-25 74 224 -175 -154 -74 119 62
127 186 374 413 95 202 268 134
322 119 -115 -71 -104 -71 -84 204
137 -49 49 306 115 -26 396 -12
362 323 25 153 237 45 116 388
51 402 227 107 29 385 377 13
-113 154 322 222 331 -127 -144 329
-81 38 327 357 -89 133 94 92
276 440 26 348 42 458 297 397
182 -9 156 78 223 45 147 -33
-129 210 -57 -111 291 43 -122 14
270 -36 184 -84 242 -93 -117 302
-71 137 93 164 -12 152 -72 118
296 148 290 78 399 21 211 188
36 -75 42 227 75 216 -133 9
331 -35 31 159 -46 410 194 19
-67 -214 28 91 -93 166 65 -55
286 202 359 38 265 166 365 286
8 121 306 109 167 -153 3 159
59 336 137 221 373 267 -53 278
-86 -158 97 80 -174 43 313 -145
143 260 -108 -63 -6 247 291 15
277 -31 13 -13 101 66 76 -51
85 145 -50 57 191 64 -8 152
168 215 -71 -220 141 -38 48 240
-223 88 104 131 15 185 97 -204
53 189 232 96 244 106 -65 -34
198 95 170 353 383 343 -80 -46
219 322 -85 -58 70 49 0 225
254 -132 -161 239 -21 270 28 -139
104 355 217 344 329 -54 194 408
464 156 204 454 449 338 275 346
292 -3 242 166 334 157 -33 26
213 122 286 175 214 132 291 18
-22 381 288 248 104 345 126 119
281 81 260 272 172 -113 290 238
25 158 289 121 246 424 60 106
173 218 -43 17 226 192 -113 277
368 444 -25 87 426 348 -19 329
279 -119 -52 251 24 158 178 139
240 165 220 334 83 429 351 34
36 -60 425 273 -48 -33 137 -5
345 249 191 -78 -31 135 382 94
136 309 206 393 340 200 171 398
207 207 346 154 232 78 385 291
401 414 50 38 163 0 191 208
-59 142 92 47 -56 198 -40 55
340 45 96 326 333 91 244 77
44 265 242 -13 201 -224 248 39
184 367 306 74 178 361 334 61
-69 -52 -74 124 163 -233 -87 32
450 341 217 228 474 433 296 112
290 246 194 399 147 220 479 467
62 201 141 441 279 -26 -35 362
-53 294 130 294 234 228 103 296
265 457 243 298 135 456 401 247
332 378 151 159 36 279 481 48
281 356 103 15 316 392 111 151
240 61 -23 335 2 80 277 401
206 0 392 356 434 272 193 186
76 -38 177 238 280 95 42 218
252 -122 127 171 204 51 -63 -106
-167 249 134 -185 -60 -147 99 125
315 101 -41 3 89 -11 346 256
-99 50 227 6 -73 -15 62 248
75 19 -176 93 38 150 -79 26
105 148 397 413 171 172 427 472
220 233 -68 -112 220 -84 67 139
131 474 340 -24 304 400 157 383
149 148 -67 240 152 169 84 -111
18 373 376 38 -50 371 372 124
75 318 -57 150 156 158 -112 149
130 317 226 68 331 281 39 216
189 156 25 256 25 50 367 294
129 -120 -96 55 121 183 -129 -81
173 77 318 464 160 73 329 197
166 216 342 44 297 99 -60 187
317 61 441 307 424 97 200 71
-34 334 352 7 91 362 145 115
-60 192 216 66 -72 201 96 93
143 18 -163 -30 171 -59 -124 179
179 -17 93 334 431 16 77 297
91 -6 37 -136 21 29 308 -152
423 -23 189 305 251 328 127 17
14 345 203 52 253 387 -57 -87
-108 132 203 169 -73 150 58 136
-39 -65 243 292 53 266 369 -97
36 161 -63 -92 30 11 -37 282
144 130 94 202 140 143 77 -132
7 215 2 -57 109 126 -22 102
-70 -2 176 -34 55 183 196 -71
73 214 7 -113 -15 94 67 -71
38 -99 204 116 151 -155 122 242
284 131 291 407 -11 324 433 361
394 26 217 167 419 20 80 122
474 481 409 -1 483 251 320 136
32 119 110 370 338 292 29 224
349 350 299 91 -117 1 343 204
225 11 208 -142 -15 74 228 -70
-28 303 122 343 -7 376 157 93
159 69 350 444 77 147 232 153
376 137 -100 87 -99 34 10 163
141 318 402 201 335 254 -5 245
482 158 167 208 393 218 146 165
-4 210 -16 -25 -181 -38 208 261
88 140 290 243 191 239 -106 -169
-100 -79 195 279 240 -138 174 267
-127 -183 -59 232 70 -22 -239 -48
127 255 -34 131 19 119 86 319
394 22 30 316 46 418 20 182
264 91 39 -28 -32 141 54 -42
154 152 -73 -185 -122 268 271 83
52 169 233 347 373 59 161 293
-36 61 154 -20 -149 -61 42 79
244 325 42 291 226 323 141 156
18 284 361 91 270 252 102 160
414 347 86 221 48 300 326 -50
341 261 126 12 3 474 363 44
156 -145 127 309 144 165 -27 85
-190 -170 57 210 -113 218 91 50
47 -14 47 292 151 72 -159 167
333 94 -92 301 -48 -133 174 322
82 254 147 -116 251 -86 5 26
137 192 285 319 131 25 169 230
39 53 351 375 336 260 73 413
125 228 47 237 88 416 98 70
-38 244 340 361 286 327 413 420
18 97 193 346 -70 99 312 297
-54 352 260 325 34 345 -30 132
203 195 -162 -155 -116 190 153 14
25 -70 266 312 223 167 -29 227
-122 -82 -24 87 255 -151 -91 61
36 -23 269 -76 -105 123 125 -112
73 334 116 217 244 280 76 281
278 392 70 -13 68 38 410 410
-7 33 -114 -1 -103 16 -199 -160
-58 158 254 192 225 384 99 10
-50 -146 53 73 228 -132 -66 144
206 -94 -21 115 75 170 117 -99
121 -15 -45 -120 152 -160 -192 122
-6 174 325 185 233 335 189 133
158 -117 -96 32 -48 -114 156 347
-67 235 -64 150 -86 183 65 324
360 116 28 314 -34 116 355 308
207 313 414 156 199 -3 374 199
389 80 228 375 235 253 462 321
331 13 -73 -103 181 -51 58 80
177 402 393 -62 276 212 315 22
-107 -62 135 24 -132 -119 3 33
-16 221 288 117 67 173 232 274
-214 244 127 16 -203 14 243 185
74 -22 298 163 362 -20 -119 35
-119 -29 260 119 191 -85 -54 40
141 172 60 -58 0 96 265 -118
-53 118 127 227 120 -82 -58 227
-42 327 -16 43 153 48 -58 326
367 68 423 377 465 28 71 359
142 0 56 276 260 -29 -105 167
398 199 5 157 4 79 289 451
352 -80 35 11 83 169 131 -79
-130 357 195 -74 -25 132 286 297
304 131 77 327 254 475 161 120
280 214 293 363 296 296 63 330
45 -97 33 49 105 -64 -54 157
321 -96 -46 348 -45 326 282 123
132 128 376 60 456 194 148 51
-148 62 289 270 -3 -128 170 299
26 103 195 153 -14 380 302 -45
-161 179 68 -165 71 243 -28 -184
-92 100 374 5 -19 165 179 -92
-19 -116 23 243 -178 40 103 -110
346 156 125 247 184 65 158 389
111 105 368 184 206 54 136 393
34 -87 271 303 88 73 175 116
-29 182 -125 -22 -194 38 247 -234
295 -114 -141 209 99 -106 27 222
-6 57 229 177 201 -10 211 198
179 368 239 171 162 153 359 210
385 480 -7 87 4 472 341 104
268 286 38 441 -22 373 446 464
173 -29 364 352 -1 364 353 130
67 91 357 178 161 157 117 -28
-52 137 126 101 -179 120 11 130
306 -20 -103 -179 232 -133 3 21
-46 88 136 257 4 244 269 199
-198 -11 14 114 -166 185 -116 -199
-42 62 269 97 -19 219 -31 55
301 154 411 86 418 15 363 329
364 3 253 -67 362 -76 4 127
43 -27 93 236 300 104 -47 -52
43 -155 -10 271 137 168 -93 23
361 80 351 200 384 84 66 396
-143 30 -50 83 232 -233 -193 121
-46 -137 248 223 12 10 257 29
410 116 54 186 351 30 201 250
165 295 293 113 270 206 -11 243
110 -35 222 12 113 -123 343 223
127 86 118 -19 -90 127 285 -9
144 340 401 114 403 388 -29 15
241 124 240 300 316 -101 225 347
197 297 -67 266 133 179 -20 361
-78 336 366 -14 388 173 65 203
150 218 396 322 262 290 198 -37
284 386 -2 125 377 53 -58 292
309 -81 -4 333 51 33 353 323
44 276 323 404 381 345 77 314
-102 164 148 -6 -74 -174 15 208
-71 302 3 -58 -35 -76 -25 156
34 170 157 484 188 55 140 492
9 229 -1 -27 154 190 -104 32
202 55 -59 358 169 123 67 -110
-80 -217 -64 174 109 -39 -170 -184
93 305 138 226 16 180 449 429
-4 -102 160 237 191 100 -200 254
313 133 209 320 243 174 453 54
161 253 100 363 181 384 82 109
-29 11 341 413 310 241 -24 48
101 -5 444 424 33 462 397 266
-194 -120 102 -111 1 -139 182 228
-179 232 253 -164 -5 0 23 72
406 263 80 109 372 -17 16 263
-76 181 305 152 298 -8 158 358
-46 -107 16 253 -88 -72 108 51
354 428 125 179 336 263 153 426
371 298 307 266 346 196 236 472
201 301 -71 261 276 37 -63 283
365 246 -17 440 232 407 294 215
127 170 -18 316 240 280 -16 257
-138 224 90 289 -19 -19 28 292
51 -124 251 110 126 -37 135 30
100 202 449 150 336 185 112 38
249 98 -156 257 -7 243 36 -45
207 -90 -17 279 -3 -1 85 254
-54 -96 255 211 -88 189 329 55
225 360 103 33 28 35 224 326
-24 364 160 89 223 381 -57 353
417 72 -57 402 113 289 -55 143
3 300 195 -93 174 287 -63 -133
488 336 310 185 384 76 222 410
-123 -196 200 -30 -78 185 48 -160
243 93 354 -31 340 123 12 -77
137 36 -121 112 76 -20 63 191
-6 62 180 108 373 335 -58 -16
61 160 -115 160 65 139 -134 291
300 105 -45 162 -63 61 80 361
21 -18 349 228 135 201 284 138
37 391 246 117 51 260 80 393
-89 -61 353 172 273 -32 54 70
363 198 -1 169 146 333 229 4
106 90 263 15 95 48 259 249
41 -185 114 239 -187 175 119 -209
145 270 308 94 295 169 336 -82
159 91 150 408 35 437 454 3
183 223 401 370 340 247 96 275
266 147 125 244 142 13 287 380
418 219 -12 227 354 156 292 419
12 226 387 220 229 311 204 73
141 149 -167 201 -81 235 -168 -219
169 323 37 -146 111 158 282 -117
-41 88 261 393 373 130 113 316
-54 28 223 150 181 137 344 -21
371 -50 116 299 199 157 194 206
328 336 22 105 181 350 382 172
-106 332 -73 -56 -114 251 -93 204
73 114 178 140 146 464 146 87
311 229 353 40 401 88 8 238
221 -88 -181 44 59 -1 43 -210
141 152 260 -131 -75 -146 263 101
100 -151 -14 167 -150 29 222 54
327 79 65 57 460 294 61 23
302 308 72 -63 -102 256 287 -76
-116 142 133 100 212 242 25 31
315 302 110 146 220 276 108 -113
-188 72 74 106 -167 -7 67 156
-6 -31 300 -4 182 -86 8 216
80 363 402 283 287 411 481 42
-54 366 104 9 342 243 -16 241
159 461 5 409 74 483 191 211
365 -32 -37 -60 -73 20 50 -83
66 37 -129 218 76 -117 -142 246
274 22 75 481 427 72 119 287
290 414 165 13 328 314 215 347
171 105 -80 237 -72 201 209 115
38 -25 75 -172 240 6 -134 -94
279 272 -112 302 256 293 -154 -47
6 166 282 56 414 184 93 65
112 285 143 454 94 383 298 36
13 217 311 189 340 -51 15 275
37 -48 256 186 291 189 194 159
-6 176 376 441 375 259 69 406
219 -70 59 410 -20 -30 408 389
-18 123 -10 -171 -85 -168 309 -49
-29 -26 117 143 37 -69 -54 166
100 308 471 -8 446 424 260 116
53 -58 73 239 186 -180 -82 238
240 -73 -127 204 204 324 -92 -88
102 174 293 288 -84 213 304 271
199 93 263 -46 270 55 -32 -193
77 258 -96 4 190 6 -57 329
115 108 331 311 196 29 234 387
314 90 -19 -54 310 47 -21 348
93 287 385 263 110 273 331 317
163 137 130 10 158 81 84 209
-109 -61 -49 -5 13 251 -108 -67
27 115 433 383 356 133 128 325
149 281 274 48 270 159 -41 -183
196 288 419 185 182 46 314 254
-163 241 175 121 -138 -154 114 213
-51 -1 -151 124 -127 -119 -34 36
-114 31 136 -64 -90 -161 116 154
-86 -90 -11 138 71 -76 -159 -48
-17 282 295 19 368 383 -18 215
-15 -91 322 -2 -44 233 301 -78
174 262 -173 -212 -194 -81 253 -108
247 -54 -140 196 -102 296 -142 120
267 60 -121 -135 240 -27 -66 280
95 273 346 111 359 234 34 90
2 31 132 271 202 307 -137 -4
52 180 -76 239 -24 -122 -26 259
72 -174 140 239 116 159 218 13
195 93 313 463 142 301 427 272
136 391 62 54 174 120 44 162
376 341 486 252 401 137 470 480
-148 191 -63 -215 178 -228 -183 -103
85 315 249 305 90 285 98 421
49 27 331 214 177 100 278 387
-159 132 280 -39 -24 -17 223 153
-88 -47 -180 232 243 -104 -204 198
224 350 370 419 299 190 277 402
27 408 425 185 431 395 180 151
122 276 108 -73 189 185 -72 175
103 162 -197 103 271 -98 -9 224
24 204 91 -1 -32 132 198 89
137 -48 191 192 -148 189 304 39
60 225 208 153 212 0 54 408
296 267 46 303 9 364 320 38
347 336 59 94 406 293 -20 78
203 274 131 3 -89 -107 234 158
-7 -135 -206 7 59 -20 -129 -172
-143 245 240 -13 200 -51 64 195
202 -15 347 208 1 147 345 -11
-144 85 -8 -137 -98 -55 299 210
74 84 -184 -52 51 44 -103 31
-100 176 136 60 43 301 -15 99
336 385 297 40 457 305 123 254
184 384 50 21 133 406 206 77
335 388 -17 160 97 -57 45 319
120 -15 -83 158 182 -71 -110 191
234 70 154 289 233 77 -59 3
6 169 220 316 215 326 281 92
363 228 46 240 362 159 -8 392
328 49 -52 182 288 228 -54 53
281 89 -39 245 14 232 56 -34
54 56 19 306 -112 106 99 106
270 79 -80 -71 293 280 223 -71
174 295 456 -22 451 204 264 -7
-64 246 -64 -68 -68 162 139 312
274 255 -69 52 360 153 22 263
37 147 466 139 273 20 32 334
-125 207 298 -51 241 -89 59 103
115 199 295 9 432 415 21 7
23 105 -100 -112 189 -210 -145 139
65 443 62 158 71 331 -22 415
166 288 -101 -145 126 -91 -104 198
99 90 211 247 102 232 331 217
166 -24 6 292 285 390 43 -23
34 243 214 -32 274 87 11 -76
8 379 256 45 117 326 -90 -51
-60 117 330 189 68 -57 190 314
357 327 -50 338 127 384 275 69
52 430 396 286 184 432 417 13
254 73 52 304 50 415 106 -57
3 13 257 270 210 -174 -131 204
112 90 423 471 161 204 283 6
77 204 245 -123 189 -135 216 -20
-73 39 -168 -241 -232 -139 103 -243
234 -119 257 80 240 -81 -73 -169
102 161 -56 396 106 257 57 117
393 281 391 66 433 150 234 434
401 319 95 88 440 326 131 155
237 76 426 59 326 32 164 164
-67 228 -132 -153 -107 197 -23 260
-62 209 251 -56 105 254 149 1
-3 335 294 165 -38 61 400 222
428 26 219 321 323 315 211 45
92 167 137 309 228 337 -110 116
317 382 309 86 339 173 251 -17
143 227 132 123 318 147 80 192
-74 -124 101 158 -95 79 -2 -112
342 389 -36 95 41 -33 17 333
-123 251 250 -133 124 -126 135 81
263 -94 -162 272 259 -47 -135 -67
360 462 157 4 271 308 363 -12
215 -29 222 363 91 310 409 58
-142 -219 41 -48 121 -223 -161 -137
365 446 203 150 409 11 44 409
378 415 11 268 369 156 22 289
64 -41 216 186 311 162 -56 251
209 275 34 -174 -138 20 199 -21
427 164 76 164 142 369 477 15
295 252 138 332 419 435 223 204
-137 226 158 -202 -57 -129 65 203
-7 82 183 317 396 48 109 348
28 18 350 136 259 137 283 -59
197 180 -1 304 323 434 168 153
228 352 162 263 415 223 162 307
77 -150 -49 93 147 263 -67 -134
277 165 -82 54 360 349 198 41
-142 88 294 115 183 -112 246 256
115 -4 279 356 55 418 345 277
387 405 73 372 377 415 136 123
121 197 -11 331 283 243 28 258
-121 16 188 -3 99 -112 170 241
114 272 383 294 355 92 272 313
334 309 246 36 299 169 133 214
197 -8 -54 197 -127 76 333 227
195 238 -110 275 -72 296 -82 167
83 294 314 47 144 -43 355 359
-77 -100 150 242 77 -40 -174 4
33 217 207 271 122 281 176 115
220 122 -25 -73 80 239 147 -89
95 61 249 139 53 215 263 85
8 -69 192 150 -73 223 41 -128
412 284 -9 341 127 383 37 127
198 295 227 -62 236 191 -20 -58
380 53 -26 287 -21 257 -15 381
5 431 199 52 245 411 -13 407
-80 363 169 217 24 306 66 95
369 111 228 452 374 381 252 119
302 73 -88 -136 -64 -29 21 -124
-203 81 213 -106 204 -150 31 250
363 5 354 425 327 39 363 281
27 312 423 -24 387 439 274 62
93 258 130 -93 143 -73 -34 -66
99 229 100 351 440 140 -32 282
276 32 390 145 336 41 413 431
95 189 369 225 300 156 369 341
110 176 273 60 261 129 57 -1
-86 226 289 -93 -87 -148 122 123
-112 -88 115 -98 -18 -152 -74 -9
134 166 -87 157 140 89 4 370
212 108 19 191 275 278 117 31
25 350 355 385 323 205 103 363
130 247 242 -106 -83 28 317 281
274 227 -116 57 -100 202 105 -160
238 89 -151 109 93 -36 34 181
207 1 242 81 219 172 240 -32
-177 200 251 -68 211 -94 56 190
-99 123 135 336 109 -121 53 281
-105 -13 167 -124 211 126 137 -116
152 38 -17 154 62 189 3 72
-44 -59 271 325 106 8 -50 198
202 78 -78 256 -45 222 296 32
176 80 67 265 76 128 250 81
112 243 -28 160 34 308 45 83
228 75 -165 258 236 235 156 89
218 -88 -39 194 -93 -49 102 44
295 180 101 305 115 343 244 -106
161 -49 -121 335 286 68 21 -102
141 202 -125 -160 14 -72 144 253
367 54 38 159 97 235 46 23
132 237 -152 28 7 -155 -160 212
96 243 -63 -41 -94 165 177 49
-5 -35 206 12 124 -96 40 297
-18 291 390 170 -3 170 314 317
359 238 89 327 42 259 292 358
-110 -80 54 28 130 261 -136 -147
323 23 52 217 193 63 336 112
306 52 77 40 277 -111 -120 281
155 31 234 263 -184 -96 315 196
325 176 56 280 450 352 138 197
138 235 -133 119 129 250 -127 30
60 21 -9 225 5 133 182 454
163 -129 -170 134 -192 -87 99 153
-20 131 213 389 225 202 -58 201
114 75 265 60 217 49 -79 297
183 35 -202 -10 218 215 24 -3
154 77 234 -112 173 -200 213 -4
357 217 190 99 128 282 324 -36
-75 126 234 -96 23 82 23 -92
109 75 219 196 -129 360 232 95
21 84 137 50 189 202 -37 -72
-71 229 412 284 244 280 119 94
449 369 350 -24 133 407 378 43
215 288 -66 141 -95 30 38 228
347 232 376 291 413 291 10 279
234 95 172 -205 267 137 136 -140
60 -76 225 -179 -118 -93 109 -92
375 327 183 126 49 257 320 262
275 343 318 -92 328 173 27 284
-98 82 391 211 131 341 68 38
249 72 -53 269 65 -75 172 166
213 281 -105 -154 5 274 3 -54
-101 2 305 297 345 267 -5 124
-29 347 221 151 34 272 343 166
175 200 -50 -82 -49 171 186 -180
45 -21 263 209 288 185 -85 -99
83 -85 330 240 186 -66 -21 47
-46 303 187 211 -57 6 237 271
305 316 219 36 358 -15 45 363
25 194 288 353 -5 402 180 119
8 141 -20 292 -84 225 235 -45
-134 336 178 297 143 319 35 75
261 145 429 406 247 321 430 -29
186 408 180 67 400 161 15 228
81 275 246 353 127 356 135 53
321 201 455 443 430 -12 401 470
315 -38 144 337 341 146 238 58
23 142 257 -102 253 -111 130 300
340 58 185 64 195 173 260 -38
307 94 17 236 -77 343 257 117
358 181 114 172 91 135 325 254
-37 59 217 302 148 -77 -9 282
67 229 202 59 -57 102 124 204
-59 -123 -42 -62 -138 -121 219 76
56 155 441 349 357 281 303 434
-111 265 205 1 -103 147 334 -46
-60 78 177 258 19 144 113 -24
-15 172 145 -27 -31 -227 128 40
242 232 -115 -96 122 298 110 32
87 141 -51 73 21 -159 85 237
80 46 194 429 -28 70 366 292
232 31 5 149 -105 31 236 317
73 108 478 423 254 8 179 392
111 -80 287 192 277 -115 163 229
82 473 304 147 -1 302 190 400
342 119 20 -113 -43 55 74 -104
261 219 100 -77 210 115 -87 63
304 208 -82 386 72 256 212 348
90 274 428 401 143 301 146 112
16 -62 265 165 275 -135 -5 182
209 -78 -86 149 2 324 -119 -16
359 397 257 28 320 204 82 141
38 112 229 0 154 -47 292 229
133 -119 -86 34 -100 -191 138 253
70 -58 22 174 270 -104 -93 261
322 318 299 22 395 23 81 155
-35 233 197 -104 236 -69 -44 -60
282 117 385 179 351 30 422 441
-22 225 307 -176 137 198 6 188
286 230 -106 108 -54 18 14 203
70 -30 -49 250 215 84 42 -4
282 -93 186 305 4 68 360 76
421 279 46 285 185 105 25 395
211 174 -29 95 -11 32 57 393
145 165 -36 154 388 364 -77 103
124 -134 -55 78 -32 -39 23 154
234 -47 180 -78 69 255 224 -128
271 142 -198 -12 201 -66 261 176
-60 55 15 209 101 252 -159 8
-174 56 197 -89 -58 117 15 -124
-15 409 -15 -51 -33 191 185 252
140 305 -36 -11 275 -4 -71 71
-42 -104 -53 101 239 -9 -181 -25
84 476 422 169 160 363 430 440
108 -179 267 101 -84 242 283 -54
219 22 -31 114 315 238 -40 -141
271 -189 -189 276 11 -132 298 -8
60 -107 -86 19 -87 -180 76 44
285 109 0 -79 310 -63 48 173
250 -37 250 407 204 190 409 317
391 128 89 205 387 69 398 267
-76 271 57 102 -64 117 265 118
340 451 272 -1 358 433 185 346
99 38 311 245 11 208 237 152
104 -20 313 179 202 -6 -85 188
-155 -10 295 -63 -33 -85 195 212
44 210 196 -168 -121 -27 290 226
278 -81 112 260 18 262 121 248
29 -133 -27 234 -1 -108 287 -141
266 57 -59 10 -14 125 118 -56
176 223 224 -101 -185 -25 234 248
66 421 124 161 192 212 53 390
115 155 158 -147 -84 235 222 88
9 369 302 0 235 -9 285 183
244 183 114 89 -18 403 335 -36
97 49 -117 198 105 148 -81 108
235 -65 -176 -79 -15 70 -58 -167
357 475 349 143 250 152 372 227
-166 -86 289 174 217 199 272 95
-18 165 191 208 189 -41 -37 239
323 134 164 198 174 140 227 243
17 -52 -77 281 302 99 -69 222
142 146 -84 -159 -57 -11 97 -2
296 367 125 344 249 366 388 264
57 269 213 96 213 314 153 66
86 -136 -186 199 26 42 -44 3
282 -143 -46 115 -87 -70 169 133
-111 251 74 -177 -153 117 283 -110
173 -23 -50 364 38 48 41 259
-65 -44 -18 137 133 -23 -100 55
18 -92 -244 158 183 -24 -204 108
213 29 175 425 -4 285 322 294
50 333 143 101 210 376 69 53
315 114 78 174 274 21 29 298
431 120 49 341 459 37 268 426
387 -6 133 31 -46 275 234 -51
138 330 441 243 198 86 285 354
155 158 54 -132 -154 -36 245 85
-134 184 277 -14 213 213 15 81
-180 74 200 -160 -15 -169 244 -62
157 92 257 245 199 372 239 33
173 240 82 -159 222 133 18 257
169 -19 -45 58 -22 -87 103 224
391 -60 -86 215 77 -78 254 111
447 470 205 62 387 260 314 328
170 124 324 -14 230 11 275 395
54 344 111 -103 29 308 119 190
425 18 356 297 421 77 297 449
-135 -143 151 179 -179 -54 -3 -130
108 -46 230 359 386 -27 120 323
-13 243 -120 108 -27 314 -106 92
-3 370 293 258 128 455 141 234
35 189 108 -25 -18 52 97 146
205 -8 367 451 413 298 99 323
146 49 164 251 102 326 274 20
52 213 -114 -131 -199 96 12 51
294 217 -27 73 223 202 202 115
-10 -160 -105 0 -46 -173 62 139
259 353 259 181 103 124 410 313
-116 -113 270 -122 38 25 40 -180
401 226 34 133 23 192 112 125
-91 197 110 -95 335 84 -47 -35
-69 168 157 147 32 -1 212 400
-157 302 99 33 -50 243 -97 85
61 177 -108 -150 -15 75 -47 -138
-189 233 -182 -100 -163 111 -227 62
212 -8 385 298 46 19 344 109
74 136 144 -18 77 -45 220 199
55 -138 57 152 -67 27 282 208
353 217 -90 -25 195 90 50 105
64 241 406 81 43 91 132 326
29 -22 457 452 158 62 56 144
-118 -79 -117 -141 -127 -149 202 191
261 66 22 -119 -197 263 247 -206
389 104 4 333 412 370 3 24
-37 302 275 41 273 48 -19 175
208 203 -46 75 34 175 123 -38
71 108 -53 292 -12 80 28 217
96 34 153 75 268 -113 -79 272
-80 27 404 288 54 -71 294 271
300 331 86 -23 184 97 65 181
274 -41 -108 -20 184 -166 137 72
15 -14 199 100 73 -69 -30 84
-139 79 -1 172 -142 215 112 13
93 -77 158 99 -119 111 199 -148
234 -62 -17 145 6 -55 247 204
262 -135 67 70 178 201 48 -193
-18 251 -148 -112 -132 222 107 -50
-91 -30 321 198 120 -25 87 72
275 254 -65 372 225 325 -68 267
-91 301 287 -125 256 258 -58 35
225 456 290 49 349 221 25 427
134 219 201 394 177 231 -47 212
0 139 140 -45 -96 65 366 255
270 482 453 220 376 20 415 410
-10 5 56 201 163 107 -39 88
410 -14 91 416 238 419 98 48
-167 30 73 74 76 54 -31 60
390 267 49 282 203 -6 157 378
215 154 89 -154 237 -89 -115 198
354 340 226 -61 348 310 -9 320
120 -30 -50 10 181 -135 -27 105
377 239 280 -2 124 -30 389 247
148 364 126 -13 38 -46 370 181
99 -45 -44 339 -106 203 154 44
241 290 261 -31 54 -159 291 131
243 48 22 388 -42 29 72 362
229 88 269 205 288 198 -96 92
116 40 347 69 181 -39 334 308
116 210 407 108 -36 326 305 79
-215 -200 209 -138 -25 206 -108 -186
-63 136 152 -91 -1 27 164 112
-48 -24 -170 -179 -151 65 -41 -37
-62 264 -37 399 344 55 -63 291
206 80 271 176 221 169 372 162
315 186 -8 214 247 297 -40 -89
