1000
402 134 76 469 452 270 236 174
-4 232 -40 -135 245 -93 -145 203
140 473 87 5 163 423 -17 433
276 41 21 15 10 -22 238 102
85 -16 53 -109 96 46 37 -187
-49 326 230 -19 -40 -124 201 21
-156 169 251 233 3 -14 -38 271
-147 -166 200 120 58 49 241 4
297 206 -41 108 164 -7 132 209
176 186 193 315 300 401 45 146
367 402 340 201 390 304 114 -59
-28 -199 -177 214 -84 255 -204 -49
246 -69 3 -163 180 318 72 -141
246 -225 74 -186 66 -225 155 -151
-3 207 -115 -213 -186 -140 228 107
-61 271 270 22 50 40 39 235
-64 107 17 1 164 25 10 8
-55 94 312 222 339 8 -10 281
365 3 301 416 223 374 373 29
55 -104 -57 303 48 153 -121 261
47 -94 108 183 320 -17 -38 192
-68 246 25 72 23 326 -144 -78
119 -162 201 182 -21 164 234 -64
73 168 -107 -66 -98 253 229 -165
130 68 177 426 93 173 263 218
91 163 -1 -26 23 10 -76 -7
67 157 389 439 136 401 418 183
92 305 192 -33 135 131 407 292
79 247 132 136 -53 -1 120 295
188 378 82 30 109 352 402 111
255 395 12 222 123 381 314 351
24 -123 181 29 231 -6 41 -9
253 23 99 319 9 172 369 311
149 -24 -6 312 14 51 340 51
118 -39 355 320 189 -27 28 -18
0 23 148 93 10 89 319 -45
-18 78 306 311 48 -76 6 255
-28 49 -143 182 217 244 -109 10
152 -20 107 93 408 173 -29 -24
265 161 101 252 122 118 479 248
-123 -104 249 207 153 242 -120 -170
-133 -14 258 243 -101 -209 -86 90
63 247 -28 -195 222 -231 -231 -124
-72 -60 151 268 138 170 122 297
42 51 169 361 243 45 -65 262
319 249 -65 332 23 163 15 318
-221 53 -39 -184 -94 -129 254 -235
222 -182 -44 246 -35 169 263 178
76 170 70 -77 139 -3 -89 12
279 400 38 258 79 456 219 143
-200 -14 121 263 219 -69 -21 259
11 304 -46 26 256 53 -79 25
286 -22 -88 163 249 219 -41 43
97 243 444 422 188 312 96 13
109 209 -79 -159 111 140 -152 -118
71 177 359 334 -29 163 237 254
23 -28 216 47 -62 45 331 -43
204 94 370 376 -26 -8 298 159
-39 23 216 36 15 172 -38 -147
228 183 -25 86 131 382 334 -84
-62 266 372 363 -33 -27 -41 275
-64 111 166 95 4 319 130 -109
259 148 -12 4 157 149 215 -125
367 339 362 37 411 162 262 393
420 144 -64 179 250 132 78 277
-19 48 394 286 42 81 -30 197
198 258 133 65 -46 105 196 203
231 -34 339 233 256 298 411 38
52 425 270 44 29 274 332 120
61 -94 290 194 227 -57 185 280
321 292 60 101 87 24 270 332
-13 313 -92 -48 31 -57 -155 168
135 112 112 397 191 374 105 138
363 242 139 2 201 272 305 17
158 66 346 -12 267 203 231 -46
-157 118 179 -113 -88 -75 256 299
205 0 409 349 387 125 38 236
72 -36 -193 -129 -122 -24 -7 -167
-24 188 407 55 134 80 401 351
337 73 217 444 135 148 330 143
311 66 -81 121 134 397 75 -67
231 -58 -130 -41 240 58 -22 -77
90 59 -30 -106 -134 -92 99 -31
113 203 289 -117 -80 188 271 -24
-96 38 330 -62 323 -29 66 -72
-135 -4 193 205 23 143 242 177
225 228 -137 -23 0 217 331 150
-65 105 217 108 -38 194 73 -109
-198 27 222 276 270 115 -119 129
237 -129 300 -72 100 226 274 -111
138 245 143 12 115 88 246 180
81 370 200 -38 -25 73 256 105
196 -111 -112 112 -80 -114 155 252
-123 190 189 77 83 -64 -130 259
50 90 257 335 142 162 11 318
106 200 72 -123 200 51 -152 78
356 -35 138 163 330 374 103 5
87 -130 -25 -211 79 -184 -203 -223
388 284 22 167 253 43 -46 374
-10 150 323 339 -22 104 404 400
94 54 189 490 10 494 417 61
232 357 352 31 143 -9 281 271
257 38 -199 -179 63 -125 -67 196
26 276 120 290 -4 213 97 397
21 291 45 41 459 -13 20 174
236 195 -218 231 -55 253 114 87
-110 87 343 32 174 17 285 353
191 -35 167 313 430 339 161 275
9 -38 233 49 207 18 172 319
-81 121 278 340 315 203 77 342
315 252 372 151 454 373 302 221
387 123 54 250 149 -5 214 276
-125 266 261 243 71 275 210 -161
299 -52 -59 313 384 262 172 -36
-33 232 -58 -151 107 110 -104 173
275 -108 276 258 -108 -53 348 -35
-7 93 -113 178 -44 106 79 248
193 43 -33 242 307 221 -15 -147
433 426 145 378 160 385 20 69
-69 149 -58 -170 -120 253 -25 8
23 88 357 121 171 231 43 -64
12 213 -139 -98 -150 38 121 53
255 89 267 393 387 125 -39 203
398 46 308 237 370 155 259 -1
212 -134 -194 260 -204 244 184 104
123 319 284 33 317 -90 162 271
-123 161 79 -32 -48 47 147 199
161 346 380 8 35 -3 436 393
154 163 145 -3 42 153 317 62
94 188 354 249 293 54 325 409
-133 162 -101 -171 -170 84 46 274
298 420 208 156 162 341 298 233
407 -2 6 183 -14 66 467 273
-178 230 218 159 -149 295 -111 -122
349 363 269 70 278 349 326 -53
-48 149 -17 -132 -16 139 -109 112
11 -88 45 186 145 -15 2 -92
272 -197 -10 -56 191 -204 -62 13
-118 -52 335 369 25 285 274 231
342 23 -79 331 396 84 164 4
-20 412 308 183 49 372 294 125
280 180 25 321 -67 283 331 278
150 -60 56 35 -101 49 342 -47
238 155 -117 62 133 99 27 111
328 53 355 371 468 269 126 245
-63 -120 242 121 209 -53 229 263
63 247 298 -97 280 157 212 23
132 -77 325 30 229 -53 216 286
392 52 185 177 402 2 287 305
151 374 383 146 377 300 165 40
158 -142 205 100 211 -16 132 -136
235 59 55 60 188 279 80 10
-147 -130 230 283 -87 248 119 -66
49 138 0 -152 106 140 -103 112
240 0 236 417 87 -23 277 359
41 178 114 -56 290 119 -114 -13
241 45 44 270 355 8 27 131
261 47 -9 115 122 -55 -2 148
195 -46 389 147 308 345 356 -52
208 124 446 419 252 31 426 462
377 185 -39 398 207 426 125 240
-132 160 277 -35 -142 232 229 -73
25 54 69 -161 -111 -58 242 118
230 88 134 -193 208 -202 -162 -119
279 127 343 208 459 154 189 196
-52 74 192 244 86 14 7 319
157 316 -44 -21 343 -79 -142 12
44 3 135 231 -40 -5 278 199
326 75 -32 83 284 -8 380 286
254 -38 -45 -57 -51 33 -37 -75
253 228 2 70 196 -155 -5 217
-27 228 162 -73 -121 -117 231 205
142 -107 134 224 247 109 121 -147
232 408 -55 -49 325 97 47 164
-121 190 -17 -191 -202 33 138 -187
-122 276 87 -71 -118 232 151 261
72 73 380 135 477 75 111 239
239 18 -79 47 105 -137 65 268
-56 -36 173 68 264 -75 -53 249
107 101 93 333 196 331 51 -19
310 282 258 26 64 355 372 -6
292 79 -18 -58 15 -70 398 171
-36 -162 -130 45 -162 -135 125 -1
-133 -124 246 20 61 -121 -147 -7
397 77 106 34 -47 246 246 -38
348 325 84 181 8 3 316 342
132 159 391 330 291 410 84 46
428 114 79 193 200 259 89 178
18 -185 144 48 74 -101 -66 -44
167 352 279 -44 280 -117 250 82
300 42 -99 11 4 -4 177 281
264 81 -159 -163 237 -77 225 73
99 213 130 124 208 184 -102 112
228 37 281 298 50 69 414 165
217 -5 17 -46 348 416 117 -28
270 220 -66 -43 -72 291 10 -40
114 403 330 198 227 315 315 52
6 269 423 216 40 341 212 214
216 -3 -117 112 171 48 -37 77
78 187 -56 -131 257 237 -83 44
178 78 182 450 405 128 11 438
178 285 -34 -68 44 268 247 26
-139 172 271 147 -18 0 250 277
33 0 200 -192 -203 -125 252 60
125 -65 -226 -40 78 -214 47 232
155 -135 -157 128 155 258 -87 -52
-138 194 137 278 -61 284 15 10
87 170 270 198 27 -196 278 212
-102 279 195 323 181 341 195 202
-92 125 99 -164 115 18 11 -103
221 102 29 70 23 80 192 -67
36 171 -167 -160 -49 82 72 176
446 259 237 408 475 395 101 112
431 248 -16 157 45 153 307 284
-103 335 324 99 69 266 106 50
241 184 -41 -87 294 128 -79 25
-196 73 159 -191 181 251 21 -158
363 280 383 125 86 71 427 175
-19 -47 -7 222 -55 152 244 -184
75 85 -167 -180 -7 91 21 3
58 59 216 101 268 269 61 -65
75 367 329 76 492 282 96 171
419 169 142 315 439 177 134 227
266 112 298 310 272 165 395 82
462 89 75 182 156 98 100 322
-9 123 257 -1 327 -119 -153 295
181 21 -189 -214 -150 207 -75 -220
376 445 354 33 388 89 268 153
-4 24 244 391 97 405 370 193
49 -77 -145 -60 34 262 -112 -83
-120 -127 233 272 -172 221 280 -149
-162 -80 167 185 166 -180 101 188
144 -27 -79 275 -159 -32 311 253
60 353 293 255 60 330 186 425
-77 -41 -72 94 -44 180 -119 -158
70 153 102 -129 57 -88 277 288
315 198 -20 29 85 -18 -78 187
-9 20 -94 257 -72 104 -43 197
259 92 116 387 121 223 397 292
231 51 11 209 57 103 399 13
354 263 72 401 321 151 168 427
63 -144 265 228 -72 53 199 -50
173 140 378 404 346 401 426 278
119 -127 -106 -152 -89 -1 91 -158
107 178 -104 73 18 -44 42 152
176 258 -21 5 -34 95 160 -44
321 2 154 373 -19 383 378 282
410 317 151 235 231 91 187 343
381 13 140 318 268 414 225 93
137 101 32 255 140 108 89 95
77 188 -122 120 -134 148 301 -70
168 -110 15 209 184 200 -92 -1
73 169 -126 -120 282 85 -68 40
10 55 193 286 161 186 -66 73
-123 -216 -28 189 -150 -156 111 -110
367 401 429 145 429 442 365 292
257 89 -60 -57 274 177 -108 -139
11 177 133 33 29 90 69 135
114 -160 79 -143 259 7 34 -199
72 328 492 226 178 179 497 367
182 -81 273 234 263 187 -8 304
105 38 356 117 1 356 205 21
-38 173 220 336 240 -10 213 347
314 338 111 83 256 -37 -8 342
-10 305 256 -3 301 226 10 118
-190 59 178 227 124 200 -185 143
123 272 27 20 236 -83 -81 123
153 -157 71 100 75 102 -160 -153
84 471 450 29 90 291 273 330
206 -29 -9 328 -10 271 241 390
341 41 -47 274 288 -44 143 194
-7 -74 271 12 -20 -36 163 -132
-42 227 191 -20 80 100 -179 247
263 245 194 -68 248 143 -50 198
177 -52 89 319 124 312 -63 65
17 306 -136 -68 -189 194 -28 133
168 56 119 -20 263 335 151 10
237 76 216 -133 -3 -151 288 84
-104 370 188 -83 136 305 -109 -69
221 -72 82 281 172 373 54 123
172 332 64 25 -23 26 261 228
165 398 142 -65 263 82 -34 -7
-34 -95 137 -48 46 -208 8 45
162 179 -25 -129 -5 107 148 -116
122 326 195 76 78 94 413 174
166 9 49 -57 -66 -26 412 -45
46 131 61 -40 215 210 -4 -32
189 -63 212 143 350 10 -53 298
-34 152 426 357 383 146 -21 406
248 389 435 346 350 491 301 250
-29 100 178 178 217 6 43 246
126 -86 247 387 -93 99 368 157
0 71 195 -27 237 161 0 3
-30 80 393 118 279 462 14 48
122 279 321 98 66 166 376 125
107 387 328 68 -12 96 321 111
321 51 -45 -54 273 15 316 390
156 -21 11 3 221 126 121 -95
-134 -138 95 212 137 111 -157 230
387 243 11 22 384 25 264 391
-7 216 163 -83 292 265 144 -70
139 252 189 475 13 216 416 334
-12 385 259 30 -9 189 449 397
344 28 355 236 374 180 -59 222
404 433 131 35 419 275 228 378
182 146 165 375 52 182 411 384
-43 -39 347 274 20 -127 -5 86
175 -189 -224 202 203 10 109 -217
169 -54 -128 -163 -32 -162 224 264
10 395 485 144 82 125 162 319
200 -5 277 240 153 253 284 62
202 335 192 211 386 234 143 328
-2 58 79 -39 218 68 -19 -13
124 -1 -132 0 -47 111 -74 -100
409 132 33 185 175 344 401 51
-78 277 336 -19 278 348 108 88
311 327 404 48 217 203 392 291
80 75 357 60 411 189 251 -50
244 349 167 -5 216 -129 158 190
-28 243 227 101 137 55 136 362
-122 158 211 -188 170 74 28 -167
126 298 262 -123 336 -57 143 47
272 138 -117 325 -100 -55 -20 281
365 323 296 62 488 341 293 157
79 138 212 -52 207 123 -55 -179
-238 -75 125 79 31 206 50 -169
314 30 -153 83 60 298 96 -20
-151 324 92 -116 -68 335 -101 163
209 -176 112 116 195 -113 -87 93
121 375 93 10 285 101 -17 68
-74 -81 209 136 18 -13 310 258
344 -91 -126 64 144 -126 -67 173
-75 -25 297 42 -53 -127 35 12
237 317 61 -110 245 324 166 206
380 345 485 53 438 255 478 67
32 93 261 340 292 185 2 216
104 -19 116 280 114 2 -66 -91
405 37 207 276 281 66 382 399
-17 -151 184 245 -67 38 171 86
161 -15 103 376 105 -35 227 423
252 9 73 146 37 -219 268 129
180 -1 5 362 313 234 19 56
-134 197 -21 145 -9 219 -112 165
96 222 -64 129 -134 236 225 76
-41 388 267 12 130 138 191 115
198 112 -39 214 55 63 417 327
85 -53 14 214 1 -110 119 238
397 119 14 5 406 89 3 269
417 108 126 156 212 39 101 360
239 284 312 309 189 214 359 360
336 460 431 37 213 381 391 349
207 -92 -70 84 129 84 141 -170
55 31 87 403 397 95 31 168
47 60 136 -107 329 -106 -24 -98
171 -2 83 208 62 147 165 125
304 193 86 -76 145 316 383 -28
-108 169 6 12 -196 185 145 59
130 -209 41 197 42 200 31 116
25 290 271 162 236 172 333 440
239 186 -72 300 125 261 168 60
-39 284 242 -46 263 70 50 -182
369 -3 221 386 330 47 436 199
120 146 44 202 82 127 24 286
458 371 416 336 477 213 389 422
118 -96 -115 41 86 -74 -55 -24
-47 -36 285 292 82 14 82 210
-110 -184 74 32 -31 -84 243 -188
-120 226 -69 -40 -215 177 118 214
466 393 193 10 117 208 377 206
-113 -84 8 111 288 12 -192 -90
-88 -89 200 185 206 181 56 161
461 202 82 176 396 366 28 93
207 23 347 272 257 285 315 -52
-150 248 169 167 -174 185 12 212
-110 80 243 -86 88 -53 65 121
129 266 252 328 160 351 277 291
-7 -38 282 -42 12 84 196 -43
232 126 -168 -137 122 -160 -188 260
363 151 -9 -32 280 -83 316 276
231 -152 -58 -59 221 -6 27 -107
332 150 -49 -14 144 -8 250 391
28 -37 321 417 99 352 378 325
134 64 193 -108 153 -60 203 127
299 166 -50 96 208 -31 235 287
95 129 -51 -117 31 -76 -91 -83
143 187 283 -76 41 21 363 94
202 234 -65 -199 -91 -207 100 41
83 1 233 355 85 371 417 288
-92 283 136 63 209 284 -148 66
271 227 152 -160 136 -117 188 -117
-19 112 410 181 36 343 211 87
195 164 326 270 75 219 348 191
422 157 35 54 -36 77 402 120
248 -167 251 62 11 163 298 -196
-148 -62 -10 -28 58 -133 -195 227
137 263 357 172 111 316 417 5
98 311 306 -77 -37 29 390 396
474 212 86 129 221 173 61 115
449 324 277 233 422 293 219 209
250 251 43 135 126 76 73 298
-18 -136 29 109 -160 -41 77 87
-34 -14 309 -16 -68 361 283 -17
-124 188 121 289 55 262 -105 -87
245 -23 3 84 -37 354 195 -64
137 282 -97 -80 108 287 290 -37
-77 128 393 -53 58 41 127 223
-18 -64 -160 110 -163 -42 114 154
28 84 7 -114 3 -75 189 140
0 150 364 -64 400 365 -25 -43
70 -3 294 64 87 -1 -22 142
183 225 91 -8 -54 -69 252 187
203 49 222 363 237 302 152 236
87 235 273 71 264 90 104 -10
-129 -198 -53 217 -97 210 -3 152
218 -31 101 156 -236 -155 212 38
216 241 -9 97 -26 245 55 -115
167 69 439 125 269 214 357 101
122 111 -136 -102 185 190 -100 -128
-155 7 291 91 15 154 92 -90
67 126 -73 302 280 121 -119 263
293 122 116 248 82 26 142 305
334 23 177 337 382 177 203 113
431 183 183 133 307 143 351 212
260 252 198 -29 346 280 0 -92
362 353 329 89 334 140 397 383
16 412 490 57 277 224 386 70
127 101 -184 232 130 164 -31 -21
-149 86 254 139 239 213 -181 31
24 88 9 -191 -81 -103 106 -76
384 67 -22 257 116 231 6 168
-42 -212 140 123 -113 80 50 -83
426 273 152 19 161 471 439 0
48 140 300 -43 266 -104 228 190
128 -45 371 319 228 -18 187 243
224 97 130 398 46 370 202 237
-30 -15 305 341 259 390 184 21
166 48 200 291 289 -47 -52 217
414 -10 -8 261 355 318 -12 143
76 198 275 -115 72 -41 157 345
68 358 296 51 408 25 26 362
173 32 267 57 298 -60 -55 319
-56 -112 290 157 6 -67 -15 266
54 240 26 -184 -165 -168 232 -34
118 103 113 182 110 113 350 -133
19 -27 105 216 87 -82 -71 149
312 268 372 111 -86 279 372 156
-78 367 371 15 -5 -2 221 265
377 163 52 278 286 146 336 367
258 103 35 -59 162 -72 76 220
190 -102 90 288 -40 147 290 227
113 78 332 -33 233 -118 101 238
238 324 124 12 32 120 273 112
227 3 -22 389 70 212 248 398
97 167 -153 26 123 4 53 208
208 68 -84 -19 167 285 62 -68
41 180 -32 -158 42 155 -144 -199
-120 213 -26 -89 -3 77 -198 119
-43 323 106 122 -79 206 173 133
-31 -32 326 170 22 231 223 86
465 125 123 -7 217 338 298 7
-34 361 108 23 44 335 -80 -97
263 -145 209 187 -158 135 260 17
6 408 -31 99 363 305 -28 142
203 39 49 -199 -159 55 139 -98
372 120 51 357 406 57 55 449
123 190 165 -11 131 140 276 11
247 -189 40 -4 66 -148 180 33
-41 327 237 96 178 -77 163 188
154 220 37 -10 194 242 -105 33
79 -77 266 154 125 -72 75 43
206 87 30 108 87 -74 106 385
-89 334 305 -17 20 9 107 391
136 203 416 60 414 388 302 112
-51 239 225 302 -107 239 324 302
325 139 -70 114 141 287 131 86
-22 308 109 3 -11 182 325 258
-41 -126 175 201 -149 -125 217 -78
386 149 191 290 444 433 187 6
98 200 407 88 284 80 245 260
210 170 78 131 224 -140 103 202
-141 18 256 -159 -240 -164 41 217
62 215 144 -136 306 210 -54 -159
-27 339 415 279 33 60 216 310
51 -37 -220 -97 45 -136 -14 -23
-204 -100 6 -183 170 -24 -244 -241
283 -9 -116 0 67 -95 165 211
306 230 22 48 158 -26 365 369
324 -2 271 336 24 143 313 341
301 318 91 408 442 446 66 246
138 98 231 251 107 -46 228 274
79 273 391 119 33 236 105 291
126 69 78 98 198 116 7 35
121 299 414 275 208 195 346 347
181 -116 7 181 233 255 -98 90
10 153 187 128 26 61 128 155
-69 92 249 -105 -49 -37 370 216
-51 -74 -34 312 265 341 -88 137
332 50 -84 -26 314 -83 119 142
29 177 226 -42 151 220 16 165
-63 109 252 197 -39 68 -6 382
239 -17 366 198 256 -38 202 195
263 416 350 41 145 244 396 100
-110 -176 204 141 44 -152 82 165
82 -204 126 191 -200 45 277 -128
36 426 425 139 123 84 440 223
-48 149 92 251 -85 344 357 -88
46 255 218 24 237 170 -207 2
186 159 -89 -48 -40 57 104 -123
-13 220 222 -53 -35 -57 170 242
158 101 231 -107 -108 341 238 -115
244 218 -90 287 167 375 -87 -24
306 224 107 289 111 336 293 184
33 258 377 185 345 32 -24 362
290 249 -100 41 0 16 70 258
220 196 -122 272 155 72 57 277
167 11 303 309 25 322 391 249
275 -66 351 205 50 -32 381 223
-27 -88 252 217 -88 -31 112 -140
-63 288 280 323 123 -26 83 386
7 38 246 312 154 363 411 116
221 171 210 77 332 300 169 104
193 17 158 319 141 234 288 384
452 -21 239 136 445 -43 315 95
296 359 256 -40 -104 -118 339 191
229 466 46 366 347 372 5 408
49 243 51 -32 -32 195 187 -175
282 186 67 221 100 294 14 -168
-27 143 228 -105 221 43 -26 53
173 -179 227 75 206 -69 175 62
217 -20 87 215 184 142 62 178
246 -20 -22 253 97 -104 31 270
90 153 319 -96 289 134 72 -38
128 145 109 -66 20 145 142 -18
179 -24 -143 -7 -138 118 71 -53
42 17 74 376 191 133 -21 65
282 -121 -96 -8 46 206 -121 -105
95 346 422 81 58 46 186 288
0 -86 -43 263 -107 372 14 -9
11 248 262 83 167 316 167 -110
103 -42 104 322 93 -1 225 397
5 194 219 444 109 371 418 390
-109 -16 174 22 115 -103 62 123
345 276 176 367 339 408 -2 150
155 -148 -175 171 -45 256 -23 1
250 -51 -38 337 80 -61 377 133
-59 168 44 184 29 307 0 40
-15 311 244 21 300 128 -15 115
302 211 194 102 270 71 42 351
188 -181 221 268 148 -22 230 217
166 92 46 366 36 20 314 186
136 42 283 410 297 163 244 403
81 -36 258 230 225 231 206 -75
438 232 45 275 152 313 42 59
-141 1 348 352 2 227 130 -72
-130 239 -41 95 -115 167 115 19
433 44 422 286 305 82 444 222
113 295 -109 200 29 328 257 191
198 59 247 -94 103 102 320 2
13 231 -7 -10 7 197 291 58
457 47 81 145 369 244 336 -3
37 232 300 110 113 291 54 185
240 347 267 -122 -3 180 323 -32
264 250 -112 -51 -147 -112 66 107
321 15 31 352 17 450 239 60
-18 375 156 -56 347 1 -11 -17
186 366 340 314 264 385 155 256
179 27 297 340 262 -32 151 266
206 249 57 48 165 189 53 488
254 254 248 81 133 79 432 175
31 462 361 87 274 448 273 63
-67 -58 13 243 168 -39 9 247
163 -172 -93 184 149 78 -127 38
217 266 274 142 450 345 137 42
124 58 242 269 -102 141 144 51
-213 57 215 -152 -24 -114 -106 117
144 128 56 -31 -96 -100 342 202
326 423 177 232 243 426 358 332
251 82 30 73 145 207 107 -3
95 -166 205 -70 -89 142 174 -116
294 306 30 73 288 250 86 309
338 8 152 390 279 482 37 138
481 298 0 62 340 23 26 389
156 -13 356 354 273 346 357 209
104 -36 424 450 13 260 332 24
233 108 95 444 448 450 59 337
401 349 87 230 324 368 246 70
185 122 156 356 349 95 68 257
378 145 203 271 335 51 207 384
290 172 272 413 45 405 366 183
17 402 177 114 64 275 335 415
377 -45 99 392 399 20 360 -86
107 -68 320 192 151 10 255 7
197 -223 -109 155 225 -124 -47 -159
42 273 171 -45 309 -14 88 97
-156 183 -65 236 -97 282 94 -59
5 -84 23 87 178 112 -2 -64
250 -208 -177 240 175 108 -90 35
201 86 269 350 262 260 111 278
152 4 331 231 383 161 160 263
100 -95 305 359 117 156 323 -76
-43 -112 210 45 -64 69 218 -63
274 54 84 89 136 -1 393 317
394 286 210 110 279 77 330 235
139 238 19 58 58 25 -80 376
261 3 428 259 232 201 292 -51
63 -9 -32 340 331 86 7 65
295 153 -13 404 341 271 11 114
67 319 296 56 65 93 218 396
-81 374 142 -47 365 274 75 -101
83 -79 145 317 321 316 -129 277
58 -133 -41 161 143 130 -56 -85
-156 137 132 147 77 97 84 234
-118 174 10 84 214 280 -137 163
336 416 93 132 159 260 241 11
-213 148 247 216 -209 -218 -108 214
483 248 7 6 73 426 338 11
173 76 310 391 264 276 116 397
172 393 -73 15 50 -5 -103 38
-161 188 191 84 -36 -94 194 185
-124 156 -159 120 41 -217 -151 141
29 187 394 246 234 224 246 111
52 -89 254 245 192 97 14 -94
245 283 47 361 377 381 109 283
-71 299 -35 36 11 139 -90 -44
353 401 448 61 397 299 20 25
254 -68 43 214 59 201 86 -39
280 -91 70 -166 64 -100 241 -113
-196 118 -54 -145 -88 -115 -20 -50
465 161 102 61 464 112 56 128
-89 72 148 223 116 -39 47 216
301 -54 5 -124 -95 -71 152 -98
190 387 315 187 111 409 372 173
235 179 -62 197 43 -92 69 201
11 216 309 -133 150 -128 151 155
157 82 428 211 120 128 263 -34
-156 278 305 -157 43 1 265 322
-144 202 229 106 -167 -126 60 171
92 22 128 303 107 42 100 104
11 338 438 -41 411 334 -53 99
371 434 270 18 445 129 135 51
163 31 375 295 59 181 426 13
462 370 331 47 453 -18 266 106
143 269 45 -83 190 16 121 268
339 179 -68 282 111 -76 227 224
139 168 -7 246 321 266 81 153
162 -167 -83 250 129 77 -2 -139
-126 53 115 14 -113 -140 179 223
22 -16 -13 348 -115 84 249 -85
47 253 394 279 126 8 216 354
-88 228 269 27 100 287 287 -76
269 411 300 5 456 227 165 286
-212 0 162 -210 100 -128 -130 -96
-75 -53 257 76 189 -43 -137 269
38 232 466 241 71 147 183 461
489 327 6 199 347 214 281 317
455 56 72 362 171 18 80 469
354 7 -21 251 85 401 156 119
340 -23 -2 203 -60 69 349 405
-37 -13 201 227 1 50 130 -7
304 81 -43 -68 254 -72 198 289
132 344 394 217 355 211 339 360
275 379 199 109 445 347 20 355
478 137 14 264 227 443 402 76
41 -146 -231 -41 -29 223 -223 -65
-121 148 239 251 -10 243 286 -27
273 352 86 152 -30 310 139 100
-104 -26 211 50 -81 -64 272 116
150 -107 -142 17 -85 -46 320 202
-126 306 340 8 235 304 -144 181
292 263 390 326 424 299 198 313
400 157 178 276 213 239 291 297
128 264 164 45 255 -63 -100 384
437 93 401 366 222 265 495 132
279 205 142 200 370 -73 110 241
335 440 125 25 -9 39 337 388
-45 78 -62 232 -4 291 -80 -28
130 255 124 23 24 317 449 -3
137 116 48 38 104 114 281 112
220 233 -1 -160 21 107 260 212
58 201 132 30 -19 184 146 44
270 58 45 196 99 266 -44 77
-13 397 366 87 50 98 236 195
440 467 436 365 227 166 453 400
198 433 207 215 -14 132 314 417
224 -108 324 103 245 -164 278 211
-50 -44 140 189 -35 9 438 373
-183 1 61 138 -221 36 55 -95
122 358 331 180 115 -41 233 297
219 -27 156 211 45 275 309 -57
-107 -84 224 331 295 81 -125 322
-42 76 418 229 431 383 148 66
-113 93 -177 -177 -194 -14 6 -135
-145 272 258 141 133 50 245 219
-60 298 118 32 -9 -77 157 172
72 146 451 99 156 336 420 -21
-22 46 423 -35 69 -10 97 134
287 267 -48 -93 92 84 162 -80
256 204 -89 -128 51 256 49 -48
-96 -101 151 21 92 -44 156 193
136 253 296 199 -69 -10 163 279
160 -13 358 155 381 38 18 255
-62 132 -101 184 -96 165 205 -99
29 -34 39 181 -46 216 191 100
205 334 191 105 265 40 -44 426
155 307 275 146 172 -81 307 295
327 252 53 321 68 61 214 321
27 16 154 -136 -121 -160 180 -48
288 338 -46 116 -45 284 176 76
165 -73 -68 207 -63 46 375 -8
231 -14 164 394 247 369 -53 432
117 44 314 310 456 39 196 265
398 347 63 151 55 156 218 224
58 343 365 66 -63 -84 254 353
-76 226 322 111 293 189 239 49
176 289 236 19 107 14 370 79
-96 88 230 -134 91 34 214 -135
414 108 95 306 34 330 307 215
-16 279 58 -98 -147 62 319 147
271 18 493 430 180 216 375 193
-61 -152 209 233 24 22 106 -138
450 213 19 236 253 230 402 38
476 79 189 276 278 260 334 111
64 -38 335 414 256 339 306 -1
77 242 241 260 330 207 58 366
239 404 289 61 375 108 169 72
96 -229 -88 205 29 -101 238 97
152 -15 -82 367 253 -17 24 95
386 383 196 157 247 243 409 107
239 187 258 303 -40 2 369 286
229 -38 -87 277 83 245 -123 163
124 38 400 292 30 62 256 16
-14 91 250 217 -48 -110 212 250
166 -15 352 94 290 -93 269 56
-18 -64 251 73 73 21 302 -156
-152 -88 -25 -7 124 -180 -147 -16
55 325 -1 -127 290 331 -118 183
452 444 170 353 412 433 332 366
126 347 325 -117 99 279 345 358
406 296 36 220 254 432 167 203
423 151 282 138 360 3 290 272
186 -69 82 217 54 185 427 41
-8 101 193 90 230 194 156 1
18 32 -74 113 -28 171 -86 -33
73 -29 -78 -221 -19 216 130 -193
-44 115 335 392 249 189 66 387
275 240 -45 157 168 -162 68 276
113 389 425 133 288 304 422 66
102 173 258 127 288 7 100 356
95 -110 94 149 150 20 19 291
134 164 -87 190 -124 151 272 218
21 -64 170 132 231 60 72 8
-55 260 -36 47 -39 61 271 -167
306 -6 107 114 38 374 231 -77
138 169 371 381 343 97 209 369
380 178 -45 80 -45 36 199 219
296 184 17 467 454 319 21 162
-48 71 344 80 325 14 131 339
3 21 104 -79 -38 182 97 -84
-54 306 123 -137 -60 -53 312 -96
86 113 262 8 234 148 -185 -127
-124 134 191 31 -1 208 -100 125
218 210 -43 129 59 132 -168 242
472 196 170 418 313 107 422 421
252 352 -106 30 307 80 -110 177
85 74 -34 61 100 148 -26 -15
6 152 447 182 154 309 14 44
301 358 32 278 233 118 78 397
278 164 199 98 247 113 303 399
252 288 226 236 451 451 48 85
16 262 362 271 309 432 180 110
40 95 106 88 60 -37 104 159
67 418 132 24 -3 -22 348 220
-20 285 225 153 177 283 246 -9
68 226 156 400 38 278 144 114
266 309 -63 -90 87 226 213 69
69 24 293 246 193 265 348 161
379 160 171 358 399 264 -1 289
-101 97 126 50 -128 64 214 107
-155 -123 150 134 -44 -102 134 287
-50 291 290 1 -99 351 294 -18
83 365 248 -122 30 37 240 -26
232 410 16 13 93 199 361 428
153 244 -153 63 -19 83 -52 297
-83 238 96 159 -71 306 -10 -70
-130 -117 -83 190 -223 206 252 105
9 119 378 337 360 133 171 234
90 117 108 26 -95 -84 286 210
-83 268 308 -36 243 219 -64 96
144 -127 -130 2 149 96 60 -150
267 301 347 -27 66 120 394 234
224 124 7 -27 35 53 52 -198
49 46 55 195 241 217 -77 133
145 254 137 49 150 184 -192 -73
-97 -92 274 173 51 169 275 90
192 65 130 30 104 -93 223 249
-4 398 278 74 -80 282 164 293
377 379 66 60 85 290 173 123
205 -9 -15 203 75 55 100 243
-74 -95 120 165 298 191 25 49
376 87 202 348 91 81 345 263
-78 212 117 32 282 -42 48 74
213 168 448 118 364 125 205 361
400 195 257 399 346 281 -25 155
356 274 98 208 306 337 252 108
218 366 21 45 333 381 -96 84
481 205 316 350 280 334 419 342
134 370 217 46 13 281 428 -7
-12 137 190 281 22 276 84 117
397 117 44 79 325 12 257 129
-30 52 103 404 -29 412 96 170
-174 275 154 -100 109 -37 -42 -53
249 199 62 267 339 418 101 18
-60 235 -62 75 -89 255 81 -15
232 -80 84 90 187 48 81 -89
103 104 45 288 -14 214 278 -23
305 114 209 112 183 186 299 17
235 305 178 189 -92 140 328 286
215 270 -36 -167 37 19 151 -82
-11 164 185 57 369 371 95 -46
-112 -54 297 158 169 -22 244 298
-164 -6 233 214 -164 209 -27 -97
83 -97 -10 151 221 82 37 -30
345 147 216 7 36 95 308 74
98 -180 -187 14 -66 -170 251 -154
175 415 189 181 33 167 220 387
-108 337 3 79 -70 142 208 222
-161 -4 95 293 -29 232 185 -186
35 14 415 247 118 -6 85 64
150 -170 92 169 140 156 62 -211
188 -11 -6 387 -28 189 52 356
429 437 123 292 175 379 65 24
236 -6 -39 309 21 141 337 321
366 421 335 72 447 359 83 2
-62 -94 345 251 356 10 -23 235
384 156 197 -16 262 293 206 -73
143 175 418 347 378 270 80 302
330 136 -64 11 51 129 260 20
174 407 201 20 25 178 221 207
74 7 160 86 121 34 152 329
355 426 279 213 56 150 393 343
-171 69 58 67 -112 103 -61 -111
151 306 170 -75 43 73 324 3
-122 42 96 139 -2 164 -145 -105
158 -3 -29 306 129 148 -95 -102
118 378 -80 16 -44 334 295 125
337 244 110 56 146 87 301 130
-80 117 -70 239 -77 212 350 228
43 -49 -11 50 -18 -71 108 6
267 255 123 -87 225 188 310 114
210 195 100 219 231 283 146 10
-140 134 -153 -130 -106 129 -184 -122
440 463 407 204 452 237 376 436
-74 77 278 16 227 -7 -86 328
135 221 -25 375 98 6 85 333
422 423 323 -35 262 302 406 180
-11 338 186 -18 -38 -43 82 317
329 45 213 397 210 188 387 361
147 380 146 268 128 267 435 425
247 -41 226 190 315 -66 -10 253
-101 75 288 233 157 199 -115 17
421 259 166 63 346 -15 284 396
318 233 63 74 163 194 274 106
-62 187 78 -187 -38 -24 176 -139
34 174 73 -214 129 137 -65 -228
178 41 -235 219 177 125 -205 -58
226 309 -70 68 2 -120 95 253
80 62 -27 -91 235 -186 -42 106
241 -130 -122 71 10 -101 -69 125
284 319 245 81 181 251 403 387
198 1 -12 366 173 22 227 414
153 194 324 330 325 475 201 17
236 102 -196 228 90 139 -97 232
301 168 3 83 25 384 135 74
191 72 -97 -190 85 -98 -43 297
66 262 202 143 80 269 139 -56
192 67 384 2 356 48 54 -12
134 18 153 -5 260 -26 -5 56
129 169 10 -182 -136 15 205 -162
94 412 92 160 -45 267 261 424
-82 5 156 35 -9 238 129 -27
233 -104 62 226 257 290 226 -154
350 351 -2 98 107 245 402 235
26 237 258 13 290 325 -44 91
257 60 -105 -61 186 -202 140 76
234 -1 251 267 288 161 -155 -102
141 -175 80 249 197 -52 44 -2
-127 -192 17 -58 -117 -126 30 -178
327 56 67 122 161 193 127 78
223 267 -40 -55 105 -87 -69 119
61 79 183 252 175 -44 25 148
120 146 153 -68 114 -98 194 176
234 243 -217 71 -240 87 67 34
237 -78 348 120 286 83 293 -22
220 202 -57 55 61 333 168 -131
379 361 270 38 45 144 296 71
361 415 226 -5 66 -7 412 338
354 214 263 388 370 322 337 148
-16 188 216 -22 116 -192 198 167
289 248 109 -9 27 314 322 52
-42 17 218 -40 -94 189 -34 13
137 117 38 359 131 244 12 216
247 4 -51 -165 -26 -182 -195 145
-17 444 325 377 144 417 -33 302
59 -186 -162 265 -86 -106 169 -66
-129 -129 304 263 -14 -116 23 165
194 4 35 -215 171 -124 69 84
284 216 155 -130 258 -129 -92 352
-152 143 139 155 -167 212 182 -169
-16 377 -102 87 -80 343 157 -68
261 -76 -143 -13 -13 314 167 -87
369 86 -25 291 156 194 268 140
261 133 65 194 220 266 -1 -142
171 -147 -100 204 -147 -146 95 -26
-5 -161 34 167 -138 169 74 140
65 54 303 64 270 7 324 102
330 105 283 112 263 342 331 7
337 147 134 207 462 340 31 -27
412 400 58 204 168 322 202 120
161 249 236 12 297 356 20 104
251 -2 -97 -80 159 104 259 -58
322 31 68 120 -22 10 402 129
24 65 -63 150 -95 -82 116 262
203 -52 319 77 394 -23 218 -12
406 -75 -60 403 185 -31 266 158
-210 -101 -28 -220 66 -121 -104 -213
265 430 240 68 102 37 253 128
-152 243 6 -90 -125 190 -106 -9
235 182 36 -14 62 66 51 -91
136 228 323 28 179 -4 258 266
188 465 -16 92 290 382 -22 263
183 120 97 -123 -23 180 149 -70
257 45 24 124 8 294 185 30
-95 214 232 -116 34 -153 149 105
311 59 -88 53 265 -27 270 98
268 -212 211 197 -35 -176 263 265
227 -172 -80 27 -53 78 -150 -196
-158 133 147 170 258 132 -169 178
50 98 235 -224 198 -158 -115 213
401 37 13 409 442 220 381 30
40 284 -83 -56 330 -116 -38 100
322 174 34 46 211 441 337 127
104 11 171 315 289 -32 -129 269
-14 -23 61 -151 -25 -239 115 -86
-73 275 87 130 196 345 12 68
127 268 43 158 59 122 30 275
193 265 -45 -57 98 273 86 -17
0 224 279 80 241 178 239 -27
201 149 134 279 177 261 58 214
115 392 356 153 329 383 312 161
340 138 102 278 80 412 290 55
223 285 9 261 230 -73 194 285
-85 362 362 -60 -80 40 330 219
256 438 153 203 27 380 459 57
202 229 423 346 -22 51 411 356
-200 247 247 -51 -152 263 -127 195
126 269 150 -93 223 279 69 -33
51 238 278 415 204 299 -73 206
147 63 -67 10 146 -94 -57 81
-74 -18 116 82 85 69 120 -107
191 220 366 14 14 197 440 183
412 249 309 441 449 256 72 435
143 88 273 189 338 116 75 206
399 195 -15 222 91 29 344 309
338 -58 352 347 393 -62 105 282
141 -151 120 132 168 -154 -97 82
115 406 52 83 110 410 333 52
353 224 120 274 351 35 348 431
49 200 220 112 166 53 355 280
-15 53 -7 -180 -102 -138 89 -79
444 196 100 446 220 348 418 257
-158 129 255 -92 89 -158 76 45
5 154 -81 -68 -54 -107 -74 230
-148 237 310 -17 92 112 -81 104
347 294 13 -16 184 142 -56 152
68 -52 -10 339 15 79 206 231
-25 226 150 -93 220 -21 -21 2
-117 -131 -20 258 244 185 -94 184
320 110 70 22 -118 274 299 46
345 202 -25 -76 -97 205 239 72
-68 327 208 72 111 -126 202 235
250 270 42 269 262 -35 129 353
78 -57 184 -108 15 -147 93 -46
93 107 287 -70 126 -143 277 233
-48 212 17 -46 -57 230 145 -194
212 491 196 -5 315 11 55 394
271 -111 209 319 91 -23 298 -73
261 297 -9 457 127 387 168 113
70 133 266 325 -13 290 340 64
107 -194 -117 222 189 188 -222 -32
340 60 14 121 170 197 136 34
-55 -91 159 15 90 -27 240 175
45 -3 251 248 147 66 95 282
77 44 230 99 27 -115 145 228
-28 136 260 293 157 320 163 206
305 77 94 357 161 -15 342 150
130 273 406 -19 368 206 -83 5
-86 -24 333 158 116 -12 130 75
287 45 -48 34 96 8 154 217
51 -6 458 421 256 340 462 298
73 329 472 126 315 76 89 441
