50
0 0 10 0 40 70 0 0
0 0 10 0 13 68 8 0
0 0 10 0 4 0 41 47
0 0 10 0 58 86 2 0
0 0 10 0 44 19 8 0
0 0 10 0 5 0 41 61
0 0 10 0 30 69 3 0
0 0 10 0 7 0 60 55
0 0 10 0 7 0 29 37
0 0 10 0 2 0 82 97
0 0 10 0 3 0 20 24
0 0 10 0 26 53 1 0
0 0 10 0 42 33 2 0
0 0 10 0 59 82 1 0
0 0 10 0 4 0 60 24
0 0 10 0 1 0 71 49
0 0 10 0 58 1 4 0
0 0 10 0 9 0 84 89
0 0 10 0 8 0 47 53
0 0 10 0 1 0 64 73
0 0 10 0 0 0 66 83
0 0 10 0 51 72 5 0
0 0 10 0 96 94 3 0
0 0 10 0 4 0 78 36
0 0 10 0 1 51 3 0
0 0 10 0 88 22 3 0
0 0 10 0 0 0 47 60
0 0 10 0 94 82 5 0
0 0 10 0 55 75 0 0
0 0 10 0 38 10 6 0
0 0 10 0 90 56 1 0
0 0 10 0 61 59 6 0
0 0 10 0 26 56 2 0
0 0 10 0 40 16 4 0
0 0 10 0 7 0 44 45
0 0 10 0 9 34 9 0
0 0 10 0 17 40 6 0
0 0 10 0 3 0 88 85
0 0 10 0 30 88 8 0
0 0 10 0 6 0 48 89
0 0 10 0 18 12 1 0
0 0 10 0 2 0 24 78
0 0 10 0 54 69 6 0
0 0 10 0 37 84 5 0
0 0 10 0 66 75 6 0
0 0 10 0 73 59 4 0
0 0 10 0 5 0 3 70
0 0 10 0 5 0 13 95
0 0 10 0 57 88 1 0
0 0 10 0 90 78 4 0
