100
-518 -935
340 -263
216 -805
504 714
967 486
-324 138
285 -920
-990 -935
405 752
933 -309
132 366
-753 -84
-493 937
27 649
-255 -931
422 -25
-544 819
66 305
-168 -798
66 547
954 -425
-706 -549
-357 434
846 801
-837 823
416 -108
131 -456
392 553
-91 540
-597 888
-559 871
742 -288
-647 151
699 960
634 199
136 766
819 138
689 -168
700 119
-675 298
-301 187
-930 -329
-297 694
711 227
606 245
-179 939
645 699
-996 198
456 142
-819 851
-954 -282
830 -309
461 777
252 327
-166 128
-477 -511
-956 728
497 -734
975 -714
-108 -414
835 -169
-995 240
-249 548
-454 944
996 -746
-327 -761
540 -124
-892 -579
724 -458
842 -769
196 130
-675 582
-335 746
921 -8
-488 798
957 -449
302 890
611 554
345 258
-120 925
950 332
-415 -343
987 -671
-951 -6
-18 -514
-993 -538
289 -440
601 227
-165 -290
222 478
657 881
107 -575
550 -441
-309 -992
288 -390
-283 -887
-257 -799
-864 818
27 334
-318 -423
