200
679 341
456 251
-630 86
767 773
-510 265
727 381
989 -550
-387 768
-655 525
-280 844
540 755
926 -649
853 218
-993 -972
876 -235
896 585
-773 401
189 -940
801 -549
752 -125
-716 465
-393 312
624 -672
-554 -842
-331 144
-553 901
590 -498
-297 -802
-158 170
317 -342
208 -73
-359 854
-808 232
-286 603
463 -162
-768 264
-740 -952
392 -226
-486 106
-466 976
-919 -781
-987 728
-824 -974
186 -703
724 -899
252 -462
275 -609
774 416
-764 596
149 877
633 32
778 -705
-829 766
507 806
380 -512
273 -720
232 -196
-277 66
545 -680
320 100
582 947
417 -143
-491 255
26 596
-102 -697
71 806
-36 -61
150 182
170 -756
-878 544
-495 -634
-275 209
-347 979
-220 -936
795 -252
-432 267
-42 -140
920 8
-739 -612
-460 -196
551 743
-864 460
953 -787
-814 -935
801 -63
-850 988
64 -36
247 73
726 -795
-592 280
-30 -88
261 -460
224 -5
-223 -633
70 -647
683 47
266 30
844 -53
-371 -668
-879 -652
191 -54
-815 351
-775 -776
927 -959
-523 -868
-749 534
340 293
638 147
420 -515
-865 -406
-355 26
-13 363
-584 74
-505 453
179 794
-871 136
779 -583
-510 -359
-987 -466
620 672
-747 334
482 410
-307 610
476 -493
-51 586
-828 -924
377 -639
-121 -450
292 160
-719 -510
490 161
250 397
-853 26
636 -469
463 -831
-476 -248
63 441
876 823
-26 -636
710 -651
347 148
654 343
756 -337
-274 -940
-327 768
135 506
471 -660
-667 986
-644 -155
-867 -88
-759 493
-532 746
288 -860
-792 17
780 439
-120 414
-996 434
-991 458
138 869
-57 -462
769 -158
-130 -82
149 -207
623 -376
-29 713
-946 791
-204 818
103 518
-844 796
908 -200
8 927
41 -90
-86 382
447 -312
438 -220
642 -643
742 925
848 -361
-979 -39
555 -240
-248 218
-679 -949
-277 -989
739 13
731 -685
-488 793
-822 -806
328 -153
341 824
-845 965
754 403
754 -140
-544 -575
876 -104
-653 -524
430 -658
946 -80
780 41
-339 463
-799 324
