4000
0 -1000
1 -999
2 -998
3 -997
4 -996
5 -995
6 -994
7 -993
8 -992
9 -991
10 -990
11 -989
12 -988
13 -987
14 -986
15 -985
16 -984
17 -983
18 -982
19 -981
20 -980
21 -979
22 -978
23 -977
24 -976
25 -975
26 -974
27 -973
28 -972
29 -971
30 -970
31 -969
32 -968
33 -967
34 -966
35 -965
36 -964
37 -963
38 -962
39 -961
40 -960
41 -959
42 -958
43 -957
44 -956
45 -955
46 -954
47 -953
48 -952
49 -951
50 -950
51 -949
52 -948
53 -947
54 -946
55 -945
56 -944
57 -943
58 -942
59 -941
60 -940
61 -939
62 -938
63 -937
64 -936
65 -935
66 -934
67 -933
68 -932
69 -931
70 -930
71 -929
72 -928
73 -927
74 -926
75 -925
76 -924
77 -923
78 -922
79 -921
80 -920
81 -919
82 -918
83 -917
84 -916
85 -915
86 -914
87 -913
88 -912
89 -911
90 -910
91 -909
92 -908
93 -907
94 -906
95 -905
96 -904
97 -903
98 -902
99 -901
100 -900
101 -899
102 -898
103 -897
104 -896
105 -895
106 -894
107 -893
108 -892
109 -891
110 -890
111 -889
112 -888
113 -887
114 -886
115 -885
116 -884
117 -883
118 -882
119 -881
120 -880
121 -879
122 -878
123 -877
124 -876
125 -875
126 -874
127 -873
128 -872
129 -871
130 -870
131 -869
132 -868
133 -867
134 -866
135 -865
136 -864
137 -863
138 -862
139 -861
140 -860
141 -859
142 -858
143 -857
144 -856
145 -855
146 -854
147 -853
148 -852
149 -851
150 -850
151 -849
152 -848
153 -847
154 -846
155 -845
156 -844
157 -843
158 -842
159 -841
160 -840
161 -839
162 -838
163 -837
164 -836
165 -835
166 -834
167 -833
168 -832
169 -831
170 -830
171 -829
172 -828
173 -827
174 -826
175 -825
176 -824
177 -823
178 -822
179 -821
180 -820
181 -819
182 -818
183 -817
184 -816
185 -815
186 -814
187 -813
188 -812
189 -811
190 -810
191 -809
192 -808
193 -807
194 -806
195 -805
196 -804
197 -803
198 -802
199 -801
200 -800
201 -799
202 -798
203 -797
204 -796
205 -795
206 -794
207 -793
208 -792
209 -791
210 -790
211 -789
212 -788
213 -787
214 -786
215 -785
216 -784
217 -783
218 -782
219 -781
220 -780
221 -779
222 -778
223 -777
224 -776
225 -775
226 -774
227 -773
228 -772
229 -771
230 -770
231 -769
232 -768
233 -767
234 -766
235 -765
236 -764
237 -763
238 -762
239 -761
240 -760
241 -759
242 -758
243 -757
244 -756
245 -755
246 -754
247 -753
248 -752
249 -751
250 -750
251 -749
252 -748
253 -747
254 -746
255 -745
256 -744
257 -743
258 -742
259 -741
260 -740
261 -739
262 -738
263 -737
264 -736
265 -735
266 -734
267 -733
268 -732
269 -731
270 -730
271 -729
272 -728
273 -727
274 -726
275 -725
276 -724
277 -723
278 -722
279 -721
280 -720
281 -719
282 -718
283 -717
284 -716
285 -715
286 -714
287 -713
288 -712
289 -711
290 -710
291 -709
292 -708
293 -707
294 -706
295 -705
296 -704
297 -703
298 -702
299 -701
300 -700
301 -699
302 -698
303 -697
304 -696
305 -695
306 -694
307 -693
308 -692
309 -691
310 -690
311 -689
312 -688
313 -687
314 -686
315 -685
316 -684
317 -683
318 -682
319 -681
320 -680
321 -679
322 -678
323 -677
324 -676
325 -675
326 -674
327 -673
328 -672
329 -671
330 -670
331 -669
332 -668
333 -667
334 -666
335 -665
336 -664
337 -663
338 -662
339 -661
340 -660
341 -659
342 -658
343 -657
344 -656
345 -655
346 -654
347 -653
348 -652
349 -651
350 -650
351 -649
352 -648
353 -647
354 -646
355 -645
356 -644
357 -643
358 -642
359 -641
360 -640
361 -639
362 -638
363 -637
364 -636
365 -635
366 -634
367 -633
368 -632
369 -631
370 -630
371 -629
372 -628
373 -627
374 -626
375 -625
376 -624
377 -623
378 -622
379 -621
380 -620
381 -619
382 -618
383 -617
384 -616
385 -615
386 -614
387 -613
388 -612
389 -611
390 -610
391 -609
392 -608
393 -607
394 -606
395 -605
396 -604
397 -603
398 -602
399 -601
400 -600
401 -599
402 -598
403 -597
404 -596
405 -595
406 -594
407 -593
408 -592
409 -591
410 -590
411 -589
412 -588
413 -587
414 -586
415 -585
416 -584
417 -583
418 -582
419 -581
420 -580
421 -579
422 -578
423 -577
424 -576
425 -575
426 -574
427 -573
428 -572
429 -571
430 -570
431 -569
432 -568
433 -567
434 -566
435 -565
436 -564
437 -563
438 -562
439 -561
440 -560
441 -559
442 -558
443 -557
444 -556
445 -555
446 -554
447 -553
448 -552
449 -551
450 -550
451 -549
452 -548
453 -547
454 -546
455 -545
456 -544
457 -543
458 -542
459 -541
460 -540
461 -539
462 -538
463 -537
464 -536
465 -535
466 -534
467 -533
468 -532
469 -531
470 -530
471 -529
472 -528
473 -527
474 -526
475 -525
476 -524
477 -523
478 -522
479 -521
480 -520
481 -519
482 -518
483 -517
484 -516
485 -515
486 -514
487 -513
488 -512
489 -511
490 -510
491 -509
492 -508
493 -507
494 -506
495 -505
496 -504
497 -503
498 -502
499 -501
500 -500
501 -499
502 -498
503 -497
504 -496
505 -495
506 -494
507 -493
508 -492
509 -491
510 -490
511 -489
512 -488
513 -487
514 -486
515 -485
516 -484
517 -483
518 -482
519 -481
520 -480
521 -479
522 -478
523 -477
524 -476
525 -475
526 -474
527 -473
528 -472
529 -471
530 -470
531 -469
532 -468
533 -467
534 -466
535 -465
536 -464
537 -463
538 -462
539 -461
540 -460
541 -459
542 -458
543 -457
544 -456
545 -455
546 -454
547 -453
548 -452
549 -451
550 -450
551 -449
552 -448
553 -447
554 -446
555 -445
556 -444
557 -443
558 -442
559 -441
560 -440
561 -439
562 -438
563 -437
564 -436
565 -435
566 -434
567 -433
568 -432
569 -431
570 -430
571 -429
572 -428
573 -427
574 -426
575 -425
576 -424
577 -423
578 -422
579 -421
580 -420
581 -419
582 -418
583 -417
584 -416
585 -415
586 -414
587 -413
588 -412
589 -411
590 -410
591 -409
592 -408
593 -407
594 -406
595 -405
596 -404
597 -403
598 -402
599 -401
600 -400
601 -399
602 -398
603 -397
604 -396
605 -395
606 -394
607 -393
608 -392
609 -391
610 -390
611 -389
612 -388
613 -387
614 -386
615 -385
616 -384
617 -383
618 -382
619 -381
620 -380
621 -379
622 -378
623 -377
624 -376
625 -375
626 -374
627 -373
628 -372
629 -371
630 -370
631 -369
632 -368
633 -367
634 -366
635 -365
636 -364
637 -363
638 -362
639 -361
640 -360
641 -359
642 -358
643 -357
644 -356
645 -355
646 -354
647 -353
648 -352
649 -351
650 -350
651 -349
652 -348
653 -347
654 -346
655 -345
656 -344
657 -343
658 -342
659 -341
660 -340
661 -339
662 -338
663 -337
664 -336
665 -335
666 -334
667 -333
668 -332
669 -331
670 -330
671 -329
672 -328
673 -327
674 -326
675 -325
676 -324
677 -323
678 -322
679 -321
680 -320
681 -319
682 -318
683 -317
684 -316
685 -315
686 -314
687 -313
688 -312
689 -311
690 -310
691 -309
692 -308
693 -307
694 -306
695 -305
696 -304
697 -303
698 -302
699 -301
700 -300
701 -299
702 -298
703 -297
704 -296
705 -295
706 -294
707 -293
708 -292
709 -291
710 -290
711 -289
712 -288
713 -287
714 -286
715 -285
716 -284
717 -283
718 -282
719 -281
720 -280
721 -279
722 -278
723 -277
724 -276
725 -275
726 -274
727 -273
728 -272
729 -271
730 -270
731 -269
732 -268
733 -267
734 -266
735 -265
736 -264
737 -263
738 -262
739 -261
740 -260
741 -259
742 -258
743 -257
744 -256
745 -255
746 -254
747 -253
748 -252
749 -251
750 -250
751 -249
752 -248
753 -247
754 -246
755 -245
756 -244
757 -243
758 -242
759 -241
760 -240
761 -239
762 -238
763 -237
764 -236
765 -235
766 -234
767 -233
768 -232
769 -231
770 -230
771 -229
772 -228
773 -227
774 -226
775 -225
776 -224
777 -223
778 -222
779 -221
780 -220
781 -219
782 -218
783 -217
784 -216
785 -215
786 -214
787 -213
788 -212
789 -211
790 -210
791 -209
792 -208
793 -207
794 -206
795 -205
796 -204
797 -203
798 -202
799 -201
800 -200
801 -199
802 -198
803 -197
804 -196
805 -195
806 -194
807 -193
808 -192
809 -191
810 -190
811 -189
812 -188
813 -187
814 -186
815 -185
816 -184
817 -183
818 -182
819 -181
820 -180
821 -179
822 -178
823 -177
824 -176
825 -175
826 -174
827 -173
828 -172
829 -171
830 -170
831 -169
832 -168
833 -167
834 -166
835 -165
836 -164
837 -163
838 -162
839 -161
840 -160
841 -159
842 -158
843 -157
844 -156
845 -155
846 -154
847 -153
848 -152
849 -151
850 -150
851 -149
852 -148
853 -147
854 -146
855 -145
856 -144
857 -143
858 -142
859 -141
860 -140
861 -139
862 -138
863 -137
864 -136
865 -135
866 -134
867 -133
868 -132
869 -131
870 -130
871 -129
872 -128
873 -127
874 -126
875 -125
876 -124
877 -123
878 -122
879 -121
880 -120
881 -119
882 -118
883 -117
884 -116
885 -115
886 -114
887 -113
888 -112
889 -111
890 -110
891 -109
892 -108
893 -107
894 -106
895 -105
896 -104
897 -103
898 -102
899 -101
900 -100
901 -99
902 -98
903 -97
904 -96
905 -95
906 -94
907 -93
908 -92
909 -91
910 -90
911 -89
912 -88
913 -87
914 -86
915 -85
916 -84
917 -83
918 -82
919 -81
920 -80
921 -79
922 -78
923 -77
924 -76
925 -75
926 -74
927 -73
928 -72
929 -71
930 -70
931 -69
932 -68
933 -67
934 -66
935 -65
936 -64
937 -63
938 -62
939 -61
940 -60
941 -59
942 -58
943 -57
944 -56
945 -55
946 -54
947 -53
948 -52
949 -51
950 -50
951 -49
952 -48
953 -47
954 -46
955 -45
956 -44
957 -43
958 -42
959 -41
960 -40
961 -39
962 -38
963 -37
964 -36
965 -35
966 -34
967 -33
968 -32
969 -31
970 -30
971 -29
972 -28
973 -27
974 -26
975 -25
976 -24
977 -23
978 -22
979 -21
980 -20
981 -19
982 -18
983 -17
984 -16
985 -15
986 -14
987 -13
988 -12
989 -11
990 -10
991 -9
992 -8
993 -7
994 -6
995 -5
996 -4
997 -3
998 -2
999 -1
1000 0
999 1
998 2
997 3
996 4
995 5
994 6
993 7
992 8
991 9
990 10
989 11
988 12
987 13
986 14
985 15
984 16
983 17
982 18
981 19
980 20
979 21
978 22
977 23
976 24
975 25
974 26
973 27
972 28
971 29
970 30
969 31
968 32
967 33
966 34
965 35
964 36
963 37
962 38
961 39
960 40
959 41
958 42
957 43
956 44
955 45
954 46
953 47
952 48
951 49
950 50
949 51
948 52
947 53
946 54
945 55
944 56
943 57
942 58
941 59
940 60
939 61
938 62
937 63
936 64
935 65
934 66
933 67
932 68
931 69
930 70
929 71
928 72
927 73
926 74
925 75
924 76
923 77
922 78
921 79
920 80
919 81
918 82
917 83
916 84
915 85
914 86
913 87
912 88
911 89
910 90
909 91
908 92
907 93
906 94
905 95
904 96
903 97
902 98
901 99
900 100
899 101
898 102
897 103
896 104
895 105
894 106
893 107
892 108
891 109
890 110
889 111
888 112
887 113
886 114
885 115
884 116
883 117
882 118
881 119
880 120
879 121
878 122
877 123
876 124
875 125
874 126
873 127
872 128
871 129
870 130
869 131
868 132
867 133
866 134
865 135
864 136
863 137
862 138
861 139
860 140
859 141
858 142
857 143
856 144
855 145
854 146
853 147
852 148
851 149
850 150
849 151
848 152
847 153
846 154
845 155
844 156
843 157
842 158
841 159
840 160
839 161
838 162
837 163
836 164
835 165
834 166
833 167
832 168
831 169
830 170
829 171
828 172
827 173
826 174
825 175
824 176
823 177
822 178
821 179
820 180
819 181
818 182
817 183
816 184
815 185
814 186
813 187
812 188
811 189
810 190
809 191
808 192
807 193
806 194
805 195
804 196
803 197
802 198
801 199
800 200
799 201
798 202
797 203
796 204
795 205
794 206
793 207
792 208
791 209
790 210
789 211
788 212
787 213
786 214
785 215
784 216
783 217
782 218
781 219
780 220
779 221
778 222
777 223
776 224
775 225
774 226
773 227
772 228
771 229
770 230
769 231
768 232
767 233
766 234
765 235
764 236
763 237
762 238
761 239
760 240
759 241
758 242
757 243
756 244
755 245
754 246
753 247
752 248
751 249
750 250
749 251
748 252
747 253
746 254
745 255
744 256
743 257
742 258
741 259
740 260
739 261
738 262
737 263
736 264
735 265
734 266
733 267
732 268
731 269
730 270
729 271
728 272
727 273
726 274
725 275
724 276
723 277
722 278
721 279
720 280
719 281
718 282
717 283
716 284
715 285
714 286
713 287
712 288
711 289
710 290
709 291
708 292
707 293
706 294
705 295
704 296
703 297
702 298
701 299
700 300
699 301
698 302
697 303
696 304
695 305
694 306
693 307
692 308
691 309
690 310
689 311
688 312
687 313
686 314
685 315
684 316
683 317
682 318
681 319
680 320
679 321
678 322
677 323
676 324
675 325
674 326
673 327
672 328
671 329
670 330
669 331
668 332
667 333
666 334
665 335
664 336
663 337
662 338
661 339
660 340
659 341
658 342
657 343
656 344
655 345
654 346
653 347
652 348
651 349
650 350
649 351
648 352
647 353
646 354
645 355
644 356
643 357
642 358
641 359
640 360
639 361
638 362
637 363
636 364
635 365
634 366
633 367
632 368
631 369
630 370
629 371
628 372
627 373
626 374
625 375
624 376
623 377
622 378
621 379
620 380
619 381
618 382
617 383
616 384
615 385
614 386
613 387
612 388
611 389
610 390
609 391
608 392
607 393
606 394
605 395
604 396
603 397
602 398
601 399
600 400
599 401
598 402
597 403
596 404
595 405
594 406
593 407
592 408
591 409
590 410
589 411
588 412
587 413
586 414
585 415
584 416
583 417
582 418
581 419
580 420
579 421
578 422
577 423
576 424
575 425
574 426
573 427
572 428
571 429
570 430
569 431
568 432
567 433
566 434
565 435
564 436
563 437
562 438
561 439
560 440
559 441
558 442
557 443
556 444
555 445
554 446
553 447
552 448
551 449
550 450
549 451
548 452
547 453
546 454
545 455
544 456
543 457
542 458
541 459
540 460
539 461
538 462
537 463
536 464
535 465
534 466
533 467
532 468
531 469
530 470
529 471
528 472
527 473
526 474
525 475
524 476
523 477
522 478
521 479
520 480
519 481
518 482
517 483
516 484
515 485
514 486
513 487
512 488
511 489
510 490
509 491
508 492
507 493
506 494
505 495
504 496
503 497
502 498
501 499
500 500
499 501
498 502
497 503
496 504
495 505
494 506
493 507
492 508
491 509
490 510
489 511
488 512
487 513
486 514
485 515
484 516
483 517
482 518
481 519
480 520
479 521
478 522
477 523
476 524
475 525
474 526
473 527
472 528
471 529
470 530
469 531
468 532
467 533
466 534
465 535
464 536
463 537
462 538
461 539
460 540
459 541
458 542
457 543
456 544
455 545
454 546
453 547
452 548
451 549
450 550
449 551
448 552
447 553
446 554
445 555
444 556
443 557
442 558
441 559
440 560
439 561
438 562
437 563
436 564
435 565
434 566
433 567
432 568
431 569
430 570
429 571
428 572
427 573
426 574
425 575
424 576
423 577
422 578
421 579
420 580
419 581
418 582
417 583
416 584
415 585
414 586
413 587
412 588
411 589
410 590
409 591
408 592
407 593
406 594
405 595
404 596
403 597
402 598
401 599
400 600
399 601
398 602
397 603
396 604
395 605
394 606
393 607
392 608
391 609
390 610
389 611
388 612
387 613
386 614
385 615
384 616
383 617
382 618
381 619
380 620
379 621
378 622
377 623
376 624
375 625
374 626
373 627
372 628
371 629
370 630
369 631
368 632
367 633
366 634
365 635
364 636
363 637
362 638
361 639
360 640
359 641
358 642
357 643
356 644
355 645
354 646
353 647
352 648
351 649
350 650
349 651
348 652
347 653
346 654
345 655
344 656
343 657
342 658
341 659
340 660
339 661
338 662
337 663
336 664
335 665
334 666
333 667
332 668
331 669
330 670
329 671
328 672
327 673
326 674
325 675
324 676
323 677
322 678
321 679
320 680
319 681
318 682
317 683
316 684
315 685
314 686
313 687
312 688
311 689
310 690
309 691
308 692
307 693
306 694
305 695
304 696
303 697
302 698
301 699
300 700
299 701
298 702
297 703
296 704
295 705
294 706
293 707
292 708
291 709
290 710
289 711
288 712
287 713
286 714
285 715
284 716
283 717
282 718
281 719
280 720
279 721
278 722
277 723
276 724
275 725
274 726
273 727
272 728
271 729
270 730
269 731
268 732
267 733
266 734
265 735
264 736
263 737
262 738
261 739
260 740
259 741
258 742
257 743
256 744
255 745
254 746
253 747
252 748
251 749
250 750
249 751
248 752
247 753
246 754
245 755
244 756
243 757
242 758
241 759
240 760
239 761
238 762
237 763
236 764
235 765
234 766
233 767
232 768
231 769
230 770
229 771
228 772
227 773
226 774
225 775
224 776
223 777
222 778
221 779
220 780
219 781
218 782
217 783
216 784
215 785
214 786
213 787
212 788
211 789
210 790
209 791
208 792
207 793
206 794
205 795
204 796
203 797
202 798
201 799
200 800
199 801
198 802
197 803
196 804
195 805
194 806
193 807
192 808
191 809
190 810
189 811
188 812
187 813
186 814
185 815
184 816
183 817
182 818
181 819
180 820
179 821
178 822
177 823
176 824
175 825
174 826
173 827
172 828
171 829
170 830
169 831
168 832
167 833
166 834
165 835
164 836
163 837
162 838
161 839
160 840
159 841
158 842
157 843
156 844
155 845
154 846
153 847
152 848
151 849
150 850
149 851
148 852
147 853
146 854
145 855
144 856
143 857
142 858
141 859
140 860
139 861
138 862
137 863
136 864
135 865
134 866
133 867
132 868
131 869
130 870
129 871
128 872
127 873
126 874
125 875
124 876
123 877
122 878
121 879
120 880
119 881
118 882
117 883
116 884
115 885
114 886
113 887
112 888
111 889
110 890
109 891
108 892
107 893
106 894
105 895
104 896
103 897
102 898
101 899
100 900
99 901
98 902
97 903
96 904
95 905
94 906
93 907
92 908
91 909
90 910
89 911
88 912
87 913
86 914
85 915
84 916
83 917
82 918
81 919
80 920
79 921
78 922
77 923
76 924
75 925
74 926
73 927
72 928
71 929
70 930
69 931
68 932
67 933
66 934
65 935
64 936
63 937
62 938
61 939
60 940
59 941
58 942
57 943
56 944
55 945
54 946
53 947
52 948
51 949
50 950
49 951
48 952
47 953
46 954
45 955
44 956
43 957
42 958
41 959
40 960
39 961
38 962
37 963
36 964
35 965
34 966
33 967
32 968
31 969
30 970
29 971
28 972
27 973
26 974
25 975
24 976
23 977
22 978
21 979
20 980
19 981
18 982
17 983
16 984
15 985
14 986
13 987
12 988
11 989
10 990
9 991
8 992
7 993
6 994
5 995
4 996
3 997
2 998
1 999
0 1000
-1 999
-2 998
-3 997
-4 996
-5 995
-6 994
-7 993
-8 992
-9 991
-10 990
-11 989
-12 988
-13 987
-14 986
-15 985
-16 984
-17 983
-18 982
-19 981
-20 980
-21 979
-22 978
-23 977
-24 976
-25 975
-26 974
-27 973
-28 972
-29 971
-30 970
-31 969
-32 968
-33 967
-34 966
-35 965
-36 964
-37 963
-38 962
-39 961
-40 960
-41 959
-42 958
-43 957
-44 956
-45 955
-46 954
-47 953
-48 952
-49 951
-50 950
-51 949
-52 948
-53 947
-54 946
-55 945
-56 944
-57 943
-58 942
-59 941
-60 940
-61 939
-62 938
-63 937
-64 936
-65 935
-66 934
-67 933
-68 932
-69 931
-70 930
-71 929
-72 928
-73 927
-74 926
-75 925
-76 924
-77 923
-78 922
-79 921
-80 920
-81 919
-82 918
-83 917
-84 916
-85 915
-86 914
-87 913
-88 912
-89 911
-90 910
-91 909
-92 908
-93 907
-94 906
-95 905
-96 904
-97 903
-98 902
-99 901
-100 900
-101 899
-102 898
-103 897
-104 896
-105 895
-106 894
-107 893
-108 892
-109 891
-110 890
-111 889
-112 888
-113 887
-114 886
-115 885
-116 884
-117 883
-118 882
-119 881
-120 880
-121 879
-122 878
-123 877
-124 876
-125 875
-126 874
-127 873
-128 872
-129 871
-130 870
-131 869
-132 868
-133 867
-134 866
-135 865
-136 864
-137 863
-138 862
-139 861
-140 860
-141 859
-142 858
-143 857
-144 856
-145 855
-146 854
-147 853
-148 852
-149 851
-150 850
-151 849
-152 848
-153 847
-154 846
-155 845
-156 844
-157 843
-158 842
-159 841
-160 840
-161 839
-162 838
-163 837
-164 836
-165 835
-166 834
-167 833
-168 832
-169 831
-170 830
-171 829
-172 828
-173 827
-174 826
-175 825
-176 824
-177 823
-178 822
-179 821
-180 820
-181 819
-182 818
-183 817
-184 816
-185 815
-186 814
-187 813
-188 812
-189 811
-190 810
-191 809
-192 808
-193 807
-194 806
-195 805
-196 804
-197 803
-198 802
-199 801
-200 800
-201 799
-202 798
-203 797
-204 796
-205 795
-206 794
-207 793
-208 792
-209 791
-210 790
-211 789
-212 788
-213 787
-214 786
-215 785
-216 784
-217 783
-218 782
-219 781
-220 780
-221 779
-222 778
-223 777
-224 776
-225 775
-226 774
-227 773
-228 772
-229 771
-230 770
-231 769
-232 768
-233 767
-234 766
-235 765
-236 764
-237 763
-238 762
-239 761
-240 760
-241 759
-242 758
-243 757
-244 756
-245 755
-246 754
-247 753
-248 752
-249 751
-250 750
-251 749
-252 748
-253 747
-254 746
-255 745
-256 744
-257 743
-258 742
-259 741
-260 740
-261 739
-262 738
-263 737
-264 736
-265 735
-266 734
-267 733
-268 732
-269 731
-270 730
-271 729
-272 728
-273 727
-274 726
-275 725
-276 724
-277 723
-278 722
-279 721
-280 720
-281 719
-282 718
-283 717
-284 716
-285 715
-286 714
-287 713
-288 712
-289 711
-290 710
-291 709
-292 708
-293 707
-294 706
-295 705
-296 704
-297 703
-298 702
-299 701
-300 700
-301 699
-302 698
-303 697
-304 696
-305 695
-306 694
-307 693
-308 692
-309 691
-310 690
-311 689
-312 688
-313 687
-314 686
-315 685
-316 684
-317 683
-318 682
-319 681
-320 680
-321 679
-322 678
-323 677
-324 676
-325 675
-326 674
-327 673
-328 672
-329 671
-330 670
-331 669
-332 668
-333 667
-334 666
-335 665
-336 664
-337 663
-338 662
-339 661
-340 660
-341 659
-342 658
-343 657
-344 656
-345 655
-346 654
-347 653
-348 652
-349 651
-350 650
-351 649
-352 648
-353 647
-354 646
-355 645
-356 644
-357 643
-358 642
-359 641
-360 640
-361 639
-362 638
-363 637
-364 636
-365 635
-366 634
-367 633
-368 632
-369 631
-370 630
-371 629
-372 628
-373 627
-374 626
-375 625
-376 624
-377 623
-378 622
-379 621
-380 620
-381 619
-382 618
-383 617
-384 616
-385 615
-386 614
-387 613
-388 612
-389 611
-390 610
-391 609
-392 608
-393 607
-394 606
-395 605
-396 604
-397 603
-398 602
-399 601
-400 600
-401 599
-402 598
-403 597
-404 596
-405 595
-406 594
-407 593
-408 592
-409 591
-410 590
-411 589
-412 588
-413 587
-414 586
-415 585
-416 584
-417 583
-418 582
-419 581
-420 580
-421 579
-422 578
-423 577
-424 576
-425 575
-426 574
-427 573
-428 572
-429 571
-430 570
-431 569
-432 568
-433 567
-434 566
-435 565
-436 564
-437 563
-438 562
-439 561
-440 560
-441 559
-442 558
-443 557
-444 556
-445 555
-446 554
-447 553
-448 552
-449 551
-450 550
-451 549
-452 548
-453 547
-454 546
-455 545
-456 544
-457 543
-458 542
-459 541
-460 540
-461 539
-462 538
-463 537
-464 536
-465 535
-466 534
-467 533
-468 532
-469 531
-470 530
-471 529
-472 528
-473 527
-474 526
-475 525
-476 524
-477 523
-478 522
-479 521
-480 520
-481 519
-482 518
-483 517
-484 516
-485 515
-486 514
-487 513
-488 512
-489 511
-490 510
-491 509
-492 508
-493 507
-494 506
-495 505
-496 504
-497 503
-498 502
-499 501
-500 500
-501 499
-502 498
-503 497
-504 496
-505 495
-506 494
-507 493
-508 492
-509 491
-510 490
-511 489
-512 488
-513 487
-514 486
-515 485
-516 484
-517 483
-518 482
-519 481
-520 480
-521 479
-522 478
-523 477
-524 476
-525 475
-526 474
-527 473
-528 472
-529 471
-530 470
-531 469
-532 468
-533 467
-534 466
-535 465
-536 464
-537 463
-538 462
-539 461
-540 460
-541 459
-542 458
-543 457
-544 456
-545 455
-546 454
-547 453
-548 452
-549 451
-550 450
-551 449
-552 448
-553 447
-554 446
-555 445
-556 444
-557 443
-558 442
-559 441
-560 440
-561 439
-562 438
-563 437
-564 436
-565 435
-566 434
-567 433
-568 432
-569 431
-570 430
-571 429
-572 428
-573 427
-574 426
-575 425
-576 424
-577 423
-578 422
-579 421
-580 420
-581 419
-582 418
-583 417
-584 416
-585 415
-586 414
-587 413
-588 412
-589 411
-590 410
-591 409
-592 408
-593 407
-594 406
-595 405
-596 404
-597 403
-598 402
-599 401
-600 400
-601 399
-602 398
-603 397
-604 396
-605 395
-606 394
-607 393
-608 392
-609 391
-610 390
-611 389
-612 388
-613 387
-614 386
-615 385
-616 384
-617 383
-618 382
-619 381
-620 380
-621 379
-622 378
-623 377
-624 376
-625 375
-626 374
-627 373
-628 372
-629 371
-630 370
-631 369
-632 368
-633 367
-634 366
-635 365
-636 364
-637 363
-638 362
-639 361
-640 360
-641 359
-642 358
-643 357
-644 356
-645 355
-646 354
-647 353
-648 352
-649 351
-650 350
-651 349
-652 348
-653 347
-654 346
-655 345
-656 344
-657 343
-658 342
-659 341
-660 340
-661 339
-662 338
-663 337
-664 336
-665 335
-666 334
-667 333
-668 332
-669 331
-670 330
-671 329
-672 328
-673 327
-674 326
-675 325
-676 324
-677 323
-678 322
-679 321
-680 320
-681 319
-682 318
-683 317
-684 316
-685 315
-686 314
-687 313
-688 312
-689 311
-690 310
-691 309
-692 308
-693 307
-694 306
-695 305
-696 304
-697 303
-698 302
-699 301
-700 300
-701 299
-702 298
-703 297
-704 296
-705 295
-706 294
-707 293
-708 292
-709 291
-710 290
-711 289
-712 288
-713 287
-714 286
-715 285
-716 284
-717 283
-718 282
-719 281
-720 280
-721 279
-722 278
-723 277
-724 276
-725 275
-726 274
-727 273
-728 272
-729 271
-730 270
-731 269
-732 268
-733 267
-734 266
-735 265
-736 264
-737 263
-738 262
-739 261
-740 260
-741 259
-742 258
-743 257
-744 256
-745 255
-746 254
-747 253
-748 252
-749 251
-750 250
-751 249
-752 248
-753 247
-754 246
-755 245
-756 244
-757 243
-758 242
-759 241
-760 240
-761 239
-762 238
-763 237
-764 236
-765 235
-766 234
-767 233
-768 232
-769 231
-770 230
-771 229
-772 228
-773 227
-774 226
-775 225
-776 224
-777 223
-778 222
-779 221
-780 220
-781 219
-782 218
-783 217
-784 216
-785 215
-786 214
-787 213
-788 212
-789 211
-790 210
-791 209
-792 208
-793 207
-794 206
-795 205
-796 204
-797 203
-798 202
-799 201
-800 200
-801 199
-802 198
-803 197
-804 196
-805 195
-806 194
-807 193
-808 192
-809 191
-810 190
-811 189
-812 188
-813 187
-814 186
-815 185
-816 184
-817 183
-818 182
-819 181
-820 180
-821 179
-822 178
-823 177
-824 176
-825 175
-826 174
-827 173
-828 172
-829 171
-830 170
-831 169
-832 168
-833 167
-834 166
-835 165
-836 164
-837 163
-838 162
-839 161
-840 160
-841 159
-842 158
-843 157
-844 156
-845 155
-846 154
-847 153
-848 152
-849 151
-850 150
-851 149
-852 148
-853 147
-854 146
-855 145
-856 144
-857 143
-858 142
-859 141
-860 140
-861 139
-862 138
-863 137
-864 136
-865 135
-866 134
-867 133
-868 132
-869 131
-870 130
-871 129
-872 128
-873 127
-874 126
-875 125
-876 124
-877 123
-878 122
-879 121
-880 120
-881 119
-882 118
-883 117
-884 116
-885 115
-886 114
-887 113
-888 112
-889 111
-890 110
-891 109
-892 108
-893 107
-894 106
-895 105
-896 104
-897 103
-898 102
-899 101
-900 100
-901 99
-902 98
-903 97
-904 96
-905 95
-906 94
-907 93
-908 92
-909 91
-910 90
-911 89
-912 88
-913 87
-914 86
-915 85
-916 84
-917 83
-918 82
-919 81
-920 80
-921 79
-922 78
-923 77
-924 76
-925 75
-926 74
-927 73
-928 72
-929 71
-930 70
-931 69
-932 68
-933 67
-934 66
-935 65
-936 64
-937 63
-938 62
-939 61
-940 60
-941 59
-942 58
-943 57
-944 56
-945 55
-946 54
-947 53
-948 52
-949 51
-950 50
-951 49
-952 48
-953 47
-954 46
-955 45
-956 44
-957 43
-958 42
-959 41
-960 40
-961 39
-962 38
-963 37
-964 36
-965 35
-966 34
-967 33
-968 32
-969 31
-970 30
-971 29
-972 28
-973 27
-974 26
-975 25
-976 24
-977 23
-978 22
-979 21
-980 20
-981 19
-982 18
-983 17
-984 16
-985 15
-986 14
-987 13
-988 12
-989 11
-990 10
-991 9
-992 8
-993 7
-994 6
-995 5
-996 4
-997 3
-998 2
-999 1
-1000 0
-999 -1
-998 -2
-997 -3
-996 -4
-995 -5
-994 -6
-993 -7
-992 -8
-991 -9
-990 -10
-989 -11
-988 -12
-987 -13
-986 -14
-985 -15
-984 -16
-983 -17
-982 -18
-981 -19
-980 -20
-979 -21
-978 -22
-977 -23
-976 -24
-975 -25
-974 -26
-973 -27
-972 -28
-971 -29
-970 -30
-969 -31
-968 -32
-967 -33
-966 -34
-965 -35
-964 -36
-963 -37
-962 -38
-961 -39
-960 -40
-959 -41
-958 -42
-957 -43
-956 -44
-955 -45
-954 -46
-953 -47
-952 -48
-951 -49
-950 -50
-949 -51
-948 -52
-947 -53
-946 -54
-945 -55
-944 -56
-943 -57
-942 -58
-941 -59
-940 -60
-939 -61
-938 -62
-937 -63
-936 -64
-935 -65
-934 -66
-933 -67
-932 -68
-931 -69
-930 -70
-929 -71
-928 -72
-927 -73
-926 -74
-925 -75
-924 -76
-923 -77
-922 -78
-921 -79
-920 -80
-919 -81
-918 -82
-917 -83
-916 -84
-915 -85
-914 -86
-913 -87
-912 -88
-911 -89
-910 -90
-909 -91
-908 -92
-907 -93
-906 -94
-905 -95
-904 -96
-903 -97
-902 -98
-901 -99
-900 -100
-899 -101
-898 -102
-897 -103
-896 -104
-895 -105
-894 -106
-893 -107
-892 -108
-891 -109
-890 -110
-889 -111
-888 -112
-887 -113
-886 -114
-885 -115
-884 -116
-883 -117
-882 -118
-881 -119
-880 -120
-879 -121
-878 -122
-877 -123
-876 -124
-875 -125
-874 -126
-873 -127
-872 -128
-871 -129
-870 -130
-869 -131
-868 -132
-867 -133
-866 -134
-865 -135
-864 -136
-863 -137
-862 -138
-861 -139
-860 -140
-859 -141
-858 -142
-857 -143
-856 -144
-855 -145
-854 -146
-853 -147
-852 -148
-851 -149
-850 -150
-849 -151
-848 -152
-847 -153
-846 -154
-845 -155
-844 -156
-843 -157
-842 -158
-841 -159
-840 -160
-839 -161
-838 -162
-837 -163
-836 -164
-835 -165
-834 -166
-833 -167
-832 -168
-831 -169
-830 -170
-829 -171
-828 -172
-827 -173
-826 -174
-825 -175
-824 -176
-823 -177
-822 -178
-821 -179
-820 -180
-819 -181
-818 -182
-817 -183
-816 -184
-815 -185
-814 -186
-813 -187
-812 -188
-811 -189
-810 -190
-809 -191
-808 -192
-807 -193
-806 -194
-805 -195
-804 -196
-803 -197
-802 -198
-801 -199
-800 -200
-799 -201
-798 -202
-797 -203
-796 -204
-795 -205
-794 -206
-793 -207
-792 -208
-791 -209
-790 -210
-789 -211
-788 -212
-787 -213
-786 -214
-785 -215
-784 -216
-783 -217
-782 -218
-781 -219
-780 -220
-779 -221
-778 -222
-777 -223
-776 -224
-775 -225
-774 -226
-773 -227
-772 -228
-771 -229
-770 -230
-769 -231
-768 -232
-767 -233
-766 -234
-765 -235
-764 -236
-763 -237
-762 -238
-761 -239
-760 -240
-759 -241
-758 -242
-757 -243
-756 -244
-755 -245
-754 -246
-753 -247
-752 -248
-751 -249
-750 -250
-749 -251
-748 -252
-747 -253
-746 -254
-745 -255
-744 -256
-743 -257
-742 -258
-741 -259
-740 -260
-739 -261
-738 -262
-737 -263
-736 -264
-735 -265
-734 -266
-733 -267
-732 -268
-731 -269
-730 -270
-729 -271
-728 -272
-727 -273
-726 -274
-725 -275
-724 -276
-723 -277
-722 -278
-721 -279
-720 -280
-719 -281
-718 -282
-717 -283
-716 -284
-715 -285
-714 -286
-713 -287
-712 -288
-711 -289
-710 -290
-709 -291
-708 -292
-707 -293
-706 -294
-705 -295
-704 -296
-703 -297
-702 -298
-701 -299
-700 -300
-699 -301
-698 -302
-697 -303
-696 -304
-695 -305
-694 -306
-693 -307
-692 -308
-691 -309
-690 -310
-689 -311
-688 -312
-687 -313
-686 -314
-685 -315
-684 -316
-683 -317
-682 -318
-681 -319
-680 -320
-679 -321
-678 -322
-677 -323
-676 -324
-675 -325
-674 -326
-673 -327
-672 -328
-671 -329
-670 -330
-669 -331
-668 -332
-667 -333
-666 -334
-665 -335
-664 -336
-663 -337
-662 -338
-661 -339
-660 -340
-659 -341
-658 -342
-657 -343
-656 -344
-655 -345
-654 -346
-653 -347
-652 -348
-651 -349
-650 -350
-649 -351
-648 -352
-647 -353
-646 -354
-645 -355
-644 -356
-643 -357
-642 -358
-641 -359
-640 -360
-639 -361
-638 -362
-637 -363
-636 -364
-635 -365
-634 -366
-633 -367
-632 -368
-631 -369
-630 -370
-629 -371
-628 -372
-627 -373
-626 -374
-625 -375
-624 -376
-623 -377
-622 -378
-621 -379
-620 -380
-619 -381
-618 -382
-617 -383
-616 -384
-615 -385
-614 -386
-613 -387
-612 -388
-611 -389
-610 -390
-609 -391
-608 -392
-607 -393
-606 -394
-605 -395
-604 -396
-603 -397
-602 -398
-601 -399
-600 -400
-599 -401
-598 -402
-597 -403
-596 -404
-595 -405
-594 -406
-593 -407
-592 -408
-591 -409
-590 -410
-589 -411
-588 -412
-587 -413
-586 -414
-585 -415
-584 -416
-583 -417
-582 -418
-581 -419
-580 -420
-579 -421
-578 -422
-577 -423
-576 -424
-575 -425
-574 -426
-573 -427
-572 -428
-571 -429
-570 -430
-569 -431
-568 -432
-567 -433
-566 -434
-565 -435
-564 -436
-563 -437
-562 -438
-561 -439
-560 -440
-559 -441
-558 -442
-557 -443
-556 -444
-555 -445
-554 -446
-553 -447
-552 -448
-551 -449
-550 -450
-549 -451
-548 -452
-547 -453
-546 -454
-545 -455
-544 -456
-543 -457
-542 -458
-541 -459
-540 -460
-539 -461
-538 -462
-537 -463
-536 -464
-535 -465
-534 -466
-533 -467
-532 -468
-531 -469
-530 -470
-529 -471
-528 -472
-527 -473
-526 -474
-525 -475
-524 -476
-523 -477
-522 -478
-521 -479
-520 -480
-519 -481
-518 -482
-517 -483
-516 -484
-515 -485
-514 -486
-513 -487
-512 -488
-511 -489
-510 -490
-509 -491
-508 -492
-507 -493
-506 -494
-505 -495
-504 -496
-503 -497
-502 -498
-501 -499
-500 -500
-499 -501
-498 -502
-497 -503
-496 -504
-495 -505
-494 -506
-493 -507
-492 -508
-491 -509
-490 -510
-489 -511
-488 -512
-487 -513
-486 -514
-485 -515
-484 -516
-483 -517
-482 -518
-481 -519
-480 -520
-479 -521
-478 -522
-477 -523
-476 -524
-475 -525
-474 -526
-473 -527
-472 -528
-471 -529
-470 -530
-469 -531
-468 -532
-467 -533
-466 -534
-465 -535
-464 -536
-463 -537
-462 -538
-461 -539
-460 -540
-459 -541
-458 -542
-457 -543
-456 -544
-455 -545
-454 -546
-453 -547
-452 -548
-451 -549
-450 -550
-449 -551
-448 -552
-447 -553
-446 -554
-445 -555
-444 -556
-443 -557
-442 -558
-441 -559
-440 -560
-439 -561
-438 -562
-437 -563
-436 -564
-435 -565
-434 -566
-433 -567
-432 -568
-431 -569
-430 -570
-429 -571
-428 -572
-427 -573
-426 -574
-425 -575
-424 -576
-423 -577
-422 -578
-421 -579
-420 -580
-419 -581
-418 -582
-417 -583
-416 -584
-415 -585
-414 -586
-413 -587
-412 -588
-411 -589
-410 -590
-409 -591
-408 -592
-407 -593
-406 -594
-405 -595
-404 -596
-403 -597
-402 -598
-401 -599
-400 -600
-399 -601
-398 -602
-397 -603
-396 -604
-395 -605
-394 -606
-393 -607
-392 -608
-391 -609
-390 -610
-389 -611
-388 -612
-387 -613
-386 -614
-385 -615
-384 -616
-383 -617
-382 -618
-381 -619
-380 -620
-379 -621
-378 -622
-377 -623
-376 -624
-375 -625
-374 -626
-373 -627
-372 -628
-371 -629
-370 -630
-369 -631
-368 -632
-367 -633
-366 -634
-365 -635
-364 -636
-363 -637
-362 -638
-361 -639
-360 -640
-359 -641
-358 -642
-357 -643
-356 -644
-355 -645
-354 -646
-353 -647
-352 -648
-351 -649
-350 -650
-349 -651
-348 -652
-347 -653
-346 -654
-345 -655
-344 -656
-343 -657
-342 -658
-341 -659
-340 -660
-339 -661
-338 -662
-337 -663
-336 -664
-335 -665
-334 -666
-333 -667
-332 -668
-331 -669
-330 -670
-329 -671
-328 -672
-327 -673
-326 -674
-325 -675
-324 -676
-323 -677
-322 -678
-321 -679
-320 -680
-319 -681
-318 -682
-317 -683
-316 -684
-315 -685
-314 -686
-313 -687
-312 -688
-311 -689
-310 -690
-309 -691
-308 -692
-307 -693
-306 -694
-305 -695
-304 -696
-303 -697
-302 -698
-301 -699
-300 -700
-299 -701
-298 -702
-297 -703
-296 -704
-295 -705
-294 -706
-293 -707
-292 -708
-291 -709
-290 -710
-289 -711
-288 -712
-287 -713
-286 -714
-285 -715
-284 -716
-283 -717
-282 -718
-281 -719
-280 -720
-279 -721
-278 -722
-277 -723
-276 -724
-275 -725
-274 -726
-273 -727
-272 -728
-271 -729
-270 -730
-269 -731
-268 -732
-267 -733
-266 -734
-265 -735
-264 -736
-263 -737
-262 -738
-261 -739
-260 -740
-259 -741
-258 -742
-257 -743
-256 -744
-255 -745
-254 -746
-253 -747
-252 -748
-251 -749
-250 -750
-249 -751
-248 -752
-247 -753
-246 -754
-245 -755
-244 -756
-243 -757
-242 -758
-241 -759
-240 -760
-239 -761
-238 -762
-237 -763
-236 -764
-235 -765
-234 -766
-233 -767
-232 -768
-231 -769
-230 -770
-229 -771
-228 -772
-227 -773
-226 -774
-225 -775
-224 -776
-223 -777
-222 -778
-221 -779
-220 -780
-219 -781
-218 -782
-217 -783
-216 -784
-215 -785
-214 -786
-213 -787
-212 -788
-211 -789
-210 -790
-209 -791
-208 -792
-207 -793
-206 -794
-205 -795
-204 -796
-203 -797
-202 -798
-201 -799
-200 -800
-199 -801
-198 -802
-197 -803
-196 -804
-195 -805
-194 -806
-193 -807
-192 -808
-191 -809
-190 -810
-189 -811
-188 -812
-187 -813
-186 -814
-185 -815
-184 -816
-183 -817
-182 -818
-181 -819
-180 -820
-179 -821
-178 -822
-177 -823
-176 -824
-175 -825
-174 -826
-173 -827
-172 -828
-171 -829
-170 -830
-169 -831
-168 -832
-167 -833
-166 -834
-165 -835
-164 -836
-163 -837
-162 -838
-161 -839
-160 -840
-159 -841
-158 -842
-157 -843
-156 -844
-155 -845
-154 -846
-153 -847
-152 -848
-151 -849
-150 -850
-149 -851
-148 -852
-147 -853
-146 -854
-145 -855
-144 -856
-143 -857
-142 -858
-141 -859
-140 -860
-139 -861
-138 -862
-137 -863
-136 -864
-135 -865
-134 -866
-133 -867
-132 -868
-131 -869
-130 -870
-129 -871
-128 -872
-127 -873
-126 -874
-125 -875
-124 -876
-123 -877
-122 -878
-121 -879
-120 -880
-119 -881
-118 -882
-117 -883
-116 -884
-115 -885
-114 -886
-113 -887
-112 -888
-111 -889
-110 -890
-109 -891
-108 -892
-107 -893
-106 -894
-105 -895
-104 -896
-103 -897
-102 -898
-101 -899
-100 -900
-99 -901
-98 -902
-97 -903
-96 -904
-95 -905
-94 -906
-93 -907
-92 -908
-91 -909
-90 -910
-89 -911
-88 -912
-87 -913
-86 -914
-85 -915
-84 -916
-83 -917
-82 -918
-81 -919
-80 -920
-79 -921
-78 -922
-77 -923
-76 -924
-75 -925
-74 -926
-73 -927
-72 -928
-71 -929
-70 -930
-69 -931
-68 -932
-67 -933
-66 -934
-65 -935
-64 -936
-63 -937
-62 -938
-61 -939
-60 -940
-59 -941
-58 -942
-57 -943
-56 -944
-55 -945
-54 -946
-53 -947
-52 -948
-51 -949
-50 -950
-49 -951
-48 -952
-47 -953
-46 -954
-45 -955
-44 -956
-43 -957
-42 -958
-41 -959
-40 -960
-39 -961
-38 -962
-37 -963
-36 -964
-35 -965
-34 -966
-33 -967
-32 -968
-31 -969
-30 -970
-29 -971
-28 -972
-27 -973
-26 -974
-25 -975
-24 -976
-23 -977
-22 -978
-21 -979
-20 -980
-19 -981
-18 -982
-17 -983
-16 -984
-15 -985
-14 -986
-13 -987
-12 -988
-11 -989
-10 -990
-9 -991
-8 -992
-7 -993
-6 -994
-5 -995
-4 -996
-3 -997
-2 -998
-1 -999
