50 80
0 3
0 20
2 11
2 22
2 47
3 8
3 19
4 43
5 29
6 14
7 8
8 3
8 26
9 6
9 13
11 9
11 16
11 18
11 22
13 0
13 26
13 40
14 2
14 17
14 39
14 44
15 10
16 22
16 24
18 29
19 9
19 34
19 40
23 7
23 18
23 29
23 39
23 43
24 10
25 5
25 21
25 46
26 2
26 20
27 25
28 11
29 12
30 20
32 6
32 7
33 4
33 16
33 28
34 16
35 20
35 47
36 33
36 45
37 17
37 41
39 6
39 45
40 24
42 10
43 25
44 6
44 19
44 30
45 22
45 32
45 41
47 0
47 19
47 34
48 17
48 39
49 3
49 5
49 23
49 45
500
33 28
30 45
45 17
49 19
26 29
28 36
33 24
48 38
6 13
42 41
19 40
16 48
13 17
17 41
36 22
7 25
44 24
47 33
18 47
40 38
14 45
41 27
17 32
15 10
25 35
14 21
6 3
40 48
44 9
5 23
27 30
30 18
8 20
46 1
43 16
38 23
31 2
34 31
12 48
1 39
48 11
34 23
8 16
43 28
24 37
29 15
21 17
7 35
5 42
48 4
41 14
28 8
5 17
23 25
1 26
15 37
49 24
16 49
10 3
23 8
3 2
5 9
6 37
7 3
32 34
37 10
42 20
11 36
1 48
47 25
41 18
30 26
15 33
4 44
5 20
42 22
3 1
23 28
40 20
42 17
2 40
32 25
9 42
22 42
11 12
44 16
25 24
34 6
29 23
7 16
16 42
27 31
24 34
36 17
42 48
48 7
3 20
14 20
11 5
30 39
28 3
17 15
5 10
5 3
4 11
39 19
31 4
34 36
35 16
45 15
27 26
34 0
29 2
9 1
20 45
3 47
1 18
13 33
11 30
20 15
29 41
25 17
43 47
7 20
46 16
46 37
47 1
19 43
32 28
47 46
35 14
47 2
9 45
27 2
21 13
40 17
36 23
36 17
1 40
27 31
36 17
25 47
18 38
29 25
49 21
39 4
30 1
32 23
39 19
10 40
42 12
47 4
34 17
47 17
16 36
15 47
8 17
15 11
40 20
34 35
35 27
30 31
29 23
42 12
33 38
38 18
25 6
16 28
4 31
35 37
8 44
13 42
9 0
12 49
23 7
8 17
28 39
44 46
41 36
30 28
34 20
10 35
35 19
45 37
26 5
31 16
31 48
43 29
40 42
31 49
27 39
42 31
42 47
27 8
41 21
10 42
40 17
49 8
19 10
18 6
8 37
33 18
37 32
6 12
28 23
34 28
15 38
5 2
43 8
15 1
1 16
6 8
2 30
36 34
42 28
10 20
40 26
26 3
21 19
19 14
49 3
44 38
10 0
1 39
11 43
13 7
7 5
40 17
40 22
44 25
41 16
10 31
49 1
0 10
11 1
10 47
1 11
11 42
2 42
16 20
14 11
31 5
1 37
11 41
44 14
19 27
25 27
0 36
14 31
19 47
0 16
45 22
44 13
31 0
34 4
28 17
2 30
23 26
16 25
0 37
36 47
43 4
44 49
48 25
20 44
10 6
32 11
47 43
9 32
32 46
25 40
8 28
8 20
48 11
42 4
12 1
47 5
25 48
23 16
44 11
17 6
33 0
34 13
40 7
15 0
3 30
43 22
21 34
3 8
32 22
33 11
17 34
22 40
47 39
36 41
12 19
8 47
28 0
3 39
43 27
28 46
43 30
9 13
1 41
37 46
4 41
13 33
32 33
30 22
30 42
28 10
44 23
3 28
25 4
26 21
38 16
28 4
39 40
26 11
4 23
41 40
3 14
43 47
5 16
37 4
12 30
41 30
46 21
27 3
23 29
14 31
42 48
13 20
29 39
47 49
42 45
29 27
12 39
33 25
14 16
10 45
39 8
7 1
43 16
15 29
24 28
32 15
36 15
17 46
44 16
36 38
45 27
49 29
41 26
12 3
19 20
32 35
6 31
5 31
1 11
18 43
19 22
31 30
16 34
42 10
2 34
29 43
23 37
3 15
24 13
42 21
19 20
36 16
6 1
38 47
0 2
44 22
41 9
22 38
44 27
9 16
47 34
37 6
43 3
17 47
7 15
27 6
27 9
41 1
46 43
22 31
39 49
14 41
15 42
16 2
42 32
16 49
40 21
20 43
16 6
11 6
7 36
41 14
4 45
47 4
22 30
49 13
33 43
42 17
17 12
35 22
6 30
47 11
11 18
7 39
41 20
10 20
36 46
4 13
25 0
47 49
24 4
40 42
20 21
23 25
22 11
0 39
5 45
20 19
8 28
1 11
29 35
35 0
13 20
30 22
0 29
36 44
14 49
7 37
34 22
47 11
4 27
19 14
11 0
5 44
4 45
46 18
25 28
5 25
38 32
47 45
13 16
15 0
24 18
22 26
20 14
44 11
29 37
43 46
22 20
47 36
0 24
34 36
17 43
35 25
1 25
39 32
4 36
49 12
35 47
45 20
41 9
14 18
7 4
33 28
1 23
26 42
29 11
17 44
38 40
21 13
16 20
49 19
14 3
11 47
2 3
37 42
14 1
15 7
31 8
3 39
0 28
22 11
42 17
45 19
45 49
45 16
36 43
24 3
27 26
