100 200
0 3
0 29
0 44
1 21
1 49
2 81
3 7
4 19
4 37
4 43
5 13
5 29
5 45
6 33
6 97
7 91
7 93
8 24
8 47
8 98
9 40
9 41
10 28
11 54
12 74
12 85
13 56
13 86
14 53
15 10
16 12
16 28
17 2
17 55
17 99
18 90
19 6
21 12
22 55
23 78
24 4
24 7
25 58
25 84
27 51
28 14
28 60
29 7
29 19
29 77
29 80
31 9
31 33
31 49
31 83
31 92
31 98
32 25
32 59
33 23
33 72
33 77
34 97
35 31
35 54
36 41
36 47
38 26
38 67
39 76
40 0
40 39
40 71
40 82
41 16
42 25
42 57
43 44
44 68
44 71
44 88
45 68
45 83
45 93
46 17
48 15
48 55
49 69
50 10
51 31
52 8
52 74
53 6
53 21
53 85
54 87
55 28
55 44
55 60
55 81
55 87
56 8
56 20
56 88
58 40
58 46
58 56
58 87
60 16
60 44
60 53
61 1
61 57
61 62
61 88
62 16
62 49
62 71
62 90
63 26
63 36
63 54
64 49
64 54
65 27
65 69
65 90
66 45
66 46
66 52
66 93
68 47
68 97
69 94
70 41
71 8
71 13
71 24
71 43
72 24
72 29
72 61
73 58
74 67
74 75
75 1
75 2
75 5
75 12
75 77
76 9
76 26
76 62
76 70
76 73
77 98
78 25
78 52
79 48
79 49
80 44
80 58
80 75
81 15
81 16
81 35
81 42
82 71
82 97
83 6
83 10
83 24
83 34
85 4
86 37
86 76
87 88
88 84
88 96
89 10
90 57
91 75
92 0
92 14
92 45
93 35
93 97
94 18
95 15
95 30
95 52
96 16
97 11
97 57
98 20
98 42
98 49
98 69
98 79
99 13
1000
43 35
15 83
69 72
12 72
76 95
80 43
21 59
17 23
51 47
25 87
36 52
93 48
91 69
61 47
64 65
8 4
95 93
35 76
55 44
87 30
4 27
20 47
74 73
59 6
53 9
43 18
99 43
32 58
77 10
34 64
60 39
20 84
26 4
7 21
62 78
31 50
5 35
37 91
29 72
91 97
85 54
8 89
0 25
94 80
44 47
14 87
20 36
27 89
23 71
78 92
59 52
53 66
32 91
98 48
16 12
20 87
84 88
6 93
67 11
15 26
70 3
55 71
92 39
13 50
69 38
50 60
69 87
2 23
20 4
95 32
65 84
81 75
98 40
20 95
87 23
79 99
97 64
12 69
71 68
11 27
30 95
22 37
29 9
66 83
6 81
22 85
97 43
93 23
20 95
90 80
39 16
32 0
68 75
7 13
21 35
78 31
10 41
14 6
74 68
84 14
66 56
87 33
33 98
48 70
53 65
29 83
79 77
58 14
49 23
35 43
22 27
42 91
27 91
94 11
32 92
7 88
43 80
41 3
9 59
98 76
1 91
8 83
5 43
8 3
21 63
83 16
10 29
94 43
80 61
43 75
65 72
47 90
4 19
28 29
51 94
70 85
82 21
93 83
5 66
88 24
92 53
98 40
40 20
15 35
79 85
86 34
92 76
72 88
32 48
46 8
85 42
73 17
17 63
42 96
47 20
21 13
25 0
26 31
50 40
72 66
37 78
67 51
96 72
25 67
97 76
62 46
63 21
57 72
81 99
80 66
37 95
34 43
69 45
32 17
55 17
87 98
16 23
79 13
29 45
96 50
79 85
33 29
80 56
93 34
95 55
84 38
68 67
57 63
47 82
92 5
51 23
27 15
55 74
12 96
2 43
28 9
16 55
13 17
80 2
88 72
31 29
39 66
0 72
23 57
97 95
11 1
60 49
41 80
80 65
5 68
57 42
43 36
12 49
66 17
77 22
33 73
9 90
88 94
79 31
80 27
0 76
83 40
47 50
47 94
79 1
59 62
70 23
47 63
17 41
85 8
93 21
23 0
3 60
99 49
11 39
49 91
23 70
95 15
88 25
83 78
52 9
12 17
16 18
31 5
13 61
94 3
42 67
47 63
41 29
93 71
37 50
79 18
14 86
76 99
92 53
68 84
58 86
76 28
13 38
70 8
13 68
3 99
8 47
43 74
95 93
80 25
45 22
50 42
38 48
34 11
23 72
15 88
63 82
99 45
67 69
58 62
94 22
16 75
91 38
76 27
96 38
7 59
7 79
45 7
19 16
85 84
21 85
13 71
13 48
57 96
43 88
66 60
7 2
88 7
6 75
4 34
21 92
73 0
94 23
39 87
24 19
69 60
57 13
60 67
75 8
95 57
7 46
86 16
95 3
82 91
9 43
68 39
57 65
19 94
33 37
74 53
4 50
89 94
71 0
34 9
1 50
62 6
41 78
28 8
92 28
71 76
18 51
76 67
3 49
9 31
39 41
17 66
39 72
93 67
2 97
9 43
74 55
94 48
71 50
95 30
76 19
50 93
37 27
69 49
74 86
23 64
30 47
4 80
24 96
81 78
67 38
85 54
7 42
66 30
88 40
72 79
24 62
94 12
49 80
86 75
9 50
26 59
16 39
19 64
89 37
83 89
83 81
47 19
65 42
69 19
76 95
35 86
76 52
17 63
4 42
75 38
95 59
73 59
97 66
33 55
65 3
55 21
13 34
38 39
45 16
72 96
64 81
42 76
71 12
94 41
77 47
98 4
31 32
22 38
3 23
69 44
45 5
71 51
33 42
46 59
6 38
12 1
62 29
77 50
29 61
67 55
88 47
43 36
34 11
67 26
54 29
59 42
39 15
55 96
97 63
92 2
96 4
91 41
68 71
29 47
34 12
99 72
56 4
31 77
2 33
59 4
45 0
98 75
75 4
15 86
97 95
65 10
63 80
48 47
58 77
47 9
26 64
81 94
56 11
91 80
58 0
91 15
17 46
74 30
33 75
49 84
97 46
35 51
62 17
81 42
58 80
3 23
71 70
75 3
78 0
70 43
96 58
92 45
39 44
99 83
25 31
96 58
12 50
73 32
49 39
59 27
13 59
40 26
43 83
21 87
56 43
88 20
7 68
15 78
11 14
79 93
74 86
56 15
37 1
90 21
51 32
70 5
57 45
75 25
67 24
11 74
5 18
22 28
41 10
2 83
27 25
99 65
46 94
20 21
4 58
98 50
43 5
20 32
3 24
29 47
87 90
48 55
42 11
39 14
6 16
14 17
29 7
3 37
84 1
58 41
34 77
91 35
12 63
62 22
73 34
91 62
99 29
3 96
86 27
69 32
98 10
8 89
59 39
48 53
67 20
18 20
83 80
77 15
4 68
99 75
92 59
33 51
28 71
84 21
28 12
25 30
13 79
69 60
12 87
99 48
62 13
13 42
64 28
78 67
42 4
93 65
11 91
1 92
1 20
41 47
84 67
47 90
50 86
61 54
38 76
91 82
28 87
62 63
61 19
1 56
69 93
15 61
98 8
33 46
92 48
0 37
75 7
86 79
68 76
28 63
18 43
33 24
79 83
28 80
71 41
50 56
59 1
22 55
21 72
82 23
6 65
93 32
8 77
87 7
34 84
73 88
46 43
88 28
31 54
45 26
77 98
81 84
90 20
15 52
92 7
85 33
93 63
37 80
51 13
29 4
23 10
80 26
66 74
79 38
54 48
29 65
25 16
64 6
87 94
98 25
48 10
0 7
16 53
73 13
13 27
85 71
52 41
0 77
99 71
75 87
77 24
81 98
54 80
76 87
40 60
56 23
47 93
56 50
40 55
66 64
77 14
42 10
74 48
76 57
21 25
32 61
2 9
55 43
42 21
98 7
4 13
64 60
85 33
36 9
20 1
30 3
51 53
23 40
95 5
1 57
81 45
32 59
96 24
1 61
93 30
36 39
3 40
19 72
81 98
7 58
51 37
98 84
92 54
83 36
91 25
5 59
22 15
45 52
69 14
84 99
65 42
30 43
49 97
53 23
3 71
8 86
4 46
19 66
96 61
84 83
56 14
73 49
65 85
87 76
24 97
99 29
45 13
69 10
16 63
15 72
48 65
60 57
69 72
69 30
38 93
86 57
34 12
59 66
1 44
64 7
8 87
6 19
82 48
95 75
81 24
2 27
64 22
58 24
57 37
25 62
61 60
23 61
15 18
77 21
89 39
34 58
29 49
80 90
59 62
31 70
14 58
42 59
68 87
61 67
50 14
40 23
53 0
4 71
96 86
60 91
78 54
77 35
3 82
51 1
20 26
33 56
97 90
94 40
5 14
19 59
71 43
44 87
9 97
51 25
51 29
16 9
25 20
9 26
99 87
86 17
2 71
81 72
29 73
93 6
88 58
25 45
27 46
90 49
32 38
14 83
15 74
15 88
6 67
65 50
45 73
77 19
77 13
3 81
45 44
46 84
82 88
67 15
97 82
72 64
98 36
16 86
59 84
28 36
4 96
84 83
92 40
23 63
11 38
96 59
77 17
16 79
76 34
88 97
37 10
90 62
23 66
54 7
62 37
75 57
93 31
61 43
68 55
16 97
78 89
56 44
28 35
41 71
73 96
84 31
11 94
26 98
7 51
51 31
57 22
97 31
84 17
55 98
58 99
13 7
9 84
74 30
78 83
93 40
65 0
66 49
12 45
22 90
22 35
31 56
11 76
2 50
56 48
48 4
74 18
98 92
16 6
63 91
59 49
38 11
41 90
90 51
70 76
36 58
59 19
84 46
92 93
39 47
5 49
50 24
1 30
19 70
63 20
96 54
92 61
15 56
44 27
16 68
69 70
36 81
88 50
75 77
33 23
91 92
73 98
61 5
40 74
42 99
62 35
6 29
43 4
50 97
75 56
37 4
82 3
99 31
41 61
17 58
5 1
6 33
84 31
79 56
66 31
59 43
39 80
34 5
70 80
79 84
26 94
73 50
20 64
30 39
89 73
55 94
67 5
19 14
67 58
23 41
76 5
40 62
7 67
30 83
53 29
12 47
18 25
63 79
69 87
58 27
52 68
34 51
98 83
30 3
99 50
19 20
39 55
67 33
44 5
34 12
63 56
84 18
8 95
26 92
23 44
41 75
55 96
20 54
22 97
73 0
34 99
65 46
17 13
45 58
54 75
32 2
89 32
35 31
76 38
57 51
41 71
16 92
22 78
40 76
19 38
34 28
66 5
92 53
4 98
4 14
8 21
56 42
3 88
67 86
81 51
88 10
52 27
5 52
50 59
61 77
99 60
10 65
30 91
56 19
32 66
21 39
50 32
94 51
82 77
85 80
96 54
27 49
24 42
2 90
42 12
47 16
43 34
43 1
33 91
6 45
63 23
49 94
40 37
46 1
11 27
12 98
22 75
46 44
80 25
45 99
36 66
85 57
44 28
7 25
0 19
16 95
46 18
11 54
27 34
92 86
99 87
97 66
35 10
1 27
25 82
96 30
75 86
21 92
