30 50
1 8
1 28
2 1
3 9
4 19
5 20
6 14
6 27
7 17
7 19
8 24
8 29
9 21
10 6
11 0
11 8
12 9
12 25
13 9
13 11
13 19
13 29
14 6
16 7
16 13
16 17
17 12
18 6
19 14
20 11
21 4
21 14
22 6
22 16
23 4
23 11
24 9
24 11
25 9
25 18
25 23
26 8
26 25
27 11
27 21
27 22
28 11
29 10
29 14
29 23
100
28 10
10 12
3 23
5 27
18 25
21 4
28 10
4 24
14 7
23 26
11 23
20 27
24 10
7 5
15 13
8 14
0 24
3 19
8 24
5 7
1 5
3 28
22 19
8 19
5 8
12 25
14 11
16 22
18 25
4 22
7 12
16 23
25 2
5 24
21 1
15 19
26 14
15 28
19 2
18 5
0 2
16 1
20 29
23 27
22 6
28 23
28 4
3 4
5 0
23 3
13 26
5 3
20 0
29 26
0 12
12 22
29 20
6 24
4 14
1 15
29 5
25 12
6 23
22 29
22 1
17 15
18 16
24 6
13 1
6 2
5 12
25 23
1 13
4 2
2 29
2 4
13 5
19 9
22 7
1 0
26 29
14 9
3 15
28 24
2 21
27 21
18 11
18 3
2 17
20 15
12 26
19 2
12 3
12 4
9 3
11 25
17 20
15 6
15 3
26 1
