35 80
0 6
0 11
0 31
1 10
2 1
2 6
3 4
3 10
3 13
4 2
4 14
4 23
4 26
4 30
5 6
5 12
7 31
8 6
8 15
8 16
9 0
9 16
9 27
9 28
9 32
10 17
10 18
10 24
11 21
12 0
12 19
13 16
13 19
13 33
13 34
15 2
15 10
15 26
15 28
15 33
16 11
16 19
16 20
16 28
17 6
17 13
17 31
18 2
18 30
19 4
19 6
20 10
20 12
20 14
21 12
21 31
22 0
22 1
22 6
22 10
22 23
23 1
23 12
23 18
23 31
24 6
24 33
25 2
25 11
25 32
27 24
27 26
28 3
31 5
31 11
31 22
32 5
32 10
33 8
33 27
500
12 19
10 17
26 27
29 5
34 17
20 18
21 20
15 8
16 19
28 5
13 30
5 18
9 13
4 33
17 4
25 31
6 33
32 10
18 29
27 31
6 14
10 29
15 28
34 3
14 2
15 24
29 34
14 8
25 5
21 4
34 18
32 1
25 10
30 27
15 18
3 24
28 18
7 5
33 19
15 30
28 21
10 15
12 25
25 17
12 25
4 14
2 5
13 18
2 7
10 32
21 22
7 4
7 5
34 28
27 5
17 8
20 32
15 22
23 14
29 7
27 19
24 26
26 19
32 20
8 26
12 0
9 11
3 24
2 11
15 6
1 26
26 13
1 27
4 26
26 33
29 24
7 26
18 4
33 17
0 16
7 18
26 21
17 32
3 30
8 28
25 1
26 2
1 13
18 30
0 15
14 33
23 33
16 32
27 6
21 12
31 15
28 20
2 8
24 5
13 9
26 12
34 28
29 17
2 27
8 20
7 30
18 34
28 2
33 28
20 4
26 33
4 1
8 18
14 2
11 33
24 23
33 23
13 9
30 21
23 25
17 19
28 15
16 5
24 16
23 18
10 23
24 3
16 10
3 32
25 3
1 33
33 8
32 24
7 31
9 22
27 32
6 16
21 25
23 5
24 2
1 30
21 31
19 31
28 7
17 34
33 28
8 9
19 29
16 33
19 17
2 19
11 14
20 16
6 30
24 32
19 14
0 21
33 4
20 8
0 28
13 26
4 5
4 5
1 15
11 2
17 24
22 2
16 26
27 34
31 9
18 8
6 7
33 11
12 33
3 34
29 24
16 19
2 15
4 12
23 24
1 30
17 33
5 27
12 30
3 32
13 27
33 12
11 5
16 19
30 12
9 8
21 29
32 3
19 5
4 32
9 33
8 9
31 25
25 16
1 23
29 33
30 14
4 14
29 26
10 4
5 33
31 16
0 24
16 12
4 24
30 0
13 17
22 14
6 15
19 28
26 13
29 18
26 15
3 27
31 24
13 31
29 18
25 11
20 3
28 3
24 23
19 32
18 20
28 26
22 14
12 18
30 22
20 13
11 2
28 32
4 26
20 16
4 29
12 32
28 20
24 0
32 21
0 9
13 22
9 14
27 26
25 33
22 11
19 13
7 23
1 26
3 24
10 17
14 33
10 32
4 22
33 7
5 34
18 5
30 3
30 19
14 15
16 31
26 3
17 34
10 22
21 24
10 5
28 29
6 7
21 8
19 17
12 19
29 5
7 13
34 14
22 34
0 20
32 28
13 0
0 20
20 27
22 2
15 16
18 33
20 5
31 34
13 22
2 30
27 34
28 19
28 22
28 6
15 14
8 31
24 1
21 31
12 30
9 21
3 9
0 2
6 9
16 22
1 30
25 3
28 11
7 24
12 4
28 13
31 8
26 1
8 24
14 7
12 23
17 26
6 13
26 18
8 1
11 25
32 26
11 20
11 14
21 15
14 30
0 13
18 13
23 10
7 9
26 19
26 2
32 18
25 27
3 1
5 15
1 2
14 17
31 4
13 6
18 28
26 19
2 7
17 12
0 33
6 33
4 15
34 8
8 2
3 5
31 22
23 7
28 24
25 30
3 0
11 22
18 33
3 34
24 10
0 33
24 26
21 32
10 16
24 5
31 32
0 19
30 21
19 11
24 21
27 9
5 3
21 17
5 21
25 33
23 26
4 25
24 10
13 22
3 16
21 6
11 28
13 21
1 0
34 33
8 10
22 32
1 13
30 17
3 10
25 12
18 10
4 9
33 7
20 11
19 22
4 34
0 20
29 16
8 21
13 8
10 5
23 0
8 20
21 1
23 2
13 15
29 11
31 22
19 29
15 25
15 20
30 21
2 25
33 4
1 34
15 29
0 26
10 28
11 28
7 28
9 3
28 18
19 28
21 3
9 16
33 24
28 21
14 13
5 27
5 2
31 23
27 32
2 22
32 1
9 20
15 30
8 23
22 1
34 24
24 5
23 8
32 31
5 31
23 25
1 32
13 12
30 21
6 32
27 20
32 21
2 29
1 29
32 23
21 10
12 34
5 27
32 33
21 24
23 8
20 32
8 2
0 14
6 15
33 23
29 31
17 3
4 1
23 9
34 15
13 29
22 32
20 9
1 6
19 3
22 30
15 0
34 28
25 28
3 21
28 20
13 34
17 3
10 12
9 1
6 12
2 29
5 26
5 17
31 5
29 10
16 13
11 2
16 14
17 24
4 0
9 13
26 5
6 31
17 27
5 30
25 34
30 18
