50 100
0 2
0 22
0 28
0 39
1 49
2 18
2 27
2 29
2 32
3 14
3 33
4 2
4 9
4 38
5 21
7 12
7 15
7 21
8 20
8 28
8 36
9 5
9 49
10 18
10 31
10 45
11 9
11 23
11 36
12 11
13 8
13 17
13 23
13 41
14 9
14 28
14 31
14 36
16 29
16 37
16 38
16 48
17 24
17 29
19 7
19 23
20 5
21 28
21 30
22 24
22 31
22 39
23 28
24 0
24 2
24 4
24 42
27 0
27 10
27 12
27 19
27 30
27 33
28 18
28 39
29 36
30 19
31 5
31 19
32 8
32 12
32 31
32 34
33 14
33 16
33 21
33 28
33 29
34 32
34 33
35 4
36 33
37 17
38 40
38 48
40 33
41 15
41 22
42 7
42 38
43 2
43 20
43 32
43 45
43 47
44 38
46 36
48 37
49 46
49 47
1000
26 14
22 31
42 18
39 7
44 33
36 37
34 45
10 9
14 31
42 39
10 2
24 22
12 21
5 36
44 15
10 12
39 13
15 23
38 2
5 11
12 45
33 28
1 5
30 20
2 22
2 21
12 10
6 1
17 30
28 49
11 3
15 48
28 38
8 41
45 13
9 12
8 22
24 49
48 7
31 14
17 25
32 42
13 42
3 21
20 4
22 18
2 19
4 10
12 20
48 31
49 37
21 45
1 9
40 0
37 43
48 36
26 45
24 22
10 30
44 30
45 28
15 43
39 33
45 11
4 42
21 15
35 18
29 9
19 32
38 6
42 29
32 30
16 37
15 19
29 36
17 10
25 19
47 7
17 48
5 38
49 42
4 28
11 37
28 20
45 16
14 3
28 49
11 39
32 48
26 12
23 2
30 25
36 27
39 42
34 31
7 38
26 21
45 16
33 8
33 25
28 11
30 20
36 13
45 17
35 21
5 41
48 4
22 24
3 6
32 0
10 30
41 15
14 46
33 19
12 0
24 35
49 43
41 29
9 0
20 8
5 36
0 11
1 4
33 18
19 9
15 23
36 26
31 40
32 7
9 21
24 28
14 21
22 12
0 21
41 29
49 23
36 37
43 2
2 21
14 9
18 33
49 12
18 49
39 28
27 26
37 48
3 49
24 8
30 46
22 0
17 26
10 30
21 7
42 44
25 40
3 7
13 7
30 23
17 8
36 13
27 17
39 13
38 40
40 43
40 2
26 1
24 2
33 12
36 15
36 46
41 10
21 11
42 10
20 35
48 39
42 25
3 13
27 11
30 39
45 20
31 40
26 5
47 48
47 38
23 24
8 27
3 29
26 46
14 39
1 34
21 6
9 5
19 44
23 16
42 32
7 12
21 48
30 42
42 20
30 14
19 42
8 30
38 30
13 28
8 10
29 44
44 47
3 18
46 20
32 47
35 1
13 41
30 41
14 6
7 6
6 13
3 48
29 17
35 6
6 25
13 38
21 1
11 38
39 0
33 47
36 47
32 14
9 8
43 10
13 19
33 36
7 28
47 23
40 41
45 26
8 17
45 25
41 43
12 43
20 36
20 0
0 47
10 48
34 15
45 3
0 32
18 17
28 45
16 24
49 27
43 38
20 18
29 41
36 10
28 47
23 11
20 22
24 16
41 4
10 49
5 16
6 1
36 31
4 3
32 10
2 38
49 36
29 36
27 1
24 14
1 24
13 34
27 32
24 28
34 26
17 8
40 11
47 26
5 15
26 7
41 46
40 4
25 41
31 19
46 8
13 18
8 0
27 31
21 13
27 41
11 13
4 34
26 23
4 10
20 44
38 47
29 0
23 30
40 15
4 41
28 44
0 38
30 38
41 24
20 12
42 24
6 46
45 48
32 4
23 18
4 43
22 44
17 7
38 19
25 9
24 45
48 3
30 14
42 7
33 32
5 10
37 13
21 40
31 15
20 3
1 43
46 18
29 32
18 46
14 32
20 8
47 26
26 46
26 15
11 40
26 10
3 18
1 37
24 1
40 5
2 25
47 1
46 35
49 43
22 26
20 44
25 24
39 10
8 27
35 44
2 18
17 23
16 30
14 3
6 45
3 34
21 16
27 39
41 30
29 4
11 42
25 14
27 37
39 11
43 1
26 1
49 33
3 29
10 15
3 32
34 25
15 24
25 13
19 20
35 24
8 22
39 33
33 1
22 25
22 40
5 15
23 28
20 28
9 35
0 9
44 7
18 27
9 32
15 2
13 12
34 13
37 27
31 28
1 6
35 17
1 43
6 20
5 43
44 5
17 45
10 9
48 32
45 48
11 35
8 11
7 31
34 26
30 29
17 1
7 32
37 10
7 28
25 13
21 24
14 44
6 36
36 4
7 44
36 4
25 16
34 27
9 1
17 33
4 2
25 3
14 36
9 46
41 15
24 44
49 16
46 22
5 23
0 15
31 3
33 6
36 38
9 14
7 19
42 25
43 37
0 46
48 32
43 44
7 12
47 5
31 30
0 25
4 36
31 26
47 10
22 4
1 32
27 13
23 28
33 21
40 35
21 48
33 25
12 23
30 15
40 45
23 47
17 13
32 17
19 24
19 13
18 19
0 37
36 48
22 42
19 28
9 7
15 48
14 29
48 35
27 36
39 3
25 40
25 6
35 15
46 20
44 26
42 19
4 10
29 31
40 31
22 44
48 6
16 5
30 13
20 25
5 12
2 11
49 15
8 39
11 0
21 32
0 29
3 2
46 7
22 43
20 2
38 46
17 3
9 31
13 17
38 24
48 8
13 20
22 47
14 24
36 26
39 9
45 10
10 13
36 45
0 31
47 0
8 23
31 35
6 29
30 17
34 2
30 44
36 40
5 1
13 21
21 11
42 18
36 16
20 36
18 25
20 31
0 11
11 10
18 34
31 6
42 11
30 3
25 39
34 49
10 26
7 45
36 27
27 31
11 1
3 10
16 14
33 21
2 46
19 3
33 16
30 42
0 49
21 35
35 37
42 23
20 19
19 13
6 41
34 28
4 10
38 40
19 21
7 14
7 12
31 3
12 27
43 24
18 6
2 8
32 7
35 7
46 4
27 48
31 3
9 42
8 34
40 45
22 33
23 14
45 11
24 21
10 15
4 8
14 37
30 0
5 15
23 30
15 0
47 1
15 25
45 23
42 5
31 46
41 14
5 23
27 26
5 37
13 39
12 1
5 4
37 39
0 9
40 42
21 48
15 42
28 34
33 18
29 17
18 1
48 10
27 9
45 36
46 47
2 35
13 45
34 26
36 25
47 42
9 29
40 4
7 16
48 20
36 34
22 5
35 38
33 5
45 46
6 18
29 23
40 14
27 39
27 9
30 42
19 9
46 9
26 47
25 20
27 38
45 13
11 46
29 2
13 42
2 28
1 24
9 30
25 1
21 34
30 18
47 4
45 20
2 24
24 39
8 4
47 12
13 5
7 25
2 3
12 39
4 21
2 30
20 17
20 4
44 41
7 34
43 24
38 34
21 20
44 34
35 38
34 41
7 17
24 45
49 30
14 6
14 25
16 32
23 36
7 13
17 4
27 4
41 27
49 9
14 27
6 15
38 43
17 2
8 27
29 10
2 24
2 3
11 0
22 39
28 5
37 19
28 34
37 13
6 17
39 38
19 29
20 25
4 20
5 14
11 31
28 12
28 42
15 44
24 8
20 31
28 26
19 18
9 3
33 37
25 26
23 27
32 2
41 8
6 33
41 28
46 36
10 39
15 3
22 21
4 11
24 41
4 20
3 38
42 44
33 5
48 5
30 48
24 16
45 3
10 43
7 37
4 0
41 47
48 3
49 37
15 29
49 10
20 31
2 42
23 28
41 7
31 20
14 13
1 49
7 16
24 46
40 42
6 45
36 18
35 28
21 29
18 32
24 15
42 18
41 30
23 6
43 11
30 26
27 32
38 47
6 30
9 3
46 44
0 33
10 46
32 2
20 43
25 39
10 19
21 47
13 45
32 6
9 17
36 22
37 42
8 34
6 40
33 8
43 31
19 30
26 21
0 17
26 39
9 27
5 12
11 24
36 49
12 0
48 40
45 13
46 38
11 35
2 48
8 18
18 11
17 27
12 8
11 12
32 11
47 20
26 38
45 6
12 40
3 29
18 49
18 0
44 3
35 32
48 39
40 42
24 21
43 22
0 27
32 15
48 8
26 4
43 38
30 23
38 22
4 39
2 5
43 18
38 45
41 21
36 22
49 16
38 10
1 27
43 19
20 32
25 49
1 34
13 15
20 46
21 1
12 17
22 2
47 37
21 30
32 19
49 14
13 39
15 42
35 46
11 47
14 26
40 25
2 5
6 23
32 18
33 43
37 25
29 8
28 21
25 34
46 29
8 35
32 49
29 46
16 44
1 15
26 20
2 3
46 32
33 29
8 38
31 8
43 38
27 38
25 5
26 15
46 48
45 40
18 13
16 49
10 11
45 7
47 37
27 33
32 18
36 45
49 47
5 13
27 31
22 40
34 30
26 38
6 38
6 22
30 39
48 43
3 19
23 11
14 33
7 44
6 44
16 1
8 11
26 42
2 26
36 45
38 14
16 21
44 46
25 0
14 44
1 38
27 9
18 46
16 17
6 38
0 15
45 16
44 27
33 39
22 37
41 16
7 19
45 30
20 39
29 42
46 5
2 31
21 6
25 2
3 9
23 33
28 21
11 34
3 42
12 36
35 29
15 24
45 32
7 13
39 23
19 33
42 0
0 16
34 0
13 18
12 31
23 20
8 49
18 42
36 35
41 8
3 16
6 1
35 15
25 36
19 11
17 38
22 5
21 20
46 45
44 16
40 20
39 31
3 46
45 41
45 33
35 43
36 8
8 42
36 25
26 9
18 17
45 35
16 21
30 5
40 41
22 26
8 28
2 36
8 40
0 19
5 35
30 44
41 15
49 20
21 23
32 9
5 37
19 10
48 25
46 22
42 18
9 21
11 27
13 9
1 38
30 6
16 9
41 14
