100 300
0 11
0 15
1 25
1 36
1 39
1 47
2 90
2 98
3 36
3 41
3 50
4 25
4 68
4 76
4 97
5 14
5 92
6 29
6 64
6 73
7 4
8 42
8 58
8 61
8 94
8 96
9 4
10 20
10 31
11 31
11 62
12 13
12 47
13 20
13 24
13 45
14 19
14 24
14 28
14 50
14 54
14 74
15 59
15 80
15 81
16 4
16 49
16 73
16 96
17 55
17 58
17 79
18 27
18 33
18 47
18 57
18 71
18 88
19 24
19 33
19 55
19 63
19 73
20 8
20 36
20 46
20 59
21 22
21 51
22 2
22 46
22 61
22 86
23 11
23 12
23 18
23 40
23 48
23 52
23 67
24 78
27 6
27 31
27 62
27 73
28 0
28 54
28 72
28 93
29 21
29 44
30 18
30 88
30 91
31 23
31 41
31 51
32 73
33 43
33 87
34 39
34 61
35 10
35 36
35 61
35 71
35 87
36 96
37 17
37 43
37 58
37 70
37 92
37 99
39 1
39 15
39 37
40 64
40 98
41 46
42 0
42 72
43 22
43 26
43 46
43 81
44 37
45 22
45 30
45 71
46 35
46 64
47 13
47 16
47 55
47 69
47 87
48 36
48 54
48 55
48 59
49 79
49 93
50 29
50 59
51 75
52 2
52 29
52 48
52 92
53 66
55 30
55 35
55 46
55 79
56 37
56 42
56 71
56 74
57 52
57 66
57 78
57 97
58 42
58 47
58 63
58 89
59 11
59 32
59 37
59 38
60 2
60 27
60 87
61 11
61 30
61 58
62 4
62 6
62 20
62 72
62 79
62 83
63 16
63 18
63 22
63 61
63 98
64 0
64 17
65 33
66 11
66 33
66 97
67 56
67 73
67 77
68 84
68 90
69 11
69 27
69 59
70 6
70 15
70 41
70 58
70 61
70 75
71 5
71 30
71 62
71 85
72 28
72 29
72 70
73 34
73 48
73 54
74 20
74 60
74 69
74 81
75 30
75 44
75 58
75 92
75 98
76 44
77 26
77 35
77 56
77 84
77 87
78 1
78 17
79 40
80 7
80 23
81 39
81 40
81 87
81 89
82 27
82 41
83 3
83 10
83 57
83 85
84 19
84 49
84 52
84 83
85 4
85 8
85 20
86 19
86 53
86 58
87 58
87 93
87 95
88 6
88 36
88 46
88 94
89 55
89 69
90 4
90 7
90 9
90 13
90 26
90 72
90 89
90 94
90 97
91 87
92 29
92 60
93 0
93 45
93 89
94 42
94 67
94 87
94 93
95 18
95 41
95 99
96 25
96 56
96 59
97 15
97 35
97 56
97 83
98 71
98 74
99 13
99 54
5000
11 33
94 8
81 87
54 41
25 89
55 80
22 34
84 77
82 38
25 55
58 81
9 57
0 52
88 58
47 32
7 59
69 71
99 54
13 66
11 85
56 30
33 48
66 51
65 50
53 72
12 24
90 26
65 95
76 77
84 15
50 33
79 64
61 70
52 38
69 42
85 53
56 5
48 19
43 85
79 97
4 16
94 16
24 45
66 43
85 97
41 77
22 92
50 81
27 95
22 49
61 44
1 99
92 28
24 2
51 27
98 84
20 26
59 22
4 8
89 64
53 50
6 96
89 0
15 0
32 17
88 95
35 43
94 47
76 25
69 51
21 99
71 43
97 60
86 73
97 71
59 7
75 15
68 57
77 12
1 41
45 58
19 7
74 13
5 52
41 88
64 96
52 10
89 79
66 32
23 20
33 93
53 20
26 99
65 60
42 47
80 45
4 20
12 56
48 74
63 61
8 11
66 52
38 1
72 0
40 33
52 4
92 95
1 2
71 12
61 37
60 64
94 20
78 65
35 89
27 43
22 4
21 61
24 25
86 39
62 65
5 47
50 37
36 8
9 95
14 97
99 82
33 7
58 22
98 68
45 53
93 52
83 55
98 74
41 5
63 44
95 71
97 40
71 40
73 42
67 64
29 21
2 20
12 34
57 7
28 46
45 64
79 87
73 23
16 50
25 1
53 89
12 63
61 71
81 23
37 84
50 58
29 57
56 68
44 4
2 51
11 96
13 60
65 3
27 35
61 35
52 92
78 62
86 17
18 0
97 76
7 3
93 69
67 11
89 82
79 84
13 17
22 20
44 97
5 73
25 18
91 7
69 66
71 76
53 88
57 87
58 54
22 28
97 50
55 41
41 12
68 15
59 7
98 35
28 79
3 95
89 65
28 83
11 46
70 63
2 62
4 46
14 54
61 69
38 34
12 93
68 89
82 38
87 57
30 61
81 62
10 61
24 98
11 9
11 89
62 27
62 29
81 56
68 26
89 56
83 14
61 0
84 49
36 71
63 72
57 85
21 95
72 40
39 94
63 30
14 22
66 96
96 81
86 3
28 98
43 31
55 52
97 16
94 59
33 25
33 75
74 21
30 56
44 62
76 92
56 45
31 80
34 30
40 20
35 56
99 43
91 41
24 8
22 53
52 17
21 5
13 38
24 76
36 25
97 30
92 21
39 55
98 40
18 95
85 64
62 85
21 8
56 9
44 34
70 59
44 74
88 95
80 28
41 93
21 89
56 35
52 2
94 97
63 99
43 46
2 72
84 3
26 1
41 27
87 57
88 46
96 68
34 32
22 98
54 94
42 25
84 48
43 78
7 99
21 22
74 87
12 8
88 84
87 76
11 14
96 11
34 2
99 14
51 27
68 61
17 96
71 3
13 85
83 92
41 18
6 2
13 44
46 65
6 15
89 44
77 28
1 93
97 65
24 13
82 94
88 85
44 73
10 69
95 85
71 86
29 1
58 75
27 7
79 39
70 61
58 61
40 36
56 11
74 41
39 19
23 84
7 92
56 10
30 32
96 19
3 22
64 70
46 12
73 76
10 76
41 79
89 42
23 12
83 65
82 27
11 52
82 58
3 32
7 73
76 60
80 19
19 67
4 52
77 48
48 80
44 14
48 20
92 79
39 63
38 55
42 66
33 89
31 1
74 7
22 60
97 12
44 56
73 95
36 40
88 56
95 93
72 73
68 65
88 30
8 26
2 43
14 29
41 7
20 76
45 0
62 83
29 26
36 76
5 96
53 38
13 84
65 35
88 9
5 2
13 40
51 46
76 54
24 71
75 81
48 47
3 63
97 43
53 10
33 81
73 12
72 58
12 21
86 64
5 72
61 92
34 83
11 43
88 83
85 35
86 29
92 48
51 16
60 74
67 37
22 12
69 6
11 34
20 81
63 21
64 98
78 93
76 57
85 1
35 7
48 22
87 89
0 98
62 73
65 68
57 5
30 49
18 77
68 41
19 14
43 86
46 36
25 80
28 33
18 58
82 39
96 5
1 86
4 65
38 33
25 0
67 38
97 26
71 33
64 68
61 62
11 44
79 92
69 93
93 95
53 51
59 81
59 4
12 89
62 79
37 15
81 60
79 75
84 58
42 66
95 55
76 34
16 76
69 43
93 24
8 37
25 79
56 49
11 45
96 5
81 2
53 89
15 22
3 96
77 23
34 28
40 79
36 37
22 61
74 85
49 53
70 58
39 78
66 42
7 90
43 37
36 70
39 49
44 34
77 64
85 62
37 4
99 25
17 31
85 11
37 89
27 82
86 50
6 10
80 59
74 98
89 16
1 71
73 9
94 12
63 25
91 88
16 72
5 28
79 25
40 56
71 35
17 51
40 29
57 96
82 92
29 46
31 54
39 48
78 97
96 8
99 22
31 53
33 4
79 73
62 73
41 84
56 92
17 71
87 94
55 0
55 22
34 9
67 21
23 75
89 50
54 55
78 45
70 17
74 48
93 56
25 36
7 33
20 57
15 36
2 39
37 95
19 97
61 5
73 58
41 82
20 52
8 57
99 58
76 63
26 89
1 47
59 63
64 72
2 7
51 53
93 12
45 65
15 22
67 15
96 85
20 83
26 35
19 80
78 79
52 94
88 80
9 77
9 52
60 63
87 85
46 68
49 22
60 61
43 59
66 29
41 65
9 19
86 78
59 51
10 88
22 47
23 79
53 27
59 1
97 59
1 85
37 51
65 71
56 68
16 71
84 4
17 32
70 24
8 7
33 93
82 57
5 6
81 75
96 49
76 34
50 91
24 51
33 32
19 45
32 14
62 8
66 85
52 83
41 34
64 4
81 63
86 77
60 68
69 51
54 83
51 81
4 74
99 22
99 23
23 52
56 6
51 63
82 68
74 49
98 54
46 80
86 67
39 95
97 52
4 79
64 1
72 27
8 29
81 43
35 6
46 23
22 87
5 36
85 22
79 88
5 43
80 90
91 15
79 35
51 71
12 91
44 89
69 24
90 16
66 58
1 4
27 50
99 40
81 37
92 98
35 77
31 76
84 62
4 36
68 27
72 3
27 85
19 38
25 90
68 70
75 44
5 88
20 12
74 34
16 23
36 55
84 92
11 59
66 97
87 24
77 75
97 72
35 51
16 25
14 47
0 63
22 4
25 7
19 57
65 30
43 40
29 76
77 56
57 10
18 9
87 95
84 37
40 67
79 16
53 58
12 93
2 74
48 7
30 59
80 70
79 50
78 83
38 51
38 58
7 31
52 89
38 13
74 95
96 8
0 98
70 79
24 57
25 33
89 40
5 29
95 55
62 91
28 87
71 17
43 14
16 36
23 93
30 51
6 89
24 45
98 24
45 62
6 9
38 34
29 56
4 58
72 17
34 76
5 33
36 12
64 45
68 78
69 20
19 66
5 43
34 99
38 46
92 37
40 56
76 86
48 74
54 67
2 70
48 6
91 46
96 69
63 95
0 62
43 7
42 14
17 51
57 33
59 83
67 47
25 89
25 63
79 54
48 60
93 83
82 84
26 38
91 32
64 2
15 20
34 75
36 18
87 91
55 52
25 13
8 13
6 93
2 91
53 5
43 12
99 29
81 41
29 15
51 4
57 0
29 10
89 98
40 43
1 82
14 70
82 90
40 2
21 1
15 24
42 67
33 68
29 8
93 77
47 48
15 28
14 60
15 26
11 1
71 97
1 21
4 86
12 82
9 48
24 18
98 96
8 79
45 98
85 72
93 28
20 55
36 22
97 78
22 48
28 53
74 98
64 2
25 42
49 93
45 95
50 94
3 75
65 2
8 21
47 18
14 62
19 10
45 66
97 16
18 57
10 32
10 74
44 8
10 41
31 55
39 43
91 41
28 70
7 92
37 33
90 61
23 31
10 95
53 79
77 93
35 86
82 41
73 26
29 35
0 15
14 62
79 98
31 73
16 52
75 57
62 14
26 16
86 29
57 89
92 19
95 97
62 78
48 77
21 37
68 25
29 51
65 13
3 68
30 21
69 46
22 60
54 7
83 26
74 23
87 73
51 84
6 49
38 53
39 93
87 65
90 20
66 11
86 71
70 43
36 8
20 30
11 1
6 75
26 99
59 99
34 74
27 43
0 78
19 40
43 19
13 85
53 1
3 37
8 52
16 18
86 12
10 96
88 62
11 95
70 15
29 83
96 38
19 49
58 33
45 46
18 3
52 3
92 8
94 76
8 78
95 61
10 76
31 54
43 48
1 98
92 5
43 11
80 70
68 12
52 77
18 70
7 65
64 38
42 50
3 73
53 9
52 49
12 19
93 64
28 55
73 15
37 39
31 26
97 7
77 57
97 57
73 70
50 45
26 86
61 95
71 30
56 51
59 65
59 98
56 8
56 59
98 54
45 65
33 80
97 6
15 63
3 93
54 52
10 66
88 24
51 1
94 51
80 45
19 82
3 41
65 62
36 12
73 59
92 20
74 90
13 73
30 72
37 47
99 34
41 10
5 99
28 75
47 3
7 46
23 88
3 83
92 58
43 0
73 46
78 34
25 31
52 0
14 24
22 52
48 11
13 66
41 81
69 72
25 55
80 57
96 70
41 95
61 8
36 57
75 66
34 73
74 59
59 19
46 66
75 22
20 79
65 94
88 87
64 28
53 49
43 96
37 95
43 24
43 67
0 47
51 84
82 80
97 15
56 64
5 75
55 54
38 45
95 97
9 30
58 34
16 81
78 85
19 22
83 19
52 6
79 77
54 95
78 94
18 20
39 96
92 4
96 76
70 63
57 37
33 86
18 40
15 5
55 47
87 66
46 35
28 43
22 69
1 32
65 94
71 11
46 58
60 86
15 65
80 64
98 91
15 41
3 23
30 47
63 6
14 82
95 81
29 11
2 28
35 31
3 72
22 66
97 37
81 36
84 93
63 96
48 36
99 91
75 65
96 0
11 67
68 3
14 51
31 26
83 67
17 76
57 30
80 37
93 54
77 91
11 12
66 90
72 26
43 60
1 56
46 90
42 21
98 82
30 80
55 1
41 54
31 83
66 14
77 13
17 27
69 14
53 7
67 88
42 20
91 73
65 18
46 83
58 99
44 4
42 33
89 71
44 93
0 46
57 23
93 91
20 61
60 62
21 58
32 59
55 63
11 70
57 39
91 21
16 28
57 75
99 50
67 4
2 33
24 18
22 31
56 23
76 64
24 49
40 15
57 41
97 98
8 72
52 95
0 86
67 81
76 7
12 71
9 96
11 27
57 47
82 59
53 19
40 64
2 5
6 38
63 2
59 70
65 86
89 76
50 67
39 52
13 17
90 70
37 97
5 10
2 37
62 86
40 99
22 37
78 15
50 83
34 80
7 13
46 89
41 0
93 22
91 17
65 86
88 26
63 30
11 12
65 27
50 44
82 72
43 69
18 65
52 81
74 25
9 24
32 79
87 88
45 46
36 93
75 66
26 9
72 42
80 9
4 86
73 91
4 85
95 83
2 14
76 22
12 55
86 59
17 61
42 76
85 67
33 8
17 41
89 79
64 85
48 45
63 53
16 35
72 39
1 38
2 81
40 94
76 66
13 98
76 19
16 34
60 43
63 44
13 47
44 82
98 29
84 74
78 29
30 11
7 86
76 34
32 55
21 22
58 59
65 82
37 75
99 29
48 33
19 96
48 36
4 7
79 73
86 87
15 43
61 44
6 98
94 57
58 81
49 73
43 61
80 43
76 52
85 43
23 21
72 78
34 5
63 87
23 1
29 46
26 93
68 49
19 93
42 99
78 89
15 64
73 52
52 11
87 8
8 36
99 83
88 64
93 73
17 74
90 79
60 63
90 69
28 5
82 28
9 30
54 27
47 95
50 82
58 78
80 17
85 58
69 61
68 60
88 33
95 52
90 23
97 88
4 85
0 48
58 90
76 87
72 96
30 58
5 36
86 99
4 17
41 45
70 88
43 30
64 72
9 7
38 19
40 22
10 61
18 68
22 98
75 0
34 81
96 49
25 45
31 65
74 87
6 36
23 50
51 21
41 64
16 81
35 28
2 99
19 1
33 91
46 54
51 6
2 72
25 21
80 71
18 77
5 57
61 31
50 24
71 78
83 55
16 74
80 12
49 4
93 41
82 71
24 48
52 51
36 53
50 22
14 40
1 29
74 38
43 40
31 22
40 13
58 14
52 66
86 73
17 55
6 8
74 7
13 54
34 20
26 17
62 39
62 52
37 89
65 44
98 23
24 21
94 92
39 55
73 26
74 80
54 24
9 25
76 69
97 74
19 1
96 55
22 55
28 31
87 56
42 18
22 51
13 37
23 27
24 78
74 30
1 14
13 97
11 53
94 62
47 73
48 22
41 80
29 67
25 21
33 64
15 95
20 62
96 28
62 47
26 33
92 13
93 22
10 96
8 61
65 21
55 51
46 6
95 70
49 43
76 5
51 43
82 75
91 90
97 26
29 56
76 2
15 73
15 40
60 43
81 40
15 57
20 96
78 82
65 35
62 99
4 22
48 42
63 10
15 19
72 62
24 86
95 8
80 4
90 65
43 57
61 8
68 98
67 42
69 99
77 51
27 37
17 62
55 77
14 67
50 71
24 54
43 75
64 88
91 63
71 0
43 53
43 54
68 60
34 25
91 55
70 27
36 71
51 33
27 19
89 1
50 79
62 39
96 73
5 82
53 40
78 56
8 7
93 73
56 80
26 1
19 35
25 64
63 98
94 40
80 71
48 22
64 34
48 61
18 38
89 76
11 53
73 64
6 22
6 29
12 3
38 58
81 25
52 99
86 20
17 36
68 41
49 67
64 56
42 14
44 9
54 92
68 91
13 60
23 69
30 74
98 88
14 12
54 44
88 11
88 84
66 11
42 41
83 13
98 39
93 84
9 40
79 66
37 12
80 81
72 23
6 29
20 60
82 53
60 22
67 14
56 65
45 57
47 98
96 3
83 71
76 69
64 97
79 70
45 25
46 75
23 55
20 16
41 43
45 83
56 64
87 52
63 43
6 97
43 93
1 68
65 94
47 65
38 56
51 19
67 9
41 18
10 4
1 40
21 52
29 78
71 60
79 8
45 75
38 2
1 77
93 80
15 4
2 49
62 95
82 7
90 15
94 70
51 54
88 62
14 54
2 98
31 20
55 66
57 72
18 21
68 45
51 57
16 11
15 31
70 77
35 6
93 25
65 69
6 41
35 96
6 50
84 49
24 66
3 64
97 90
35 48
5 55
4 6
38 1
61 46
65 60
77 38
83 21
74 58
77 68
40 9
69 34
54 78
67 14
95 45
46 13
46 89
22 13
6 88
94 32
48 85
13 6
87 26
32 57
65 31
30 10
20 38
45 24
99 36
40 57
8 79
1 61
41 30
19 65
94 88
96 58
45 69
65 23
16 32
18 67
72 34
10 90
74 56
36 50
45 99
74 33
37 9
16 47
47 13
89 63
79 44
62 64
20 47
16 57
96 73
70 16
86 56
72 14
27 14
77 35
39 22
59 81
11 41
2 39
87 24
28 96
61 39
71 59
57 86
69 27
88 10
52 14
61 72
0 88
3 5
13 44
99 5
48 84
12 35
77 12
70 87
11 64
55 9
75 5
96 82
53 8
48 96
97 44
84 10
81 93
33 32
10 49
29 54
94 97
32 10
99 37
7 31
51 69
48 40
7 85
91 92
24 92
74 80
61 79
92 23
63 50
37 1
97 21
10 72
12 14
8 88
66 64
29 43
13 93
27 39
67 65
86 69
81 7
56 25
14 84
69 81
32 72
14 66
93 3
7 20
73 38
25 75
16 7
36 31
86 33
65 46
86 61
61 38
37 92
45 94
6 39
99 49
76 86
71 11
6 69
13 93
22 65
13 87
61 43
61 45
60 22
9 64
43 84
33 9
70 36
44 21
53 77
39 88
47 22
93 14
5 81
55 3
91 73
92 36
7 99
65 24
71 49
0 5
45 4
80 69
56 49
73 23
47 70
43 87
61 82
0 79
49 53
5 1
32 73
21 3
11 77
60 83
98 4
49 8
62 50
79 93
9 44
56 37
8 88
34 88
80 15
30 49
23 0
8 44
80 0
5 45
84 30
93 53
71 72
56 3
11 20
95 70
38 86
96 83
7 90
71 21
38 2
0 99
54 38
27 69
53 68
84 75
4 88
56 53
29 90
12 77
39 80
91 19
94 98
20 83
65 58
77 74
57 16
60 95
86 13
95 37
1 5
11 98
50 90
59 88
68 74
58 60
22 2
35 58
55 22
41 84
12 86
62 64
39 38
21 19
21 19
66 87
10 85
9 69
27 24
85 96
8 47
10 15
31 99
39 87
21 2
88 51
85 32
87 94
86 43
22 40
71 72
59 94
14 15
59 89
40 55
4 48
41 97
2 37
4 33
18 66
1 37
66 25
61 17
15 95
62 38
87 40
44 52
44 58
6 8
63 99
6 85
72 81
24 6
84 93
36 50
52 37
32 9
90 19
33 34
24 96
87 11
74 0
74 14
84 5
46 75
80 64
53 31
93 43
56 93
13 11
90 54
94 99
21 20
94 59
37 91
38 80
61 23
98 27
72 35
89 55
15 87
6 75
1 47
0 74
50 4
7 93
1 43
42 51
96 49
20 35
80 59
27 39
93 8
18 29
80 22
85 24
30 95
83 31
67 46
70 85
46 25
31 42
74 57
75 67
46 76
42 32
60 58
69 23
79 4
3 56
0 53
37 19
68 79
88 63
93 43
25 99
91 31
93 1
49 9
10 20
82 58
49 48
23 52
44 59
44 66
32 71
21 91
95 37
60 2
26 25
23 41
40 90
84 97
43 95
40 69
13 96
86 27
54 47
34 14
19 41
80 75
48 87
16 79
71 7
67 91
8 69
58 50
43 41
61 45
67 99
93 12
39 3
85 21
19 83
95 58
18 90
82 10
65 18
42 99
8 17
99 20
72 86
56 21
4 41
16 78
2 98
87 7
96 82
68 83
28 38
26 53
59 2
64 4
85 1
54 41
48 29
46 78
14 15
58 78
72 58
74 22
45 80
8 89
75 12
77 4
94 44
66 95
65 42
13 47
0 22
14 2
37 56
9 77
6 13
57 81
74 49
82 96
70 74
18 6
7 69
43 53
23 1
96 54
25 61
97 74
30 91
3 62
31 20
31 33
38 67
79 72
92 61
70 1
42 85
31 63
86 39
92 41
99 87
76 51
51 95
47 20
60 29
82 43
14 31
3 92
4 51
62 9
78 88
83 73
64 72
79 87
6 43
22 73
53 80
89 63
41 88
86 41
72 27
7 63
23 18
64 6
33 66
80 31
0 83
22 4
36 64
40 84
27 3
63 65
99 33
86 64
46 18
99 40
48 52
86 54
74 59
39 75
78 2
33 61
14 77
72 35
42 62
3 8
55 83
2 77
98 11
90 33
92 7
30 3
3 74
2 28
68 63
48 74
27 21
87 82
46 21
70 86
94 4
85 35
46 68
94 1
42 87
89 96
19 79
74 66
22 25
84 71
93 82
76 75
92 83
12 28
89 22
52 86
37 3
88 84
41 1
61 8
91 12
2 16
23 0
17 91
0 16
79 33
51 67
12 43
13 6
76 67
64 90
20 45
31 86
94 42
93 91
10 6
18 99
84 87
68 52
10 98
10 38
1 34
8 7
58 1
58 45
93 1
38 15
90 25
1 90
86 66
21 85
84 30
30 61
7 94
11 46
60 58
81 73
26 21
83 73
51 87
24 54
52 78
62 47
7 93
54 1
85 13
30 17
53 73
50 4
63 74
81 64
65 56
69 71
85 90
26 46
95 40
25 10
56 96
95 72
55 20
91 94
41 11
15 53
60 3
53 61
23 12
26 56
74 83
53 24
39 66
60 98
28 90
41 92
36 34
38 20
57 16
80 93
14 55
38 77
15 72
58 67
23 98
84 64
32 4
20 65
96 8
82 39
84 91
83 42
52 25
79 86
31 61
76 66
70 59
66 58
29 7
77 0
82 37
8 81
58 86
2 0
45 17
49 99
58 2
14 79
94 92
22 68
81 99
98 43
62 16
57 5
62 50
74 40
4 75
86 15
9 16
28 80
73 81
70 31
17 18
59 56
73 19
36 42
55 95
62 85
34 95
69 25
44 75
90 32
43 47
74 11
38 62
83 59
92 59
85 17
7 76
99 80
92 63
3 68
77 47
53 98
91 47
0 47
3 52
22 67
53 4
68 39
73 11
49 29
68 19
0 28
2 80
0 17
43 23
93 16
7 73
21 51
38 92
58 22
20 48
32 65
36 52
40 74
23 94
16 34
47 96
19 86
39 91
39 26
1 9
20 41
10 22
23 95
83 69
58 68
21 15
22 89
20 25
50 40
89 90
21 40
11 27
11 67
83 30
91 80
63 43
41 63
75 47
60 89
39 51
41 44
78 0
67 27
76 38
32 73
69 24
82 70
88 72
69 46
61 91
25 32
22 77
45 86
67 59
21 89
79 87
66 75
52 74
57 97
34 74
52 82
99 23
13 37
51 26
46 0
65 53
97 27
62 0
46 0
47 80
24 0
57 14
76 74
84 82
80 93
27 34
20 14
74 40
29 7
29 1
89 34
75 69
34 93
72 58
67 0
81 4
31 91
29 93
76 35
89 59
30 86
26 17
43 78
47 29
34 2
74 51
80 65
19 8
62 75
97 21
33 86
13 50
84 77
10 27
1 48
59 6
9 49
50 95
48 0
55 78
60 10
54 14
99 60
73 60
48 53
70 83
43 68
54 53
98 45
21 97
7 12
45 57
75 72
0 40
4 73
48 74
70 47
60 28
62 99
89 31
36 97
65 39
4 68
12 78
59 69
4 92
54 86
74 55
91 29
66 68
22 28
59 48
40 12
10 1
79 73
47 42
84 1
14 18
94 23
40 21
38 16
38 66
81 79
24 85
48 14
99 42
64 58
63 14
50 18
25 64
89 93
42 7
43 65
82 19
92 1
1 56
88 58
68 37
9 40
59 34
62 73
80 16
83 25
74 72
75 50
98 3
85 37
50 27
29 20
24 18
5 78
40 60
25 78
72 56
14 24
35 75
65 27
33 3
97 88
43 1
61 97
11 27
96 39
34 23
5 14
80 46
53 76
10 73
72 68
13 26
37 86
66 21
46 6
9 57
58 85
18 38
47 9
99 85
62 9
34 20
6 89
51 93
53 17
44 71
23 91
56 9
26 78
81 60
31 74
91 40
86 78
55 86
70 8
89 95
92 46
53 7
41 46
54 2
11 33
88 84
61 65
16 30
74 24
47 60
38 82
22 66
78 84
0 78
49 59
71 41
84 50
65 34
20 49
47 85
1 23
6 48
49 38
40 54
23 13
68 34
84 4
73 80
26 97
12 67
63 45
75 58
9 44
28 12
40 79
40 82
57 76
18 55
9 47
41 20
6 51
71 55
4 85
7 33
82 39
78 7
53 19
84 74
61 9
4 43
96 62
72 48
21 6
93 86
64 15
43 77
11 37
89 76
79 29
71 35
43 33
52 46
14 43
56 14
16 79
4 25
71 78
24 94
58 42
9 11
85 64
3 86
26 3
48 21
29 12
41 40
66 4
98 88
56 35
26 54
31 83
8 18
62 79
23 61
63 18
99 11
71 14
99 3
4 78
49 31
64 52
64 53
47 75
47 2
48 94
61 84
69 47
42 82
84 63
85 53
36 37
86 92
89 5
77 14
72 58
94 52
9 5
31 49
52 85
90 48
97 86
25 94
30 95
4 1
69 83
7 8
80 39
25 92
17 95
43 6
22 96
16 21
52 97
64 96
13 76
32 91
77 62
41 94
91 12
52 32
83 94
67 25
76 95
14 98
56 67
23 45
4 45
85 75
25 8
59 15
57 79
52 25
23 60
62 59
85 81
67 15
82 70
54 79
18 76
21 34
55 98
46 83
78 16
5 45
47 20
86 61
92 2
85 95
45 28
93 32
2 19
32 42
2 21
58 64
80 66
85 31
98 48
63 62
42 82
78 8
68 52
59 83
20 66
9 20
97 94
30 24
41 60
70 65
2 48
82 38
16 26
67 28
76 28
11 12
72 69
65 24
57 29
6 44
86 66
69 33
86 84
22 94
37 16
74 90
57 32
82 38
12 18
35 2
53 40
59 2
25 98
24 42
2 88
93 89
85 73
31 27
85 51
85 41
39 74
71 77
79 3
26 53
36 42
65 8
95 1
55 19
66 19
8 9
64 83
37 12
19 40
47 20
74 79
51 56
49 83
53 23
76 36
45 52
50 20
55 9
80 4
25 7
69 31
74 37
52 61
29 45
15 66
43 30
18 3
51 84
63 19
35 55
47 73
6 18
64 57
9 47
33 2
77 14
40 49
96 26
13 95
34 4
36 24
34 46
87 60
92 85
75 10
99 49
56 71
44 42
10 77
59 3
45 37
16 48
34 77
88 32
12 60
34 56
78 83
82 98
31 61
85 50
33 31
47 72
70 52
91 75
40 86
63 60
86 34
97 14
96 74
12 97
3 42
55 3
2 73
69 93
60 15
15 2
26 25
83 79
65 37
72 70
65 15
60 14
31 50
81 58
68 51
63 0
79 47
38 35
33 84
99 23
21 25
9 74
25 93
97 96
46 63
74 19
11 58
98 46
10 3
32 70
52 28
15 80
60 92
54 15
62 98
91 1
3 56
18 87
66 26
73 42
6 39
64 71
47 25
9 79
72 0
55 32
7 40
68 34
54 28
29 54
10 24
23 95
91 30
4 19
96 65
5 21
56 57
52 82
89 84
49 26
10 23
86 7
35 0
89 43
56 37
66 62
61 91
21 66
79 49
58 49
21 60
15 33
16 23
27 25
54 41
35 31
84 63
48 8
12 13
21 69
2 57
62 69
54 5
62 22
62 45
87 20
71 33
91 77
86 19
30 63
85 0
53 52
58 96
55 64
65 10
41 48
99 97
64 45
43 57
84 12
74 97
18 71
99 42
11 94
83 21
36 80
46 15
52 56
29 4
46 95
67 77
35 9
63 93
85 39
98 54
66 65
48 94
73 99
11 50
74 6
50 51
70 56
52 86
20 87
90 12
52 30
6 11
80 78
0 51
22 25
40 25
67 92
58 45
0 87
95 11
63 80
46 27
30 68
1 5
50 70
38 93
37 35
76 46
9 62
23 35
60 7
5 3
94 63
11 24
37 20
89 22
33 38
26 68
44 81
73 50
33 2
20 30
76 13
33 10
82 24
91 88
66 70
7 25
63 17
74 50
48 38
30 97
49 92
71 56
89 93
7 2
23 55
65 90
18 53
29 90
16 68
53 8
93 37
20 86
61 6
94 28
7 32
99 2
73 59
51 0
34 41
1 54
28 13
65 34
27 18
9 43
29 60
86 78
43 89
12 0
84 81
24 33
15 98
5 50
18 62
57 76
67 27
48 35
53 46
30 65
66 41
64 52
10 41
73 41
83 25
93 46
58 34
6 30
88 8
43 99
36 55
53 16
50 8
95 99
4 45
16 76
12 9
28 55
43 79
85 61
87 2
87 32
27 62
28 77
71 38
44 19
8 0
21 46
68 83
91 67
42 36
47 17
21 1
59 40
80 61
1 86
21 71
21 83
17 42
86 46
2 49
52 26
50 25
90 68
92 53
31 44
66 73
15 94
9 3
1 9
98 31
65 37
42 89
61 92
10 40
83 77
83 25
34 24
58 20
34 19
12 74
75 45
95 65
86 41
72 20
87 9
83 50
92 25
42 33
33 82
89 20
55 19
89 72
35 89
24 2
35 23
79 81
23 32
46 19
1 84
61 19
93 29
3 58
14 17
77 70
21 54
57 73
80 35
81 64
14 27
25 54
86 69
39 88
83 85
20 86
43 47
41 12
15 89
41 70
29 14
37 18
74 80
9 43
82 76
60 53
71 57
46 64
19 20
25 9
36 70
14 87
93 62
33 70
77 48
39 37
74 88
45 90
49 56
91 15
50 20
73 57
42 31
57 3
37 4
10 34
76 47
26 45
70 4
21 62
13 24
45 28
59 18
33 37
19 55
16 97
58 16
79 36
27 50
51 1
61 15
32 54
18 93
34 98
89 48
57 33
71 41
96 24
51 82
83 86
74 78
48 23
12 99
86 3
47 17
44 63
92 48
96 12
31 27
72 55
33 56
78 43
62 35
18 26
13 39
15 11
96 46
17 21
57 65
60 22
83 64
92 77
71 17
14 34
4 57
94 29
0 45
95 26
76 38
40 37
61 34
81 70
88 89
62 3
1 93
10 13
52 38
70 75
48 90
96 83
60 32
48 87
5 34
19 23
43 54
90 94
64 17
99 18
49 94
82 61
67 29
53 50
84 98
63 70
6 17
90 97
62 95
41 91
95 50
37 20
30 20
63 30
27 6
56 22
26 33
24 47
48 30
1 23
26 84
52 92
21 15
51 63
84 78
74 53
33 79
87 3
59 21
72 41
54 2
5 74
0 33
96 53
64 71
40 65
59 97
67 20
87 33
40 55
95 71
35 25
3 13
15 41
56 45
11 60
81 79
10 36
3 77
37 54
13 19
48 46
94 49
8 37
70 41
47 28
5 10
45 55
72 78
93 37
29 28
83 51
58 51
32 51
38 36
27 32
95 62
20 33
56 19
25 80
93 84
70 99
0 46
12 30
43 82
72 38
88 28
15 72
63 9
29 72
38 61
88 9
57 40
48 47
17 28
37 99
85 43
6 45
35 22
61 90
2 33
37 82
88 45
19 64
41 29
81 93
93 65
60 69
58 80
65 50
67 60
56 86
39 53
95 98
7 27
40 7
13 87
46 33
79 0
72 8
29 8
9 77
33 30
15 9
38 75
38 86
92 25
15 86
88 7
41 73
80 54
87 28
49 17
6 28
47 42
26 11
55 80
13 30
74 94
85 35
98 90
54 10
37 57
49 59
98 96
15 40
76 50
9 14
23 14
31 28
69 86
14 53
89 48
47 53
16 90
89 32
64 74
87 36
22 12
89 11
64 17
31 2
30 75
23 76
74 42
94 89
26 32
81 88
26 85
31 9
7 3
81 73
30 70
27 97
51 59
23 94
85 56
15 71
64 22
94 54
14 30
31 69
50 17
72 39
91 35
1 2
35 10
93 91
95 50
80 45
67 20
59 39
46 51
55 57
94 93
49 35
74 55
48 69
98 56
59 91
30 14
12 10
68 93
21 0
46 57
31 95
29 68
93 20
17 79
25 81
56 87
52 95
71 27
89 92
6 59
81 41
52 39
27 98
31 72
15 57
24 28
52 93
76 54
3 80
61 90
73 57
6 12
25 61
98 90
35 36
18 92
15 59
17 61
1 87
25 20
53 84
37 91
46 44
50 55
28 77
80 77
67 66
39 43
34 70
95 7
16 95
88 40
68 13
7 72
12 61
28 59
71 38
62 20
32 40
80 32
85 41
13 72
38 50
60 12
27 57
45 30
23 89
79 88
29 97
71 72
10 45
94 52
98 60
54 90
56 67
82 35
56 5
14 59
67 37
3 32
43 86
32 31
82 9
23 72
83 91
98 27
28 17
54 30
37 5
74 60
17 2
48 89
23 65
58 91
34 88
2 92
0 18
15 47
39 6
7 20
12 60
92 78
41 31
81 1
26 41
9 12
29 36
81 58
4 12
14 67
96 44
40 74
41 52
8 33
88 70
44 43
41 57
89 23
75 49
63 5
38 0
89 28
26 47
20 0
93 79
65 85
22 71
51 97
43 78
54 28
40 26
56 41
76 60
9 93
65 1
44 34
28 87
30 87
46 2
21 67
80 60
55 45
62 95
61 89
39 55
29 80
92 4
10 9
57 19
30 35
89 25
36 65
30 67
61 56
52 12
4 41
12 72
81 27
8 39
61 70
80 87
3 33
92 45
78 87
55 6
26 16
7 96
45 17
43 87
12 68
18 67
82 56
4 50
39 79
55 95
47 93
50 68
35 38
45 42
36 90
78 98
85 29
73 24
67 14
57 64
71 36
76 8
93 27
51 27
80 16
27 2
47 45
63 46
64 33
96 62
30 62
46 40
3 28
50 29
72 34
32 36
40 92
45 95
37 19
81 56
65 29
68 24
6 29
28 4
58 13
64 60
28 98
96 8
49 64
39 11
1 9
3 29
23 89
3 34
65 17
78 32
28 67
80 18
43 18
89 2
10 95
82 48
75 74
36 32
38 4
96 88
70 90
10 51
86 43
72 98
54 41
92 40
34 79
37 20
66 52
16 13
18 13
53 37
49 26
35 63
32 53
40 69
86 54
48 3
4 91
7 51
57 3
66 96
32 84
49 59
17 99
39 37
68 81
90 95
48 39
82 97
81 6
43 59
5 92
7 15
59 2
64 47
45 42
92 0
69 25
86 70
52 13
37 34
36 10
76 59
43 19
93 58
10 85
99 33
3 48
75 74
7 40
20 91
78 16
16 39
28 7
71 90
48 17
26 52
90 95
95 15
46 98
4 23
77 55
11 57
46 64
16 70
93 69
5 98
30 88
82 58
96 66
41 59
30 15
88 46
47 97
48 26
32 43
47 78
83 95
14 85
58 76
18 92
98 14
6 84
15 7
12 79
36 85
77 6
49 44
23 77
44 13
84 80
36 58
85 59
85 15
17 45
62 13
1 67
54 85
61 22
4 71
5 2
0 63
39 7
62 88
96 68
74 79
82 75
2 79
38 31
30 62
47 26
92 90
88 56
39 34
79 26
32 75
6 76
86 7
38 18
45 92
89 58
35 92
59 72
6 37
1 66
73 10
29 57
88 0
3 22
77 18
5 63
1 99
9 39
5 24
19 67
86 75
83 79
95 27
35 21
87 45
74 71
34 42
59 20
55 34
40 78
99 81
12 9
26 58
7 70
57 52
91 97
59 82
70 80
7 89
24 63
91 15
95 92
92 57
2 4
19 33
90 9
24 50
56 58
98 64
28 13
76 56
46 66
90 22
10 66
58 85
3 72
15 77
42 91
94 2
65 86
77 63
92 48
80 2
88 84
31 95
48 86
22 50
89 43
48 18
36 61
67 2
38 78
19 21
57 94
15 61
7 28
51 10
28 54
51 23
3 53
74 81
59 7
29 30
54 71
46 10
50 68
38 92
26 92
57 99
4 39
97 61
31 97
50 14
84 16
58 45
41 3
62 1
54 29
29 66
50 39
34 67
78 93
64 59
21 44
79 41
25 91
8 32
35 61
18 61
32 38
39 34
92 68
42 66
83 61
56 67
74 1
2 11
55 32
35 34
12 97
36 70
51 20
26 43
37 76
22 18
43 24
84 35
66 36
8 92
51 20
58 77
24 75
83 63
70 75
57 67
74 40
36 54
89 23
37 94
47 72
78 25
16 19
10 82
38 13
63 15
71 81
33 67
8 51
51 0
43 99
29 87
82 86
42 9
66 38
18 64
72 73
58 27
89 70
76 46
77 44
90 39
5 74
45 74
18 20
60 55
92 39
85 47
29 52
38 25
53 1
40 99
2 28
69 98
6 15
28 21
36 69
97 30
85 64
36 76
24 7
79 62
31 68
84 82
66 18
84 40
60 66
51 33
37 52
12 7
42 44
66 93
89 81
35 29
47 29
15 0
93 13
7 30
40 37
77 98
52 11
83 88
75 15
84 17
43 90
14 43
81 6
78 52
58 94
5 69
98 17
60 43
77 34
74 84
25 20
90 89
47 60
84 62
32 19
85 6
69 85
72 44
73 91
9 97
80 96
78 1
39 56
3 12
39 78
70 37
59 73
68 52
70 60
82 87
66 91
1 7
82 85
37 0
0 86
26 89
79 58
83 93
24 2
31 94
57 41
63 45
87 88
93 52
61 34
13 16
18 48
44 96
89 68
59 31
11 68
49 44
88 71
50 28
19 92
3 91
37 57
21 48
27 21
59 43
59 93
69 13
78 62
33 89
44 90
81 34
50 35
48 23
37 43
25 53
68 57
11 21
33 32
52 58
82 69
43 6
8 49
59 58
74 41
81 10
32 35
33 11
57 62
83 52
79 40
81 87
6 96
81 5
26 13
53 94
43 47
72 32
14 93
22 59
29 3
8 94
61 72
28 74
51 27
12 75
66 55
92 96
45 78
88 87
75 60
27 81
28 58
88 45
53 60
64 71
88 83
2 63
44 65
90 18
41 40
19 80
32 62
45 57
34 63
39 22
62 81
30 26
42 14
45 57
58 64
35 90
71 53
37 67
61 42
26 51
36 98
45 83
57 31
53 62
6 36
31 54
60 7
97 94
19 77
64 19
98 56
20 36
58 52
64 35
60 61
5 20
32 30
17 58
87 13
1 23
43 55
37 51
44 70
52 8
54 95
60 31
67 10
34 25
84 43
82 52
80 6
73 82
60 97
10 28
62 24
3 83
64 55
68 60
11 55
0 29
66 73
23 9
8 1
72 7
70 7
40 8
92 93
44 93
61 94
50 5
99 98
91 3
73 80
24 7
69 90
18 10
93 60
48 85
32 36
94 13
12 50
25 42
34 76
87 51
79 19
67 26
70 88
10 42
98 7
17 39
13 35
0 36
98 92
25 78
76 13
27 92
80 28
81 24
7 74
10 82
77 38
13 85
91 84
67 5
46 89
94 45
10 85
81 26
45 9
21 28
21 76
18 46
38 72
19 7
50 14
11 14
14 39
11 86
33 87
18 93
6 87
10 31
40 7
69 45
35 24
63 4
88 22
91 77
41 4
23 93
85 24
3 46
81 35
69 98
54 71
4 78
4 93
87 91
94 16
77 51
29 28
69 71
75 88
40 90
55 63
30 50
19 6
33 49
97 0
30 65
42 23
80 66
27 49
25 30
77 72
88 16
28 39
79 33
15 11
79 46
46 51
69 13
44 53
78 20
93 41
81 77
26 99
25 56
97 76
4 93
84 27
9 93
86 36
95 91
92 89
68 28
89 3
56 59
82 62
20 16
79 90
45 48
87 47
32 54
4 84
91 82
42 19
17 9
23 36
49 24
89 4
97 91
69 74
96 86
7 88
28 9
78 63
86 1
11 42
77 72
6 52
74 94
66 27
14 38
24 45
8 11
50 62
85 48
74 42
90 43
10 54
56 42
97 14
66 23
93 61
59 83
70 68
36 52
37 8
78 85
39 21
18 16
84 27
69 99
78 75
49 63
53 67
83 50
9 66
37 2
76 66
2 95
57 6
6 43
36 46
43 78
27 20
57 13
97 56
8 96
85 28
90 49
87 73
66 48
13 8
73 92
17 90
86 30
74 54
8 75
31 14
56 53
92 34
14 80
86 14
32 30
65 32
25 14
5 29
49 38
11 29
2 36
28 1
27 17
12 16
53 63
51 0
99 66
4 53
20 17
93 23
46 89
12 85
76 46
86 0
93 51
5 4
64 23
8 47
29 79
15 66
17 19
18 47
56 87
43 25
74 5
13 77
62 43
93 47
70 73
8 27
14 60
93 59
74 99
68 3
70 39
9 58
65 7
69 36
52 15
21 77
97 34
27 66
81 30
88 61
64 9
2 32
75 17
62 98
96 36
29 94
47 23
93 88
98 79
45 37
89 15
75 48
77 71
72 63
7 68
52 4
99 54
80 24
48 4
80 24
36 95
14 89
52 67
76 65
74 59
32 44
89 34
68 81
37 32
98 38
2 1
74 84
67 48
18 69
87 33
36 50
36 9
74 57
53 7
70 2
19 93
14 21
75 13
94 49
64 86
44 7
24 28
92 3
84 99
30 7
6 20
36 75
42 6
29 92
39 79
16 42
94 95
61 93
42 40
88 3
44 61
90 79
97 43
85 70
58 91
75 76
96 93
63 89
33 20
15 19
45 31
36 11
3 38
97 62
90 96
57 53
35 13
82 47
42 78
61 22
96 26
15 23
76 31
18 35
65 45
52 11
91 93
39 97
34 81
38 90
16 58
5 8
77 75
1 27
89 57
90 69
19 44
51 98
35 65
31 95
85 44
41 93
65 71
8 87
0 81
83 22
48 64
81 20
82 30
98 78
76 87
84 3
18 90
18 16
33 80
72 41
68 56
52 25
43 5
7 12
95 94
43 8
96 2
19 49
45 96
14 6
3 12
50 33
5 86
97 77
75 38
46 71
19 49
2 69
19 80
15 86
68 58
32 34
2 94
16 75
25 59
46 75
63 60
57 74
36 74
58 2
42 70
9 76
8 85
2 51
95 77
85 78
10 97
18 14
65 84
87 23
29 5
28 20
32 65
2 67
35 49
32 99
79 12
58 24
66 22
1 85
66 86
29 97
71 8
44 41
73 84
47 31
20 23
31 93
97 17
97 7
45 79
84 99
32 18
9 71
25 78
7 39
91 22
35 23
99 17
9 81
54 28
1 98
22 29
56 93
5 12
66 48
81 44
84 9
85 5
5 27
77 49
13 88
27 35
27 87
86 74
14 56
20 96
17 22
6 79
83 82
9 21
30 43
6 53
1 24
3 82
75 48
77 6
19 82
54 97
89 98
86 4
24 97
51 18
67 33
59 18
10 5
74 36
27 36
93 47
12 89
70 66
25 52
45 96
3 21
26 58
1 47
69 55
62 9
87 77
64 63
79 36
14 12
71 85
50 61
96 56
9 80
69 47
62 85
45 75
44 54
59 58
84 94
46 58
79 36
38 67
23 44
91 41
99 18
16 54
3 19
98 30
31 78
55 27
19 33
60 28
37 39
35 83
70 34
90 89
51 9
97 4
5 14
63 65
62 49
30 5
28 14
58 40
97 85
60 43
31 1
46 76
56 32
83 62
49 64
53 59
77 2
8 85
48 47
94 33
79 38
13 52
77 70
3 77
16 81
82 21
9 19
30 71
25 42
85 42
24 47
73 79
48 17
40 84
43 37
32 54
34 96
76 55
26 1
53 71
46 80
1 72
35 54
51 26
2 95
5 32
68 4
14 69
10 98
62 11
45 10
83 27
0 97
39 20
91 49
97 34
25 15
35 78
68 78
71 13
68 4
84 30
58 13
97 51
2 90
15 41
71 11
87 99
66 87
68 30
12 6
80 5
69 86
96 17
72 7
39 15
64 20
5 63
49 17
47 86
6 98
58 48
32 88
16 46
56 68
66 44
97 8
85 78
44 46
46 49
60 43
25 2
57 86
39 96
24 78
14 52
16 91
3 17
48 14
79 85
39 87
54 33
78 41
49 85
7 98
43 67
40 56
98 81
30 48
74 15
99 87
80 66
81 97
43 7
55 80
38 55
42 57
75 18
41 66
16 32
24 84
44 52
1 28
65 41
13 61
2 48
41 93
32 39
52 15
46 91
70 93
27 54
57 55
23 89
37 93
18 2
62 79
39 43
46 7
9 26
95 89
90 84
62 26
33 97
78 72
66 14
7 47
72 73
2 41
99 63
97 57
49 45
96 56
99 61
91 42
63 80
95 39
51 20
66 56
34 78
45 50
22 74
26 97
57 54
91 90
34 52
32 48
10 73
93 53
75 22
48 26
24 35
34 1
9 38
88 0
59 47
91 29
59 75
36 68
79 36
33 86
93 97
41 40
83 67
23 5
68 17
13 80
23 33
52 98
27 89
62 0
72 6
32 77
74 13
13 84
63 64
4 67
3 57
73 14
47 61
12 28
55 67
64 79
74 96
80 58
90 57
53 15
41 84
15 87
23 40
3 78
86 50
56 13
20 35
9 52
58 21
2 10
63 61
63 34
88 9
33 84
72 70
4 46
6 75
22 65
84 27
70 80
86 5
66 65
96 45
75 0
59 39
69 99
79 35
83 57
49 45
3 89
27 24
67 92
43 30
62 55
39 80
13 70
4 86
11 26
46 34
26 9
67 14
88 53
99 69
54 7
7 53
93 57
67 53
59 52
86 72
38 42
65 78
50 83
18 4
90 59
7 95
90 73
68 18
5 87
72 51
93 77
36 89
71 19
19 10
25 4
80 85
23 70
18 92
20 11
9 47
84 1
86 73
53 29
57 6
21 46
76 25
22 6
51 59
9 20
66 88
74 93
24 22
39 74
95 82
42 94
69 88
42 49
85 87
91 0
49 77
91 1
79 70
17 27
48 78
39 68
41 99
78 82
39 74
22 77
87 41
37 72
9 75
16 95
79 64
31 32
31 42
5 4
33 93
33 46
16 9
97 58
45 38
33 68
44 45
54 83
37 49
76 48
2 99
54 30
83 78
9 53
80 14
74 16
16 38
75 14
12 18
89 32
39 25
31 88
16 27
41 38
93 76
60 7
63 46
66 24
94 33
28 34
68 2
67 57
23 81
97 94
9 39
42 22
73 72
27 48
1 92
74 99
50 78
88 39
99 78
48 44
82 45
16 60
84 58
29 38
85 41
93 42
13 52
31 84
19 37
10 41
11 94
33 95
37 60
10 24
3 87
88 66
7 8
20 94
67 17
24 1
14 7
51 36
69 93
10 1
63 72
55 83
67 41
33 7
90 81
69 19
3 91
30 53
28 62
38 18
1 65
51 81
84 9
30 0
56 21
93 2
75 77
82 16
41 35
22 64
60 22
36 60
32 59
5 70
52 88
89 98
26 40
71 20
54 13
42 21
