500 800
0 149
1 158
1 213
3 204
3 304
4 230
4 362
6 486
7 285
7 304
8 377
9 188
9 459
11 250
11 312
11 349
13 362
14 228
14 325
15 13
15 234
15 260
15 434
15 436
16 68
17 112
17 123
17 209
18 353
18 484
19 50
19 64
19 262
19 342
20 145
20 164
20 251
20 290
21 26
21 426
22 366
22 434
23 115
23 209
23 392
24 162
24 341
24 471
24 485
25 446
27 88
28 56
29 407
30 186
30 378
30 457
31 423
33 325
34 38
34 82
36 493
38 158
38 421
39 5
39 55
39 374
41 90
41 133
41 373
41 431
42 251
42 462
42 465
43 266
43 349
44 69
44 90
44 181
45 181
45 311
45 367
46 262
46 282
46 381
48 174
49 415
50 154
50 178
51 449
51 463
52 11
52 386
53 189
53 213
53 387
54 85
54 341
55 190
55 426
56 80
56 423
58 12
58 259
59 50
59 214
59 345
60 420
61 160
61 488
62 171
62 433
63 20
64 21
65 125
65 290
65 361
66 52
66 284
66 439
68 234
69 371
70 433
71 232
71 474
72 217
72 312
74 4
74 236
74 337
75 243
75 277
75 376
75 421
75 452
76 29
76 362
77 58
78 24
78 73
78 391
81 228
82 186
82 330
82 480
84 102
85 144
86 436
87 133
87 297
88 204
88 350
89 312
89 329
90 67
90 243
95 292
96 5
96 76
96 378
97 13
98 306
99 291
100 259
102 1
102 457
103 109
104 234
104 397
105 100
105 296
105 308
105 374
107 341
107 375
108 30
109 473
110 307
111 119
111 351
111 464
112 77
112 188
112 342
112 436
113 126
115 320
116 219
116 312
119 162
119 169
119 400
120 304
120 404
121 150
122 159
122 255
123 120
123 400
124 67
124 89
124 494
126 75
126 107
126 177
126 299
127 25
127 372
128 399
130 111
130 302
130 415
131 128
131 243
132 359
133 88
133 382
134 1
134 126
134 149
135 275
137 162
137 483
138 195
138 435
139 90
139 377
140 99
140 390
141 10
141 123
143 405
144 45
145 175
145 301
146 356
148 267
148 372
149 29
149 76
149 200
151 163
152 231
154 80
154 117
154 166
154 388
155 399
157 220
159 105
159 160
159 312
159 472
160 83
161 275
162 133
162 153
162 431
163 169
163 327
164 343
164 421
165 155
165 456
166 205
167 150
168 475
169 242
170 81
172 309
174 257
174 325
175 439
176 118
176 200
176 335
178 93
180 125
180 430
185 423
186 296
186 434
187 298
189 305
190 151
190 186
190 288
191 499
193 80
193 404
193 442
194 87
195 84
195 100
195 238
195 477
197 277
198 417
199 316
200 197
201 79
202 145
205 27
205 401
208 29
208 238
208 417
209 381
209 417
210 50
210 240
210 420
210 451
213 17
213 121
213 348
215 216
218 223
218 316
220 135
220 468
223 240
224 108
224 289
225 232
226 297
226 473
227 290
227 401
229 484
230 343
231 268
231 432
232 138
232 174
232 301
232 348
232 433
232 436
232 459
235 89
236 381
236 419
237 238
237 256
237 265
238 404
241 20
241 61
241 93
241 182
243 114
243 472
244 203
245 116
245 200
245 401
246 163
248 22
248 284
248 316
248 411
249 102
249 269
249 471
252 337
253 413
254 197
254 431
254 442
255 59
256 79
256 485
257 227
258 72
258 451
258 495
259 70
259 289
260 232
262 133
262 439
263 170
264 397
265 315
265 421
265 493
266 213
266 386
267 48
270 138
270 449
271 1
271 390
272 376
272 491
274 443
275 224
275 354
275 441
276 123
277 422
278 11
278 71
278 132
279 37
279 294
279 419
279 475
282 154
284 393
285 84
285 133
285 443
286 76
287 360
288 280
289 140
289 241
291 131
292 340
293 73
293 223
293 319
293 381
295 79
295 82
295 258
295 489
296 36
296 238
297 348
297 493
298 80
298 193
299 68
300 217
301 311
304 27
304 60
304 423
304 470
305 357
306 2
307 165
307 243
307 449
307 455
309 274
309 425
310 55
310 184
310 276
311 190
311 223
311 227
312 226
313 360
313 389
314 31
314 437
314 442
314 492
315 302
316 199
316 229
316 232
318 442
319 417
319 471
320 413
321 138
321 337
322 69
322 310
322 383
323 133
323 220
324 23
325 267
325 314
327 303
327 385
327 484
328 64
328 236
328 326
330 397
331 405
332 239
333 104
333 359
333 468
333 497
334 352
335 425
335 468
336 106
336 496
337 346
340 130
341 65
341 123
341 243
341 475
342 147
342 366
343 69
343 370
345 33
345 403
345 484
346 207
346 459
347 148
348 410
349 313
349 402
349 450
350 14
350 34
350 114
350 241
351 74
351 175
351 247
352 276
353 40
353 101
354 68
354 320
354 415
355 11
355 273
355 418
355 459
356 402
358 245
360 87
360 191
360 228
361 148
361 189
361 430
361 464
362 111
362 240
363 375
363 441
365 358
365 401
369 330
369 407
370 387
370 443
371 76
371 127
371 136
371 372
372 189
372 238
372 495
373 200
373 288
373 441
374 364
375 33
375 497
376 56
376 100
376 261
379 2
379 28
379 38
379 231
379 426
380 19
381 97
381 171
382 175
382 185
383 16
383 334
383 446
384 267
384 365
386 410
386 480
387 252
389 263
389 336
390 107
390 374
391 102
391 264
392 322
392 339
392 431
392 448
392 470
393 166
393 344
394 371
395 60
395 470
397 12
398 58
398 129
399 254
399 258
401 246
401 306
401 323
402 283
402 382
403 66
403 220
404 349
405 33
405 499
406 166
406 256
407 162
407 341
407 439
409 74
409 138
411 433
411 480
412 382
413 45
413 392
413 466
414 303
415 71
415 303
416 215
416 245
417 34
417 299
417 323
418 7
418 343
418 488
420 97
420 339
420 405
421 355
422 117
422 249
422 498
423 6
423 188
423 289
424 17
424 267
424 407
425 389
425 470
426 301
427 23
427 479
428 142
428 172
429 354
429 374
429 441
431 457
432 12
432 231
432 278
433 86
433 414
434 162
434 222
434 241
434 322
435 49
435 68
435 282
436 454
440 56
440 158
440 232
440 428
441 430
442 100
442 260
442 342
444 170
444 279
444 401
445 469
446 182
446 440
447 252
447 343
448 358
449 156
449 278
449 464
451 3
451 67
451 253
452 66
452 134
452 207
452 276
452 375
453 92
453 265
453 314
454 350
454 465
455 91
455 487
456 248
457 323
458 234
458 330
458 488
459 369
459 435
459 492
460 280
460 400
461 62
461 111
461 258
462 206
462 494
463 283
464 314
464 465
464 485
464 496
465 96
465 174
465 294
465 466
465 470
466 323
466 468
467 57
468 46
468 156
468 167
468 392
469 306
469 483
470 12
470 160
470 371
471 105
473 168
474 176
476 30
477 292
477 304
477 425
477 437
478 120
478 158
479 196
479 347
479 468
480 167
480 235
480 414
481 61
481 94
481 288
481 497
482 130
482 206
482 218
482 360
483 39
483 287
483 432
483 465
484 216
485 39
486 72
487 21
488 445
490 332
490 412
491 126
491 355
491 405
491 453
492 495
493 84
493 241
493 411
495 389
496 94
496 213
498 41
498 52
5000
381 10
43 431
191 97
178 29
396 160
258 221
440 330
469 367
65 213
415 25
273 447
499 135
79 444
293 24
392 414
369 155
381 432
103 368
62 147
178 428
169 452
289 360
359 196
163 221
363 325
296 485
369 279
59 467
269 23
427 378
353 445
32 25
383 224
434 54
41 87
404 84
18 306
18 2
22 293
324 466
193 185
317 308
297 280
259 410
394 129
297 273
184 377
411 56
177 149
189 63
225 116
353 344
63 255
99 428
334 60
458 162
248 159
192 143
381 174
230 450
15 412
240 389
401 179
145 79
357 425
51 488
491 33
395 257
378 477
103 491
389 157
407 365
443 178
474 199
115 235
84 55
33 132
345 157
319 355
229 68
421 33
142 430
16 46
212 267
55 447
9 470
50 117
247 145
11 2
233 88
484 167
349 267
8 20
228 390
120 156
445 149
39 329
497 417
409 408
301 425
255 241
211 413
34 390
260 423
222 232
379 351
430 9
199 86
45 456
170 152
123 240
449 119
424 320
175 344
442 125
328 369
224 393
382 432
454 25
232 148
105 327
424 146
447 367
491 390
408 124
401 203
138 143
298 440
356 119
270 285
201 308
186 98
192 239
108 179
56 327
394 481
100 349
24 456
110 268
342 218
240 360
18 194
380 133
34 174
359 5
214 310
491 371
47 413
410 62
295 201
381 400
242 243
376 190
354 128
409 424
44 434
119 384
29 70
235 218
265 213
27 439
249 442
211 415
425 397
393 147
2 117
280 337
262 53
391 232
20 464
207 15
408 312
428 111
297 9
471 434
257 419
41 368
486 95
45 174
276 482
303 247
162 264
446 410
423 9
213 453
433 386
72 110
371 214
291 155
464 371
474 364
287 26
312 430
473 483
254 215
121 307
477 44
238 159
113 427
16 245
498 378
201 304
308 237
88 165
291 81
43 181
448 249
194 341
171 468
393 263
362 293
486 226
40 109
199 436
392 38
413 232
318 32
415 344
430 173
251 223
109 414
121 294
365 64
7 171
380 348
401 429
258 252
98 336
31 340
138 13
285 254
484 123
181 348
334 174
349 53
403 352
29 264
322 485
95 11
75 374
264 326
460 484
70 127
258 217
420 259
192 67
221 318
279 160
89 2
293 161
145 258
301 394
465 228
19 260
168 474
278 210
468 389
310 112
335 76
45 391
277 232
9 141
222 254
100 393
346 474
149 19
10 464
320 353
306 252
433 55
69 437
459 6
304 209
448 264
54 226
486 154
477 122
114 188
38 88
269 243
338 34
307 393
441 93
20 284
91 101
244 417
196 181
392 189
352 129
1 181
209 485
489 105
74 252
249 395
304 115
494 203
294 91
214 343
400 94
2 303
270 309
8 483
199 295
335 148
427 283
193 348
247 491
145 125
411 438
363 327
132 184
221 224
434 199
228 148
226 197
80 241
443 45
35 206
173 195
472 247
69 125
324 495
379 360
413 381
110 345
170 356
178 86
448 61
179 446
112 282
295 431
415 412
253 8
484 142
274 280
135 136
458 322
126 264
301 186
21 88
164 373
457 131
119 261
497 81
41 31
170 404
389 471
489 233
297 110
198 230
393 312
399 34
284 351
193 234
363 465
435 300
95 8
142 88
210 406
166 351
34 77
445 41
442 369
385 31
488 367
226 443
316 141
472 40
282 294
482 320
103 426
195 349
475 304
48 84
182 35
247 21
346 434
377 365
62 374
364 258
47 159
57 68
269 356
21 338
178 180
192 148
209 378
217 24
263 422
422 15
70 402
126 426
388 386
237 370
417 110
131 123
123 278
417 299
87 60
394 170
423 445
25 465
47 118
159 456
311 93
97 96
248 367
314 309
43 55
407 169
54 349
431 241
423 481
98 141
192 70
66 397
415 441
217 422
336 319
239 45
276 133
438 105
419 499
459 431
100 167
157 31
138 7
294 413
11 78
416 185
12 465
319 452
248 363
431 416
225 62
179 418
485 7
105 199
406 373
156 283
30 247
403 227
270 427
270 363
424 259
95 422
49 152
259 429
234 473
385 186
94 422
140 3
487 181
207 155
81 41
165 255
94 474
286 465
431 467
323 267
19 340
181 51
318 432
370 245
233 354
262 330
376 219
116 60
366 118
193 301
390 246
84 464
98 236
156 96
287 203
398 245
481 297
426 120
412 52
172 394
70 176
50 134
31 455
297 59
195 166
224 393
479 405
452 101
278 20
328 276
40 157
300 430
273 411
118 30
157 294
89 274
98 54
24 297
270 465
411 107
50 42
332 266
48 465
273 447
427 119
335 71
132 38
429 458
67 494
291 169
455 429
190 112
256 306
277 361
371 139
434 183
142 93
356 288
231 206
306 127
21 291
248 258
400 203
175 176
323 330
487 297
144 45
301 386
206 142
19 362
292 469
442 460
94 327
271 203
304 318
346 402
8 463
204 437
485 192
271 87
363 369
400 430
84 310
441 425
84 107
107 141
463 149
212 364
100 362
478 443
146 164
253 38
131 3
12 179
432 247
435 282
127 15
4 392
262 306
462 459
143 371
236 318
348 242
59 366
267 5
31 383
497 60
480 276
151 129
321 7
1 485
330 52
122 353
98 86
399 56
452 108
70 36
247 475
193 150
98 289
155 368
128 428
493 21
276 236
401 93
8 156
217 387
125 356
111 483
37 360
135 499
435 337
227 0
173 126
291 333
52 95
38 320
172 470
291 407
384 156
113 241
390 139
189 261
284 396
441 296
138 36
58 33
335 53
42 382
193 409
39 97
251 1
59 23
254 117
371 306
407 295
465 425
213 460
323 292
145 419
406 302
415 334
231 40
395 339
79 321
453 433
266 24
75 330
155 343
54 330
406 342
84 126
106 26
432 82
420 426
452 495
80 409
10 280
243 491
360 15
136 275
464 441
340 225
325 391
18 378
422 457
461 477
394 95
27 399
406 415
455 340
141 151
278 244
482 383
212 459
192 394
76 236
124 190
53 400
0 471
468 472
239 276
355 187
20 395
140 380
308 243
70 33
431 389
162 453
47 60
379 159
181 347
456 304
228 60
162 302
139 109
259 103
219 69
103 1
210 301
226 485
59 272
270 320
371 484
362 285
259 134
211 83
256 490
122 109
71 78
110 209
112 21
368 292
15 76
68 389
262 71
299 314
86 288
60 280
140 146
163 479
87 300
456 381
232 310
327 424
286 53
339 294
237 41
218 331
81 43
397 371
81 433
486 336
441 236
439 216
362 102
479 201
16 176
429 106
108 76
444 274
3 250
454 50
234 80
32 383
77 6
90 369
351 83
92 13
238 114
497 294
34 172
84 272
468 383
172 137
138 172
398 154
489 312
23 363
307 247
35 414
383 324
137 371
427 497
92 101
302 304
101 105
133 376
270 391
94 40
374 47
130 122
344 241
313 290
315 5
4 137
109 6
139 79
487 430
117 153
206 119
26 294
298 69
319 154
480 344
452 131
90 231
101 63
196 221
465 105
371 274
15 310
179 272
376 453
123 472
129 307
279 14
169 121
472 80
2 414
477 454
262 51
342 494
14 33
14 97
186 28
320 352
378 213
275 141
178 415
437 418
63 102
236 365
397 205
268 328
244 5
370 382
147 43
438 142
316 130
111 488
227 360
282 90
491 390
332 182
199 418
417 190
53 200
319 127
5 163
113 195
449 190
429 353
299 302
84 141
396 203
311 111
51 316
189 478
313 289
96 295
403 241
165 2
290 161
49 235
327 463
241 35
359 285
57 6
402 473
319 143
247 358
104 33
37 298
52 119
81 219
72 129
201 417
288 326
335 119
203 474
266 373
261 268
269 12
387 338
81 277
142 178
380 244
143 58
462 408
76 311
254 100
429 61
161 397
453 203
369 89
157 122
100 143
248 221
487 125
144 136
81 382
416 244
47 3
426 457
351 293
74 20
277 359
12 385
269 94
456 28
65 76
210 42
253 6
287 161
369 493
14 285
407 219
54 274
465 69
29 237
135 42
71 186
130 419
200 257
97 270
291 266
464 412
63 386
187 167
17 248
209 17
253 8
314 469
69 152
360 108
423 89
154 434
4 450
464 321
145 344
297 260
48 382
38 241
473 161
347 471
329 335
195 49
23 498
150 298
453 137
208 379
447 360
190 322
125 55
205 233
95 251
338 371
222 159
310 146
264 480
455 303
11 412
244 460
450 236
284 70
219 485
89 44
84 368
48 313
265 79
83 391
443 101
267 336
60 379
168 458
327 492
88 181
447 202
460 24
404 481
294 104
78 307
79 337
412 161
478 232
264 484
401 422
72 424
34 130
357 296
483 484
77 247
485 458
462 296
130 293
370 59
339 94
116 204
258 207
65 221
91 438
135 45
118 89
333 341
82 289
292 79
499 130
392 367
197 168
377 161
282 399
17 152
146 410
162 200
201 118
177 427
26 221
456 32
428 177
419 414
9 276
80 469
218 182
392 472
195 255
214 232
368 497
12 205
171 309
13 172
210 174
464 105
327 17
270 460
313 127
393 345
487 479
222 358
317 464
227 60
25 26
356 385
17 308
221 127
230 277
412 8
298 248
97 115
102 28
246 343
354 259
238 270
85 211
240 423
162 285
124 273
237 412
152 408
425 498
463 395
370 93
320 224
346 347
326 414
388 199
49 417
250 171
18 346
378 265
147 177
327 154
193 334
418 266
243 482
429 7
371 67
125 191
150 32
233 330
181 67
187 194
24 42
339 349
25 154
140 5
72 350
17 235
117 11
385 220
498 431
230 339
384 407
313 489
498 111
246 12
270 200
372 311
156 183
470 183
39 424
263 231
31 301
241 211
8 420
280 50
314 131
470 352
280 388
38 37
478 423
196 252
480 202
386 491
10 274
59 3
117 421
222 313
231 84
124 115
67 44
196 347
269 73
121 87
11 149
359 25
456 178
276 107
169 182
43 253
490 71
208 393
129 371
209 88
215 474
307 494
230 13
64 22
9 76
494 95
255 380
228 241
380 436
43 498
104 227
288 15
2 250
218 264
14 487
15 467
198 272
121 208
410 299
207 337
460 396
372 356
281 488
421 236
126 299
158 40
22 160
477 283
275 489
275 445
181 372
426 191
99 174
323 432
353 118
363 136
212 46
301 186
240 259
328 155
66 418
372 307
68 388
244 408
248 201
181 234
467 483
147 65
13 420
47 130
195 329
423 462
225 228
380 277
182 24
130 169
203 100
64 474
333 471
289 275
439 86
340 410
337 79
142 110
360 385
486 241
6 177
252 248
477 420
476 480
27 239
337 277
312 358
498 178
326 186
290 319
73 470
452 192
40 181
50 371
410 382
345 430
181 158
250 489
56 278
438 376
225 464
199 66
418 362
458 444
350 483
119 338
283 88
243 59
381 72
325 81
15 9
131 118
484 440
298 89
30 24
197 17
268 43
362 185
309 269
80 119
445 450
60 126
323 149
499 104
428 178
404 178
440 418
31 464
281 126
305 147
211 212
139 210
356 188
14 143
432 122
488 381
140 29
476 297
269 82
162 134
154 158
90 282
102 105
329 157
377 136
72 358
362 315
457 349
322 410
84 363
17 238
470 119
69 195
185 125
264 461
136 207
46 366
137 289
27 404
273 290
88 398
81 233
133 58
157 361
455 417
313 432
182 285
492 396
340 191
489 356
392 357
150 299
299 461
119 154
423 375
454 322
18 197
343 170
5 60
316 123
323 246
205 183
143 49
454 297
493 296
50 256
30 97
326 337
187 197
73 245
401 231
430 225
350 281
425 273
491 477
217 182
17 361
90 64
336 428
336 50
34 475
472 263
155 395
424 207
79 495
455 36
55 465
180 492
311 417
446 86
336 131
194 282
258 321
471 65
388 106
40 231
274 317
176 227
205 257
215 233
53 487
77 473
488 498
287 70
96 152
225 392
410 128
103 67
16 402
25 41
495 335
78 27
290 175
313 427
16 130
359 433
409 307
334 201
412 325
336 338
13 496
483 120
243 41
83 197
91 358
385 480
233 411
280 232
246 204
6 116
90 485
438 496
426 189
109 169
317 264
48 479
30 297
31 156
198 243
455 28
338 314
127 183
200 94
352 157
303 406
327 208
208 115
76 293
383 28
142 78
473 281
405 96
131 11
173 239
397 99
329 255
59 277
479 259
300 397
407 448
218 84
280 161
314 217
188 58
399 392
322 464
121 313
499 351
165 360
339 200
464 306
206 277
3 48
190 157
464 236
445 438
215 56
243 4
9 318
43 155
252 321
427 417
498 120
429 331
103 369
337 96
209 150
309 110
483 384
34 294
417 348
306 5
87 24
253 297
443 13
173 253
70 345
323 13
339 123
407 218
343 383
228 5
444 242
177 154
105 55
194 298
230 46
462 176
297 407
218 28
128 167
383 105
492 274
43 182
202 38
229 273
497 285
343 289
125 120
109 160
277 238
63 495
282 5
26 176
495 278
249 440
404 353
154 24
411 374
23 6
28 404
304 426
311 173
109 131
125 143
302 353
59 152
334 264
286 131
478 209
419 108
490 455
481 195
334 294
268 419
72 226
220 190
181 312
258 49
270 353
227 453
143 8
196 84
412 213
332 408
392 394
447 203
279 302
320 317
278 303
434 367
317 111
338 173
317 218
192 169
218 172
169 454
319 116
496 137
19 114
53 29
179 250
101 192
69 195
135 104
458 151
425 15
358 265
297 30
480 191
9 382
216 250
303 389
369 6
397 294
199 429
72 60
169 259
237 299
223 308
323 339
20 340
101 52
446 80
319 137
179 408
265 492
341 40
83 116
13 419
448 477
368 294
433 80
64 55
484 35
77 315
164 409
320 443
182 354
307 203
492 488
221 245
310 436
440 21
371 333
205 133
146 156
132 163
488 267
86 441
399 496
423 165
138 179
291 254
408 465
87 285
306 14
426 50
6 281
356 455
368 217
208 125
359 82
349 30
327 215
298 476
154 111
364 421
356 424
176 312
98 343
70 184
240 426
222 242
75 386
46 322
357 12
25 253
390 117
460 394
67 183
197 122
87 454
67 323
431 458
359 126
449 308
31 10
402 217
460 429
337 313
193 375
41 22
417 102
457 116
2 282
91 354
198 211
392 393
311 291
262 190
330 152
48 348
154 396
142 462
233 37
491 234
126 453
386 114
455 179
119 236
192 483
316 27
259 211
76 9
66 437
68 4
175 134
144 385
47 182
213 183
280 200
223 69
192 58
87 366
73 404
289 207
259 279
493 50
70 452
376 464
365 20
151 288
81 335
262 337
24 397
446 453
244 163
150 334
363 197
460 412
210 188
167 456
9 311
163 34
189 183
340 385
461 280
261 475
407 400
60 455
484 384
239 392
313 50
199 220
58 93
165 14
297 193
349 59
25 26
460 498
115 295
257 458
198 116
172 130
131 331
428 215
387 306
189 137
493 57
70 454
493 222
302 340
485 392
242 16
405 40
345 167
227 480
492 65
1 377
351 249
8 211
401 372
87 68
161 485
186 244
321 183
465 239
250 24
427 439
491 415
267 410
30 143
226 14
235 29
87 254
304 23
22 360
55 369
433 340
218 262
254 455
346 355
189 470
161 23
222 118
486 410
67 305
429 192
294 361
203 462
282 362
342 134
343 277
396 60
11 90
31 496
92 456
133 478
236 141
250 103
9 75
470 376
282 66
477 73
154 348
15 265
31 42
368 109
107 322
409 402
117 385
470 363
371 467
472 176
364 257
163 402
427 394
466 13
156 138
360 350
357 104
374 275
228 174
124 197
481 387
19 114
448 164
12 132
330 471
165 170
430 416
367 447
362 354
395 352
314 480
59 136
296 326
479 47
178 70
32 63
103 24
359 58
362 293
19 124
458 218
395 164
53 193
303 411
306 79
317 23
243 143
144 39
171 161
432 378
338 380
118 125
142 280
223 357
368 419
168 466
283 38
281 122
337 418
426 447
439 379
45 121
497 492
244 122
175 215
90 13
354 21
413 355
133 400
112 437
351 468
311 43
405 121
173 423
198 124
461 223
160 437
86 49
64 183
312 446
388 415
15 158
331 86
194 79
377 293
316 466
22 111
482 388
17 236
137 32
362 397
164 378
312 276
186 309
408 406
359 9
205 425
341 419
363 199
78 231
376 55
169 25
74 15
398 316
235 456
135 470
42 75
322 4
237 429
107 402
444 89
498 336
244 178
3 369
371 137
118 158
249 30
346 108
175 419
233 146
384 457
156 97
409 463
136 155
351 344
195 441
118 24
270 468
30 342
73 465
418 303
71 338
314 186
294 251
351 317
393 422
366 217
265 26
320 403
393 470
469 52
208 316
267 406
141 393
225 448
392 46
149 417
486 312
232 6
130 387
146 415
120 67
218 141
8 449
226 26
133 455
315 140
307 75
164 101
210 403
248 465
496 351
374 313
429 309
363 341
192 264
453 285
144 195
248 454
489 429
163 460
50 442
196 7
202 106
436 272
15 244
130 261
148 476
411 417
473 11
264 292
442 333
369 411
59 194
121 286
313 260
468 196
109 484
192 119
304 491
41 53
282 305
274 98
47 113
122 108
256 418
364 125
214 153
315 11
413 142
124 177
173 20
445 192
92 119
33 267
405 99
366 124
402 136
408 318
312 55
72 155
349 75
64 345
371 358
62 210
158 415
276 144
283 328
461 426
77 353
114 283
227 211
0 252
180 66
290 144
19 13
36 163
56 58
414 109
16 255
30 286
420 170
477 401
376 348
479 499
428 488
177 135
107 498
109 240
4 214
53 210
307 487
113 425
81 470
43 78
452 444
288 158
396 7
448 141
312 274
30 330
7 133
439 327
92 260
157 80
38 21
119 30
43 335
467 299
270 169
23 79
310 331
479 293
119 335
420 350
230 63
416 496
400 194
91 333
269 370
472 71
100 162
429 30
272 462
403 123
430 300
4 24
482 491
46 78
432 57
1 315
400 243
463 175
358 335
262 259
141 421
100 450
499 104
71 434
301 425
430 240
30 64
403 311
9 437
184 158
221 160
221 166
183 53
62 394
50 399
23 345
284 133
1 121
107 33
452 101
188 147
172 28
472 67
189 498
132 143
113 361
292 77
309 426
187 480
451 303
414 287
2 74
479 487
32 127
486 354
457 320
265 499
371 56
385 141
16 179
467 313
335 172
62 449
484 390
192 484
265 19
125 197
101 393
400 327
357 455
64 56
70 56
180 208
102 186
265 313
69 288
197 98
168 414
253 305
24 437
185 306
62 13
445 173
183 241
22 151
180 108
475 58
378 131
438 268
148 386
18 57
118 314
188 375
120 489
57 135
79 490
14 125
44 59
479 306
57 201
312 414
440 314
44 216
12 348
350 225
290 310
235 181
473 165
241 84
305 491
425 464
490 30
407 213
133 287
225 421
487 104
354 224
316 446
265 233
495 386
98 277
269 476
184 269
423 45
132 388
139 213
261 4
299 185
282 58
292 76
38 371
189 375
73 335
238 348
42 217
416 61
498 313
258 302
41 138
156 343
62 70
263 227
25 151
21 55
167 70
279 436
495 325
436 254
338 484
150 25
78 448
99 263
53 86
257 31
375 343
436 253
10 253
416 116
440 375
361 307
343 426
92 248
129 258
149 486
127 104
251 437
129 286
251 68
63 38
400 94
357 351
37 11
226 38
456 185
253 292
303 468
374 230
321 351
319 461
203 83
316 139
391 470
215 129
92 59
168 47
473 119
476 180
176 385
453 211
467 463
126 279
118 317
272 379
443 192
244 136
8 79
64 238
2 264
42 293
196 87
76 255
143 309
198 363
173 82
441 42
319 150
437 326
428 264
13 300
195 482
36 318
303 242
241 302
19 74
482 259
415 315
402 337
177 469
177 148
227 203
419 11
146 110
437 248
285 122
115 163
177 390
190 24
256 423
13 252
416 465
298 117
101 463
210 76
93 143
455 5
36 202
24 445
223 230
61 401
264 70
222 247
481 194
268 13
429 73
211 316
122 91
344 381
69 125
49 60
208 158
498 371
224 410
484 394
426 286
287 81
468 65
43 233
98 88
353 67
399 442
148 403
359 254
403 462
317 97
480 176
68 105
454 419
360 133
10 291
204 257
311 46
353 369
306 366
105 423
318 71
253 475
456 475
60 473
264 320
257 249
57 445
406 452
324 92
6 220
358 412
123 398
396 227
80 88
398 462
319 442
258 402
489 178
214 291
375 10
414 107
49 330
494 476
424 8
424 409
140 318
194 31
342 433
6 320
71 101
251 204
361 236
327 386
63 209
373 51
151 4
286 183
391 196
456 48
375 469
389 338
170 344
192 121
215 40
24 219
17 146
233 175
62 317
336 215
443 76
269 471
417 287
466 474
250 141
477 464
323 276
12 272
431 481
263 25
25 68
163 356
206 142
112 410
409 240
99 322
37 438
196 405
446 58
235 32
171 179
1 405
488 131
253 197
114 455
118 11
358 274
454 369
44 353
251 226
56 306
30 7
64 67
173 291
116 132
496 67
317 105
327 493
187 105
45 194
320 58
165 30
348 374
78 25
381 392
374 392
467 223
448 75
291 467
356 133
382 133
211 438
302 484
312 231
184 126
235 335
182 403
302 423
348 377
176 15
124 440
163 224
402 115
52 332
78 415
366 406
264 45
397 80
445 39
473 408
288 331
485 81
310 290
419 67
57 228
326 83
440 172
237 286
270 83
300 496
469 441
9 68
492 122
125 205
30 254
331 466
192 373
149 387
50 349
239 488
400 152
61 195
67 116
233 9
228 67
62 330
238 403
32 100
90 102
272 253
420 348
188 13
365 434
396 413
301 117
481 387
28 11
255 92
318 267
421 363
305 308
481 30
147 277
269 48
439 472
174 69
49 327
248 447
277 179
355 387
398 104
440 209
367 428
119 451
410 338
488 305
482 378
477 103
26 143
256 319
364 307
243 392
447 108
475 71
231 287
174 105
339 147
267 436
0 355
287 310
499 403
187 297
322 107
36 11
125 5
185 274
369 8
96 351
252 204
20 441
257 5
34 472
202 112
266 227
66 323
316 37
231 239
345 54
383 197
234 276
109 389
353 289
253 373
411 354
328 303
299 420
82 432
413 169
329 321
250 293
221 375
213 374
312 153
31 307
316 223
354 248
226 405
498 159
378 79
13 314
371 293
381 368
52 107
394 282
85 226
392 8
6 361
116 28
199 485
308 212
62 231
386 298
199 492
227 121
490 220
244 496
114 236
45 123
211 69
79 268
353 283
23 319
254 403
493 257
93 176
320 274
235 490
365 337
124 478
68 186
88 75
213 498
402 85
420 300
41 94
359 212
8 384
162 381
100 348
102 426
129 178
434 61
60 408
17 278
296 255
496 192
190 255
141 154
194 293
298 490
349 293
488 305
470 457
214 42
442 228
127 412
40 278
382 149
99 131
118 19
40 345
37 286
232 432
270 443
202 179
456 58
177 401
374 452
475 261
268 220
362 56
344 353
19 347
488 199
14 35
493 327
179 138
352 130
166 46
333 78
296 9
137 349
68 287
470 456
348 381
357 14
106 160
215 271
37 404
4 88
337 126
191 7
355 100
497 11
415 214
3 359
331 151
384 490
231 24
227 126
247 177
491 308
51 55
432 58
132 179
392 164
280 290
57 433
240 199
453 396
62 273
34 214
203 418
304 159
446 447
240 246
376 358
297 335
394 96
9 435
394 181
493 201
65 449
94 396
281 375
442 276
277 348
69 244
439 457
53 457
1 404
36 347
332 238
234 414
63 495
291 19
287 468
488 379
269 381
336 243
183 376
343 32
48 287
335 403
253 70
349 190
349 431
111 143
353 281
397 340
7 400
429 337
79 260
83 446
427 423
407 227
466 41
478 118
134 475
4 140
478 34
485 384
143 180
419 314
327 384
399 196
470 182
341 312
235 241
37 469
480 73
364 159
289 135
192 441
284 224
350 366
389 327
486 114
179 96
234 207
411 104
187 279
405 181
409 498
51 314
106 439
311 160
252 254
132 274
479 253
473 492
87 369
103 59
445 433
324 242
56 424
497 274
411 124
42 119
345 245
310 377
55 235
122 287
263 487
32 279
245 373
195 403
335 370
383 481
76 13
262 172
221 67
302 70
228 69
403 45
368 440
308 466
293 199
473 130
148 351
482 352
105 309
56 153
359 235
63 29
334 319
351 94
236 187
240 9
115 9
357 60
174 182
393 473
45 197
199 316
474 218
373 497
160 274
134 163
247 151
54 125
464 175
458 429
409 282
104 152
309 213
453 296
474 227
48 78
386 38
158 236
412 299
24 217
144 421
269 463
20 485
150 438
193 403
261 22
88 242
363 245
262 143
253 234
101 258
61 36
473 124
146 445
78 162
226 303
383 238
417 372
186 439
150 261
295 498
261 59
466 293
302 400
282 97
137 113
40 22
278 76
172 375
346 317
261 410
128 292
73 455
50 274
117 491
274 293
24 242
259 252
126 140
349 34
207 7
264 295
394 383
495 27
240 288
119 464
144 241
182 320
337 331
452 448
347 156
293 337
277 324
113 147
9 165
235 300
313 109
180 69
226 123
102 438
435 272
489 170
162 490
2 266
41 157
472 240
392 38
189 281
183 38
322 430
480 242
50 150
94 64
229 417
353 198
22 499
112 144
67 308
296 473
26 349
427 271
76 216
82 302
387 320
257 360
346 23
279 208
63 397
276 372
9 248
292 497
92 212
5 165
173 346
48 128
308 448
191 499
326 417
48 466
239 424
288 73
478 327
295 0
375 222
335 129
237 367
281 165
305 326
490 363
200 158
81 247
94 445
42 477
270 158
162 242
172 412
498 212
3 285
493 158
107 76
390 342
344 132
355 386
409 239
494 272
357 146
193 451
354 421
286 358
301 104
74 449
38 255
268 22
209 27
121 425
483 84
303 252
427 254
429 396
454 61
352 246
190 268
81 301
455 274
394 245
322 68
334 448
46 476
309 405
435 499
318 469
170 394
202 27
211 323
377 106
351 33
170 406
427 319
32 176
204 98
55 132
119 386
70 176
92 128
57 186
376 12
405 165
394 30
310 455
286 305
318 64
305 450
52 71
416 243
66 251
54 286
474 185
341 327
166 249
494 208
397 310
228 229
302 384
124 115
310 417
421 74
232 382
12 301
486 310
63 155
419 374
433 205
424 499
359 470
342 124
114 410
328 134
384 3
95 313
105 408
129 100
483 485
371 54
385 210
66 172
135 51
16 278
24 281
470 464
265 185
141 196
268 322
338 365
416 384
319 455
34 440
53 243
210 462
178 181
329 281
340 481
15 402
385 105
428 214
305 112
101 144
404 154
435 220
91 34
239 377
30 217
27 158
244 190
411 223
199 78
159 389
118 136
400 211
401 59
236 142
465 215
192 310
456 174
38 446
352 226
7 234
160 460
12 189
207 273
438 293
102 473
225 376
202 412
334 329
482 285
314 59
230 139
78 134
415 440
416 4
409 325
245 158
318 85
169 188
224 468
43 437
483 36
429 37
314 142
254 194
143 77
162 264
331 105
191 238
38 233
257 368
185 488
18 150
410 32
34 58
102 296
223 493
365 242
417 105
212 166
495 372
12 376
233 197
4 199
242 499
268 479
278 163
329 23
308 191
298 40
28 3
6 78
413 271
380 339
326 153
81 171
267 392
433 489
494 412
478 404
280 302
22 216
365 228
234 44
421 309
162 448
64 137
294 355
493 372
331 405
18 157
174 97
363 485
83 74
249 380
161 82
257 343
70 158
436 133
463 27
446 480
263 416
371 428
95 387
450 125
296 164
107 305
296 397
183 150
267 39
448 35
107 427
2 181
478 200
278 230
77 109
134 162
96 179
261 239
181 195
400 476
105 111
256 319
384 72
354 145
42 292
400 64
19 39
306 251
451 152
388 322
385 448
196 132
54 363
396 413
254 9
412 180
180 165
333 347
361 254
393 103
30 273
495 49
51 295
14 50
239 437
431 404
47 325
394 282
184 463
382 30
192 474
475 185
250 40
144 457
61 462
323 297
67 346
160 142
386 172
139 25
445 176
416 450
200 421
204 320
301 383
144 161
446 148
301 344
297 213
104 459
65 302
75 62
218 4
471 249
391 342
193 474
124 8
431 424
179 278
21 388
438 374
252 226
302 391
249 318
472 63
466 263
318 249
323 5
445 148
132 330
340 115
419 237
414 369
259 9
388 138
428 36
494 91
200 325
210 481
46 356
65 14
71 143
31 108
135 441
14 336
224 354
456 247
404 425
470 414
99 496
169 274
81 299
434 360
115 187
325 133
445 320
107 138
459 468
229 367
170 407
172 283
447 364
202 280
136 400
377 431
180 329
206 237
498 134
176 394
216 342
185 434
405 71
19 261
318 85
448 86
118 436
73 432
249 330
169 83
483 295
224 2
191 390
356 117
349 459
65 295
499 83
387 80
371 78
219 129
127 480
230 279
473 250
241 429
249 442
63 471
366 145
226 438
213 349
431 484
123 139
131 95
124 453
182 22
233 100
117 264
347 445
415 72
165 363
287 417
5 28
151 303
150 431
84 370
187 304
49 106
233 449
378 281
316 361
2 17
101 157
75 91
231 418
147 294
194 467
368 11
302 17
371 167
327 17
461 85
265 377
249 318
141 407
150 233
378 160
87 153
271 431
49 206
235 411
411 397
302 153
12 362
8 95
262 175
238 180
123 365
421 315
380 264
249 100
41 372
130 199
117 220
294 424
53 77
296 469
228 340
492 235
189 93
11 111
375 175
413 212
313 404
375 411
160 2
309 251
17 356
382 259
454 57
249 328
80 163
266 144
71 109
163 215
135 384
69 388
64 456
90 381
325 219
61 470
205 45
181 49
283 150
433 193
455 236
177 276
488 208
48 429
360 466
218 335
291 92
35 471
372 154
326 19
410 204
191 257
104 140
363 87
392 308
127 468
28 17
150 133
435 175
224 470
6 188
326 295
101 404
320 288
92 492
344 261
380 212
139 443
109 307
75 240
173 291
31 370
265 278
155 461
341 357
30 11
390 366
425 415
255 60
70 119
137 314
157 441
177 373
239 87
324 172
13 443
468 400
162 8
465 167
311 151
492 217
48 238
332 180
362 6
188 141
361 284
334 309
223 451
386 149
90 413
160 465
260 340
142 309
171 499
389 110
359 349
113 342
335 446
378 423
105 308
491 73
342 426
21 149
56 49
105 474
456 442
64 194
472 326
18 434
99 231
43 272
478 39
461 351
481 69
342 312
181 134
415 260
19 194
474 185
29 324
243 289
348 352
37 314
386 263
413 276
314 189
5 13
169 288
23 472
101 149
487 56
133 267
305 454
140 108
463 1
321 80
147 392
420 412
323 276
309 38
389 42
294 104
106 236
48 454
114 140
153 85
463 320
28 419
15 4
264 358
46 406
215 233
26 375
78 286
92 420
38 312
185 473
351 17
35 108
261 26
236 287
166 117
412 424
122 230
232 240
279 41
184 35
296 479
107 390
19 379
466 498
493 351
444 185
193 246
353 195
452 161
498 99
21 462
20 396
340 324
142 348
350 104
255 449
231 349
68 67
273 381
113 353
122 497
264 161
268 434
431 5
68 23
133 338
232 220
373 387
213 9
178 226
354 311
185 338
13 298
69 398
190 376
264 87
11 231
454 142
288 182
360 19
70 215
171 414
63 276
497 48
43 38
335 196
290 337
340 168
202 443
39 345
214 297
28 205
124 491
138 303
485 258
140 69
412 423
437 130
183 67
92 20
60 314
102 143
105 337
478 76
267 233
439 391
82 433
186 34
5 327
470 41
420 257
334 370
473 174
469 77
179 273
333 264
369 85
287 301
232 198
262 188
337 334
124 183
181 9
498 493
37 427
253 170
179 382
69 451
396 461
425 38
127 98
2 206
166 379
212 342
369 491
404 402
204 125
174 204
72 306
493 98
278 462
294 345
492 357
364 11
196 29
328 35
41 64
49 201
161 109
156 23
288 314
385 94
165 22
19 127
216 352
461 463
288 485
387 167
294 164
388 304
329 328
31 191
59 462
278 5
42 292
456 444
174 117
18 223
489 452
185 157
13 466
267 241
35 195
104 203
400 492
124 343
49 273
145 79
497 115
411 220
354 350
330 123
355 167
57 153
138 42
401 217
26 358
89 328
103 320
263 69
314 166
367 423
222 426
410 115
191 458
328 345
222 443
438 74
472 416
259 364
455 207
109 382
383 220
207 81
303 300
120 124
479 86
59 45
434 7
43 375
299 160
139 221
75 79
228 280
158 183
236 35
73 446
296 163
77 340
261 188
182 91
66 250
376 250
391 472
319 135
341 290
345 457
213 374
361 45
273 335
184 260
47 132
376 295
368 105
213 276
376 156
430 42
409 315
222 155
144 97
329 148
70 216
64 362
183 324
50 133
493 85
260 375
188 374
140 342
114 154
369 356
246 179
226 353
401 300
329 287
104 99
238 461
72 268
435 476
156 153
447 57
452 160
131 420
264 471
234 83
246 165
203 106
218 359
28 122
58 366
189 299
231 304
397 283
255 208
321 107
251 267
447 453
198 128
378 434
372 369
263 85
240 282
468 322
2 309
352 176
37 367
463 9
305 1
445 63
369 32
101 282
150 329
252 461
288 220
109 177
114 445
144 418
247 261
343 63
367 224
370 276
30 287
385 458
14 473
372 475
39 194
50 207
118 393
79 263
0 9
231 485
357 273
58 259
469 19
328 441
61 465
453 470
409 40
402 235
86 107
334 352
260 76
361 100
283 238
25 88
235 267
423 337
239 490
99 260
430 274
410 148
288 296
86 176
25 465
155 303
162 231
420 430
421 140
496 61
80 180
194 113
77 153
472 273
50 441
120 269
170 108
283 284
240 35
37 195
122 189
162 152
334 454
161 88
194 276
63 218
87 80
101 301
447 343
140 128
236 328
411 216
482 158
18 147
218 288
19 134
485 396
3 473
13 284
408 317
167 81
246 126
351 317
406 314
147 463
253 497
474 405
14 47
390 216
358 222
375 314
24 369
280 159
194 328
299 395
305 94
185 147
455 85
177 32
391 8
206 324
472 24
94 204
369 87
366 229
304 167
180 238
134 201
10 154
265 120
198 35
426 431
350 426
455 115
186 232
33 145
409 179
465 355
304 319
79 214
393 40
10 147
481 27
176 96
478 164
175 439
67 297
365 27
328 271
15 408
379 461
357 143
129 17
163 174
471 406
413 293
356 206
192 451
38 107
100 203
389 177
448 271
122 168
204 327
64 426
7 71
344 247
339 158
122 255
13 132
19 352
17 138
443 274
11 342
317 295
483 344
424 67
372 120
495 207
101 202
115 27
308 309
188 83
145 199
15 170
128 418
315 447
93 454
13 270
428 8
435 93
22 129
65 408
86 274
369 22
8 124
29 263
458 196
463 263
5 387
300 236
24 483
499 87
17 148
217 342
474 417
178 437
76 213
167 161
285 13
65 91
425 37
93 254
228 355
459 411
454 138
174 167
165 360
239 144
93 227
155 491
286 445
172 400
23 111
405 490
468 109
396 246
91 362
273 445
467 205
457 63
242 33
2 0
252 388
270 19
246 411
304 14
441 147
199 21
45 185
140 187
219 45
92 18
138 9
497 338
479 344
269 248
308 271
58 482
427 319
441 142
274 116
428 110
425 475
26 424
252 81
399 335
440 340
155 460
43 132
150 358
126 224
225 94
304 283
445 16
415 499
69 12
281 236
438 136
168 46
259 95
28 231
156 51
80 131
273 126
101 239
99 441
409 323
105 410
163 9
187 247
15 168
472 200
450 400
248 61
349 286
244 470
134 30
313 355
196 180
50 481
118 364
474 475
299 125
332 164
498 331
235 84
367 79
197 142
262 388
20 454
384 126
365 498
320 471
179 86
1 109
314 168
328 208
169 409
287 151
317 38
445 427
170 216
179 392
64 371
96 428
280 337
264 403
32 184
168 33
435 155
300 160
5 217
409 142
57 191
57 451
468 358
301 146
190 64
333 451
306 393
301 252
286 370
50 319
473 11
365 214
103 73
45 397
193 124
437 149
196 498
18 487
83 178
139 356
484 429
34 72
89 470
314 166
104 146
353 381
184 35
166 452
262 205
59 230
77 305
458 228
148 300
284 218
39 465
464 81
58 223
446 46
454 198
57 188
311 414
56 229
124 474
457 58
60 372
125 473
193 106
93 14
4 347
428 266
498 324
356 403
174 462
256 493
205 65
220 333
367 362
137 241
321 490
96 48
389 140
101 115
259 403
339 396
7 249
60 126
492 346
266 363
172 91
322 399
225 315
476 129
375 407
420 431
259 296
10 35
243 42
387 24
347 13
110 143
352 207
140 30
137 348
85 459
199 84
272 295
379 295
453 86
43 363
473 20
355 208
20 297
483 176
463 369
247 277
461 72
416 114
189 293
345 334
405 323
415 37
253 288
100 274
104 170
235 194
239 245
221 396
14 154
3 274
497 468
180 455
159 28
376 163
274 237
9 131
308 234
158 178
149 115
436 315
421 472
196 132
212 368
455 330
23 172
75 387
11 129
282 433
43 347
95 458
154 81
425 100
170 276
366 355
322 143
216 164
368 336
206 403
92 285
60 275
169 186
42 220
318 474
397 170
191 373
133 57
13 118
51 452
232 147
368 431
455 40
190 108
71 330
334 282
191 437
263 498
189 308
187 113
243 3
46 375
132 212
282 245
228 31
322 159
108 274
72 403
37 285
254 121
221 437
21 169
13 90
153 66
378 84
432 183
446 335
440 324
132 233
449 255
440 66
62 181
234 246
117 316
313 290
5 421
352 41
128 195
385 197
423 15
456 458
84 357
467 5
110 241
306 58
257 252
35 123
477 485
62 128
451 163
384 145
32 192
32 352
332 411
131 172
103 478
342 323
438 168
274 293
224 268
370 491
38 353
284 475
350 103
132 109
402 463
235 337
77 268
179 11
363 448
133 335
168 145
25 409
290 69
379 475
145 495
340 478
358 165
342 299
80 446
127 0
491 357
25 52
358 291
64 117
87 401
373 388
84 5
140 482
72 82
40 445
274 31
159 174
375 240
473 134
102 194
429 267
383 467
309 464
149 94
285 359
475 341
18 68
12 20
41 396
284 350
350 336
247 86
414 228
461 72
242 491
132 270
297 462
305 224
238 98
107 315
159 490
383 151
38 416
181 264
264 45
154 249
244 374
253 18
402 17
29 231
295 148
386 318
439 32
366 218
386 241
15 158
28 319
293 325
186 59
345 91
305 282
490 9
16 185
122 346
494 349
290 304
405 46
423 45
57 231
139 344
399 141
87 53
179 62
449 285
34 362
119 373
336 299
335 249
459 328
451 430
187 238
116 159
295 313
291 222
389 312
327 187
115 32
119 233
34 358
235 270
425 413
455 35
89 218
209 173
265 478
30 380
191 470
271 74
140 171
397 356
352 33
394 50
354 173
64 273
29 183
21 202
154 456
239 446
481 470
426 200
123 447
211 128
197 343
482 98
74 374
331 439
125 29
283 296
299 218
122 156
165 138
351 46
306 481
48 496
342 278
335 485
338 409
271 301
337 21
192 309
458 219
278 64
398 339
282 272
272 167
424 291
261 251
31 374
340 319
423 462
402 49
440 230
18 310
154 465
17 238
229 224
422 484
444 0
393 242
26 430
11 287
324 238
137 265
341 453
441 430
374 44
274 490
343 21
106 14
352 108
156 335
294 54
0 273
386 198
283 18
355 490
27 498
132 487
303 403
97 210
369 71
18 326
198 121
25 147
243 296
297 10
250 241
451 5
494 177
66 336
281 337
32 268
462 75
51 136
159 104
286 130
295 239
334 71
456 394
223 379
269 173
160 369
376 127
338 498
365 119
72 128
298 193
172 421
467 254
270 253
264 149
327 399
382 303
76 172
393 53
208 91
478 482
304 369
401 89
418 433
495 263
63 87
155 483
150 341
477 186
497 235
289 305
181 305
475 66
234 414
7 289
224 383
489 374
185 33
497 170
31 66
202 454
353 370
162 457
323 436
127 199
270 136
330 339
314 365
337 277
462 427
280 307
366 349
49 398
384 96
149 386
236 301
411 233
110 328
397 3
100 37
21 387
186 451
346 148
173 5
280 122
313 71
488 303
35 103
63 329
479 338
211 340
378 467
54 415
417 196
35 69
94 392
169 33
102 276
374 392
264 269
271 31
364 471
97 455
36 257
383 7
158 100
248 387
324 128
346 201
282 296
364 49
72 123
164 12
378 35
453 454
312 360
313 173
322 96
271 360
120 137
151 145
493 443
400 399
4 333
306 40
86 471
413 457
52 484
201 70
18 282
475 154
258 118
373 425
453 430
142 271
486 457
176 278
181 376
404 175
327 92
180 98
219 448
98 227
137 71
293 323
401 282
128 109
226 331
385 89
446 455
383 214
148 251
44 346
21 309
186 274
78 437
103 42
115 455
254 274
156 488
67 385
177 475
498 293
331 443
223 314
102 34
493 48
34 50
157 126
133 468
293 484
140 42
233 436
459 41
457 442
461 235
416 488
421 55
23 328
406 103
359 412
2 255
396 316
146 183
245 182
65 164
134 354
99 206
140 497
223 355
76 116
370 59
416 400
312 67
14 89
160 149
265 58
405 254
276 43
428 12
60 479
266 60
219 360
30 464
43 85
295 7
374 177
256 462
441 451
457 310
184 375
372 331
7 451
448 449
100 29
22 250
141 196
231 95
39 444
75 416
202 234
98 495
43 365
387 356
429 443
346 91
69 463
19 163
412 272
412 491
22 443
439 452
112 287
428 346
18 172
419 344
228 227
93 123
392 126
465 163
444 245
302 193
209 426
83 9
439 31
474 66
274 194
329 398
309 187
261 42
142 218
355 191
415 92
190 194
316 376
345 497
26 263
66 402
173 378
316 262
172 387
242 455
242 234
442 338
366 474
209 498
46 412
322 214
120 200
93 96
208 424
306 292
165 313
154 352
427 361
253 210
283 65
484 69
166 448
399 219
291 345
101 481
466 172
372 329
476 103
101 79
254 442
311 281
297 250
91 420
37 29
323 471
247 243
166 296
43 190
283 130
276 496
431 16
334 431
345 426
64 426
98 103
44 468
411 177
468 368
132 425
16 367
431 175
246 446
237 464
238 105
36 7
31 395
6 17
63 174
108 6
330 76
6 164
477 178
63 474
102 413
0 44
496 267
337 347
284 201
214 154
111 211
245 115
413 73
17 387
485 292
64 307
472 35
313 87
360 124
267 433
290 304
234 462
470 211
127 319
375 359
371 329
313 33
433 53
124 320
231 303
114 110
73 85
0 77
464 476
19 12
210 283
393 78
389 222
27 56
325 84
157 28
22 226
148 262
474 8
68 397
256 33
68 93
44 443
54 446
155 91
493 125
117 419
188 441
85 290
175 431
405 442
307 355
71 331
212 276
226 446
348 118
168 479
316 356
189 491
459 170
145 409
242 358
448 184
477 481
77 237
149 38
354 125
455 381
372 98
370 49
23 434
66 73
231 230
341 247
95 90
27 31
224 51
473 105
225 288
52 354
481 465
165 11
117 246
266 462
200 458
12 356
307 58
80 187
482 290
143 385
78 488
68 193
29 126
367 360
183 123
219 365
336 6
478 52
107 211
447 372
267 44
63 103
21 489
67 127
388 464
120 410
493 119
139 300
28 293
262 352
398 497
98 281
120 490
319 469
225 361
461 412
416 491
437 281
355 417
53 112
268 307
7 329
75 236
457 12
134 355
393 389
356 157
263 469
404 114
412 303
84 116
370 16
115 27
121 222
36 299
333 349
333 288
366 157
179 160
83 315
225 376
73 114
425 105
383 325
420 226
461 279
85 102
366 324
128 457
205 44
84 66
45 144
191 491
157 480
411 118
12 428
140 111
61 351
111 440
96 121
223 444
225 66
282 355
133 408
355 77
382 425
227 191
289 172
297 357
299 234
419 309
95 264
178 242
170 157
103 252
406 184
177 26
15 78
443 199
145 402
480 110
257 153
52 457
300 489
286 368
231 389
397 483
102 336
4 250
320 475
300 276
254 86
450 453
43 215
87 400
113 237
212 110
93 151
465 230
248 78
460 166
469 234
65 263
440 311
441 181
109 152
158 427
84 5
133 198
20 352
124 385
496 12
309 269
297 209
484 124
182 256
98 230
78 381
464 325
167 72
467 210
34 229
171 329
451 303
226 156
77 10
410 137
400 195
93 185
239 200
357 116
253 442
173 45
158 16
133 465
231 275
488 191
32 498
481 263
229 408
47 428
400 310
317 398
265 222
365 401
251 482
190 486
458 170
382 496
340 26
79 280
140 261
413 458
188 465
357 155
245 281
472 357
300 5
451 268
3 195
120 241
268 428
307 395
466 277
430 167
174 387
354 136
12 253
57 142
198 397
403 457
325 428
137 451
127 106
155 199
237 145
136 323
284 157
93 22
463 462
402 32
314 228
196 9
495 100
371 384
85 387
348 475
258 289
259 43
273 85
324 328
256 465
32 314
106 110
58 292
482 451
392 243
244 245
386 498
272 239
92 327
259 338
197 451
41 228
452 317
88 25
437 359
197 28
69 89
37 484
360 125
483 443
42 338
149 76
476 481
306 211
