500 1200
0 3
0 29
0 165
0 224
1 60
3 158
4 178
5 312
6 7
6 107
7 458
7 495
8 35
8 402
9 168
9 291
10 162
10 302
12 283
12 381
14 3
14 87
14 191
14 207
14 304
15 44
16 270
17 118
17 263
18 111
18 364
19 175
19 244
19 499
20 142
20 472
21 83
21 114
21 187
22 240
22 457
23 344
24 359
24 466
25 44
25 458
26 19
26 402
26 463
27 148
27 234
27 297
28 399
29 239
29 314
29 397
29 454
29 482
30 315
30 400
31 310
32 8
33 79
33 384
33 392
34 340
34 363
34 366
34 399
34 467
35 319
36 147
36 443
36 456
37 69
37 190
37 412
37 488
38 145
38 396
38 398
39 73
39 241
39 274
40 199
40 331
40 415
40 420
41 42
41 106
41 459
42 0
42 267
42 353
42 458
42 488
43 213
43 222
43 275
43 408
43 433
44 343
45 266
46 395
47 61
47 154
47 160
47 323
47 334
47 399
47 465
48 396
48 407
49 366
50 171
50 470
51 41
51 242
52 319
52 389
54 312
55 77
55 394
56 398
57 4
57 155
58 127
58 214
58 354
59 205
60 6
60 157
60 367
60 443
61 13
61 14
61 173
61 382
62 306
62 307
62 473
64 104
66 183
66 265
67 88
67 256
68 354
68 360
69 264
69 393
69 447
70 490
72 240
72 309
72 358
73 113
73 249
73 409
74 100
74 432
75 102
75 181
75 210
75 433
75 445
76 43
77 130
77 234
77 437
78 123
78 195
78 356
78 384
79 203
79 245
79 398
79 400
80 66
80 391
81 29
81 317
82 64
82 122
83 456
84 229
84 244
84 353
84 494
85 80
85 135
85 399
85 465
86 15
86 20
88 27
88 208
88 406
89 255
89 357
90 17
90 50
90 460
91 36
91 47
91 74
91 86
91 367
91 447
92 16
92 112
93 85
93 406
93 425
93 465
95 19
96 91
96 94
97 51
98 388
98 461
99 151
99 444
100 51
100 61
100 109
100 151
100 216
101 311
101 400
102 395
103 66
103 224
103 290
104 5
104 69
104 151
104 194
104 301
104 302
105 14
105 16
105 250
105 292
106 32
106 44
106 93
106 156
106 254
107 33
107 58
107 61
108 334
109 96
109 150
110 148
110 171
110 236
110 275
110 444
111 74
111 197
111 442
111 486
112 292
113 194
113 241
113 489
114 6
114 24
114 89
114 354
114 428
114 458
116 98
116 274
116 286
116 331
118 412
118 455
119 315
120 47
121 7
121 85
121 312
121 324
122 96
123 43
124 66
124 177
124 315
125 36
125 121
125 491
126 313
126 393
126 441
127 343
127 347
127 393
127 417
127 465
128 236
128 497
129 430
130 203
130 279
130 281
130 465
131 48
131 142
131 323
132 209
133 109
133 130
133 322
134 149
134 353
134 443
135 140
136 493
137 145
137 267
138 167
138 239
139 208
139 268
139 437
141 262
141 313
141 499
142 153
142 322
142 438
143 170
143 363
143 428
143 441
144 254
145 363
146 183
146 268
147 113
147 449
148 47
148 63
148 309
148 474
149 3
149 133
149 276
150 226
150 245
150 287
150 408
151 98
151 407
152 0
152 145
152 239
152 357
152 374
152 381
155 86
155 194
156 182
156 297
157 30
157 188
157 333
157 477
158 447
159 453
160 34
160 323
161 345
162 141
163 212
163 232
163 273
163 367
164 112
164 192
164 352
164 468
164 476
165 169
165 253
165 283
165 317
165 330
166 135
166 181
166 324
166 459
167 293
169 213
169 277
169 281
169 311
170 314
170 384
172 26
172 109
172 313
173 123
174 305
174 308
174 410
174 451
175 32
175 310
176 151
176 282
176 400
176 416
176 464
177 206
177 373
177 439
178 34
178 243
179 308
180 47
180 163
182 169
182 198
183 5
183 71
183 134
183 327
183 334
183 469
184 79
184 178
184 223
185 438
187 200
187 202
187 373
187 412
187 424
188 287
188 296
189 5
189 302
190 129
190 277
190 404
191 353
192 36
192 64
192 384
193 393
194 175
194 186
195 490
196 474
197 260
198 44
198 318
198 447
198 496
199 223
200 240
200 263
201 60
201 123
201 245
201 347
202 187
202 314
202 371
202 405
203 210
203 225
203 269
203 382
203 415
203 487
205 184
205 303
207 65
207 302
208 160
208 249
209 149
209 215
209 323
210 30
210 135
210 142
210 317
211 446
211 476
212 78
212 198
212 248
213 57
213 84
213 375
214 20
215 290
215 389
215 444
216 172
216 278
217 55
217 224
217 371
217 398
217 411
219 30
219 427
220 239
221 161
223 45
223 55
223 243
223 257
224 157
224 267
224 340
224 461
224 462
225 0
225 219
226 180
226 200
227 80
227 117
228 238
228 382
229 87
229 367
230 34
230 137
230 141
230 196
230 214
230 466
231 155
232 248
233 77
233 281
233 346
233 377
233 388
234 51
234 106
234 341
234 371
235 85
235 164
236 189
236 457
236 460
237 252
237 279
237 394
238 98
238 99
238 159
238 258
238 316
238 453
239 33
239 120
239 204
240 76
240 213
240 265
241 52
241 128
241 177
241 269
241 332
241 450
243 192
244 36
244 176
245 303
245 452
246 16
246 99
246 212
246 373
246 424
247 130
247 189
247 447
248 129
248 191
248 494
249 73
249 186
250 409
250 493
251 44
253 108
253 218
254 162
256 98
256 136
256 210
257 406
258 89
258 337
259 441
260 199
261 41
261 73
261 202
261 300
261 306
261 325
261 368
261 376
262 5
263 30
263 39
263 54
263 465
264 148
264 154
264 336
265 26
265 426
266 110
266 205
266 437
266 479
268 37
270 8
270 278
271 341
271 424
271 473
272 98
272 375
273 5
274 163
274 345
274 399
274 450
274 474
275 99
275 262
276 30
276 281
277 32
277 220
278 92
278 223
278 325
279 41
279 55
279 327
280 443
280 467
282 433
283 97
284 168
284 375
285 88
285 213
287 217
287 295
287 417
288 3
288 52
288 245
288 375
288 434
288 466
289 230
290 48
290 135
292 251
292 410
292 412
292 418
293 34
294 46
294 69
294 183
294 370
294 409
295 73
295 197
295 303
296 494
298 424
299 34
299 189
299 284
299 325
299 456
299 492
301 178
301 318
302 18
302 343
302 359
303 209
303 327
303 403
305 7
306 170
306 274
306 369
307 128
307 260
308 156
308 267
308 440
308 471
309 351
310 248
311 119
311 223
311 339
311 362
311 363
311 365
311 379
311 443
312 136
312 213
312 285
313 19
313 406
313 411
314 54
314 339
315 216
316 91
317 45
317 112
317 239
317 374
318 478
319 179
319 372
319 445
320 125
320 473
321 19
321 203
321 319
322 74
322 200
322 290
324 111
324 187
324 200
324 436
325 114
325 123
325 177
325 181
325 237
325 344
326 483
327 34
327 129
327 471
328 37
328 162
328 238
328 357
328 364
329 73
330 211
330 277
330 302
331 56
331 195
332 461
332 484
333 396
333 457
334 221
334 245
334 393
335 473
336 468
337 27
337 236
337 379
338 174
338 249
338 311
338 460
339 32
339 41
339 365
340 70
340 449
340 469
341 325
341 479
342 242
343 44
343 290
344 465
345 90
345 240
345 255
345 307
345 424
346 335
346 439
346 478
347 185
347 262
347 438
348 303
348 325
348 390
349 189
349 237
350 159
351 116
351 326
352 109
352 175
352 263
353 96
353 158
354 19
354 21
354 46
354 227
354 252
354 402
355 307
355 442
356 39
356 358
357 331
358 450
359 189
359 196
359 482
360 319
360 499
362 116
362 227
362 338
362 477
363 68
363 106
363 132
363 407
364 6
364 423
365 188
365 214
366 59
366 88
366 305
366 325
366 361
367 454
368 200
369 88
369 175
369 223
369 376
370 9
370 114
371 68
371 100
371 158
371 192
371 358
372 130
372 143
372 184
372 266
372 301
372 334
372 398
373 156
373 186
373 449
374 154
374 233
374 278
375 6
376 89
376 131
376 142
376 427
376 499
377 136
377 498
378 21
378 392
379 284
379 297
380 26
380 276
380 495
381 117
381 162
382 310
382 467
383 32
384 307
384 351
384 499
385 108
385 336
386 317
387 226
387 451
388 21
388 63
388 185
388 254
388 279
388 393
389 111
389 271
389 345
390 226
390 489
390 490
391 95
391 363
391 496
392 57
392 83
393 88
393 255
394 24
395 30
395 150
395 305
396 186
396 188
396 416
397 92
397 352
397 448
398 34
398 333
399 255
400 141
400 389
400 411
401 3
401 274
401 321
402 245
402 424
403 23
403 444
403 458
404 4
404 9
404 83
404 252
404 343
405 2
405 202
405 245
406 94
406 292
407 103
408 52
408 414
408 421
408 461
409 177
410 62
410 89
410 446
411 81
411 221
411 313
412 186
412 482
413 173
413 385
413 402
413 463
414 93
414 126
415 204
415 325
415 424
416 351
416 377
416 404
418 85
418 238
418 357
418 414
418 477
418 490
419 227
419 324
419 379
420 91
420 130
421 402
421 486
422 406
422 416
423 183
423 190
423 198
423 344
424 420
424 445
425 233
425 424
426 155
427 80
427 89
428 1
428 6
428 102
428 378
428 451
428 483
429 25
429 242
430 63
430 288
430 495
431 97
431 217
431 311
431 450
432 5
432 173
432 396
432 424
432 429
432 433
433 428
433 443
433 487
434 319
434 380
436 32
437 102
437 349
437 367
437 420
438 161
438 188
438 456
439 31
439 75
439 90
439 273
439 451
440 75
440 105
440 350
440 442
441 209
441 324
441 431
441 452
442 357
442 411
443 63
443 382
444 53
445 153
445 207
446 268
447 225
447 395
447 457
448 144
448 285
450 466
451 117
452 55
452 166
452 314
452 482
453 68
453 218
454 307
454 423
455 391
456 206
456 360
456 499
457 114
457 126
457 441
457 453
458 315
459 19
459 275
459 300
459 458
460 277
461 144
461 454
462 125
463 485
464 473
465 4
465 270
466 53
466 101
466 140
466 157
467 69
467 379
468 10
468 402
469 115
470 211
470 214
471 164
471 333
471 476
472 105
472 111
473 68
473 159
473 215
473 272
474 174
474 245
474 408
474 431
474 469
477 187
478 308
479 31
479 320
480 268
480 305
480 318
480 319
480 448
481 353
481 498
483 138
484 112
484 149
484 197
484 439
484 464
485 258
485 310
486 45
486 164
486 200
486 450
487 138
487 293
487 331
487 377
487 386
488 108
488 231
488 344
488 422
488 481
488 484
489 196
489 294
489 305
490 98
490 211
491 11
491 243
491 268
491 283
492 86
492 227
493 135
495 220
495 332
495 433
495 434
496 142
496 363
497 67
497 260
497 353
497 424
498 79
498 387
498 444
499 73
499 256
499 492
5000
265 83
236 216
414 58
281 173
383 267
2 458
381 314
47 199
216 459
100 255
210 57
170 231
255 275
363 375
144 416
144 21
330 216
248 27
301 199
81 33
360 109
144 220
170 403
51 22
5 246
289 485
253 251
205 76
51 168
65 149
100 79
384 399
142 415
264 324
57 156
29 261
238 370
389 132
9 262
326 293
36 209
369 431
233 433
381 425
314 231
293 82
193 185
26 147
11 79
482 26
94 13
377 409
466 129
99 120
253 430
438 455
134 335
437 332
361 132
37 15
5 9
429 51
442 233
223 493
475 316
356 105
164 72
102 193
29 320
225 281
275 237
380 493
124 143
313 283
211 272
168 312
439 192
219 297
419 34
236 280
411 57
139 382
151 2
216 128
245 12
295 167
98 453
387 241
65 36
371 51
172 64
109 377
450 190
265 453
16 470
223 305
347 421
6 11
489 79
448 397
395 37
462 19
364 98
467 218
253 376
251 240
81 340
401 4
107 314
218 54
337 16
467 198
184 150
193 382
202 353
166 295
443 230
201 219
72 415
436 114
426 337
494 484
382 176
380 336
392 428
473 456
490 166
193 425
97 75
81 76
395 466
251 153
331 497
339 281
137 59
49 339
110 115
362 210
89 1
318 365
228 119
398 391
255 374
57 157
417 79
190 49
14 465
137 364
366 340
382 195
307 361
366 301
113 160
280 334
315 487
75 300
233 392
220 261
444 314
115 58
428 310
442 279
118 256
165 293
451 239
284 304
245 465
192 334
244 409
185 67
395 349
390 40
444 109
252 175
431 340
71 24
84 463
175 45
439 247
247 112
460 431
9 280
113 150
432 358
89 122
32 307
120 154
422 179
332 419
86 3
167 341
464 394
74 451
195 302
246 214
470 239
211 348
429 371
92 98
53 429
251 16
440 10
381 467
361 309
351 447
495 2
170 115
214 191
192 186
313 424
435 422
461 469
74 211
256 392
274 40
204 247
496 331
328 193
392 180
336 30
336 339
147 477
263 407
23 128
431 412
440 464
440 176
79 418
250 262
491 386
140 31
79 87
301 323
403 442
330 210
304 0
60 124
296 311
426 391
43 311
384 299
39 484
326 440
27 43
411 331
140 21
342 202
495 86
461 71
120 302
98 321
406 414
379 327
98 136
345 48
386 464
150 272
211 461
254 12
69 204
304 313
469 432
435 317
263 8
312 38
115 341
120 87
96 288
370 420
188 91
468 239
252 441
302 183
163 239
140 50
490 74
53 153
149 476
8 368
144 403
236 117
322 125
225 86
118 343
52 168
4 281
30 88
233 294
458 223
109 312
192 154
441 230
80 10
311 204
140 141
280 262
19 14
238 429
68 77
469 93
476 235
490 142
118 88
299 453
65 422
349 487
110 370
368 384
225 432
235 304
54 190
382 325
191 170
161 132
109 296
417 236
4 118
87 389
237 311
338 47
181 153
14 314
5 373
299 467
344 477
487 349
98 255
97 131
195 357
75 86
443 273
289 162
53 445
130 31
192 295
457 464
321 343
79 173
498 39
213 394
198 0
287 387
372 47
285 259
428 172
39 13
58 31
327 41
293 304
173 224
172 402
294 81
457 371
428 131
86 491
406 440
131 189
414 424
207 274
282 354
328 194
224 105
435 69
448 167
164 84
126 72
146 419
444 111
472 354
121 496
208 480
250 75
417 339
419 310
460 83
291 189
290 370
486 67
301 0
71 149
129 479
378 477
86 107
31 351
479 350
308 406
207 130
142 304
353 198
485 194
32 133
407 211
191 201
297 110
376 38
96 37
180 493
171 79
491 104
173 159
180 176
298 143
107 381
408 343
268 26
285 422
100 118
446 107
227 130
67 60
153 356
366 379
172 482
164 216
212 34
341 346
233 373
337 343
250 415
336 228
238 487
264 443
68 0
396 192
172 116
13 328
322 65
91 419
295 126
133 173
184 421
49 127
221 13
497 314
372 252
382 14
223 144
82 154
296 323
449 4
230 346
255 38
122 47
398 309
110 69
110 10
264 241
456 448
405 210
498 24
76 426
251 217
229 289
323 345
421 487
152 427
233 302
452 377
259 139
359 231
85 319
195 180
363 367
1 302
27 457
484 306
183 77
231 357
422 209
53 431
333 311
436 386
168 352
465 350
158 201
104 400
167 170
128 243
386 357
108 28
458 164
299 264
478 333
75 227
260 414
321 333
445 254
42 76
88 181
50 417
122 403
377 44
286 120
127 303
99 251
437 54
126 301
187 271
278 133
473 328
485 88
103 61
129 125
290 457
260 414
202 458
203 238
73 279
35 386
243 11
307 481
450 200
475 19
224 163
197 272
311 50
496 326
285 387
285 316
126 426
313 194
19 292
440 165
110 410
265 344
105 428
49 272
414 451
363 228
474 56
273 5
467 238
410 393
463 336
283 300
95 190
436 73
240 67
498 13
208 151
184 427
229 2
367 384
391 3
440 15
196 135
430 66
84 483
24 37
261 460
441 405
9 155
186 444
236 5
185 93
311 82
200 3
187 442
320 228
385 490
51 249
442 57
270 312
133 84
270 166
192 55
489 453
102 439
431 322
261 154
321 197
249 485
374 341
108 144
68 320
227 145
326 323
427 89
85 337
344 197
323 215
94 86
421 497
129 92
326 415
272 122
430 460
422 214
173 201
144 93
218 457
428 433
266 387
359 252
13 345
391 364
379 102
421 54
32 309
99 334
130 311
200 118
254 257
346 136
57 109
172 260
333 394
325 57
327 338
354 220
357 237
101 156
110 365
19 495
289 277
21 145
88 492
30 16
62 35
152 190
181 219
188 242
181 466
177 246
448 342
220 205
344 211
46 307
142 472
468 151
81 237
188 305
292 409
436 357
34 21
319 287
238 434
195 109
474 226
105 491
123 31
111 462
463 24
109 87
352 145
415 468
40 72
388 347
320 432
40 416
35 163
255 246
43 134
159 147
144 219
121 155
301 320
464 310
40 318
298 397
78 61
262 450
124 73
409 120
192 417
119 54
28 33
336 10
403 379
360 496
487 50
314 489
434 64
448 496
54 223
114 441
497 264
489 125
163 213
134 75
372 51
352 232
330 240
460 287
46 192
322 299
421 170
375 404
385 12
292 442
359 387
164 139
45 23
218 1
480 369
274 374
495 481
22 46
118 445
277 212
3 225
418 132
468 498
24 164
238 363
400 148
107 496
235 464
176 44
66 433
151 135
316 358
461 38
14 7
431 178
489 384
70 418
110 69
407 296
192 211
126 267
324 62
241 430
252 339
204 120
221 111
288 454
41 265
317 320
107 75
274 427
369 128
101 297
254 403
271 345
446 351
140 52
172 206
113 55
444 114
432 118
428 111
32 497
187 294
441 185
187 482
282 325
344 482
119 403
375 497
77 10
39 385
133 448
87 293
405 308
126 474
449 338
457 437
172 310
150 168
10 187
472 274
165 248
338 107
269 25
384 489
399 202
444 476
492 42
367 314
38 498
34 313
133 49
140 35
328 67
273 38
391 39
223 246
26 412
451 179
329 300
496 356
457 276
268 140
266 383
193 328
156 241
400 282
280 5
329 246
232 498
195 494
450 184
158 389
16 54
104 446
136 94
246 453
194 359
15 102
209 485
3 179
208 99
6 177
346 424
258 410
75 166
82 20
400 31
454 74
229 55
407 339
479 168
392 125
114 207
293 479
408 388
231 484
359 179
72 154
89 458
95 154
478 473
147 199
362 113
0 443
70 261
282 448
300 221
367 271
126 57
429 0
175 24
288 303
149 240
319 428
196 113
457 200
309 391
138 3
148 82
389 490
316 397
55 469
47 454
389 440
8 278
400 146
484 262
220 287
465 213
75 358
196 342
416 17
95 321
383 446
413 74
139 145
365 367
360 21
211 313
353 236
77 380
307 151
475 322
235 171
122 4
135 396
392 344
110 66
368 498
40 229
224 29
396 82
210 141
485 487
141 497
100 365
401 390
6 114
346 115
130 93
13 442
389 468
130 253
380 493
54 238
183 449
268 136
158 357
401 225
56 497
21 209
111 437
110 394
165 119
391 462
401 211
379 296
318 98
225 236
14 72
430 383
75 132
323 400
496 469
83 455
314 406
3 305
464 2
98 297
120 202
345 16
229 310
78 287
483 427
33 392
267 238
349 229
213 316
144 149
53 131
284 52
47 443
383 393
292 429
64 387
387 63
48 61
334 5
385 40
201 98
364 481
223 374
275 466
163 473
199 75
456 432
498 413
279 492
434 388
36 473
208 125
250 266
272 226
31 185
308 186
324 425
245 307
498 447
248 361
274 119
214 26
33 321
302 327
177 323
49 253
28 293
140 338
296 347
235 430
248 268
425 402
53 291
343 220
68 208
408 117
148 206
130 439
156 187
468 381
361 240
128 411
195 342
232 261
413 197
488 165
315 354
194 140
210 250
488 71
259 359
202 29
65 7
478 111
279 311
164 102
106 310
113 317
107 186
488 357
64 38
79 40
55 215
467 228
11 279
247 50
152 41
306 259
111 82
430 186
407 472
471 313
333 196
225 60
192 212
498 360
159 420
468 193
460 131
333 238
393 281
100 190
289 456
8 22
107 262
340 35
45 44
54 180
158 301
413 260
248 161
125 365
289 374
121 497
114 26
230 467
373 275
219 256
474 437
25 450
128 461
127 37
406 194
4 432
396 236
484 250
69 250
483 498
56 119
421 188
368 494
207 158
33 329
267 454
130 372
162 59
301 258
18 263
156 233
333 390
202 329
226 185
366 314
448 307
283 100
426 226
265 10
462 27
127 107
357 338
273 16
113 294
282 110
116 19
113 321
82 453
220 147
49 102
287 246
338 49
51 4
370 403
470 351
99 414
486 46
60 437
150 239
205 127
363 196
206 227
98 368
251 463
139 409
400 436
361 34
450 313
25 473
131 46
468 30
115 93
246 242
201 446
36 108
306 71
294 241
442 177
34 458
327 270
290 91
480 203
14 374
491 312
224 203
13 157
195 122
259 83
462 289
272 344
415 478
160 14
467 38
412 339
290 197
347 449
445 341
440 2
225 332
293 172
406 195
454 150
74 314
222 113
303 429
211 186
5 365
112 48
190 169
406 493
49 435
381 161
186 471
193 358
404 319
340 193
495 18
448 199
35 406
3 370
51 125
216 243
75 499
354 282
129 19
234 145
207 401
409 408
189 430
71 216
401 20
14 155
403 89
282 410
460 59
244 147
71 300
120 460
421 205
211 63
300 192
420 160
316 255
377 415
296 477
143 125
153 80
189 239
456 414
294 266
296 329
50 80
179 365
104 240
48 65
418 245
43 96
226 40
142 73
481 487
252 29
417 230
162 266
67 23
205 421
251 344
393 103
384 214
380 384
56 363
145 470
356 190
298 336
173 351
245 367
238 399
463 191
496 384
51 201
317 23
368 419
44 246
141 431
471 78
386 30
322 176
371 9
21 459
159 151
69 249
211 452
51 386
79 112
42 247
139 308
497 278
289 167
61 169
190 51
487 39
298 266
273 494
319 0
56 357
249 174
197 208
284 184
247 363
281 265
208 64
150 155
24 315
446 167
268 414
258 286
379 135
260 432
343 232
192 499
69 277
137 39
410 158
19 104
84 341
415 446
381 100
107 412
11 26
14 93
196 247
132 111
220 197
290 412
205 280
199 175
9 359
205 249
31 266
88 469
374 220
411 45
214 48
454 370
479 263
161 9
179 78
397 177
282 496
58 251
260 188
222 247
433 318
21 346
340 13
177 415
261 310
248 334
86 157
219 237
45 248
178 233
92 219
215 364
333 66
497 209
294 466
232 374
406 156
143 121
207 255
245 440
376 254
248 389
182 212
140 281
208 290
354 415
268 140
347 187
282 312
386 104
12 483
413 468
420 1
237 406
300 236
26 489
15 229
30 274
267 238
371 85
234 403
391 267
464 309
396 12
355 372
283 194
464 130
92 68
31 359
221 452
370 124
70 21
410 210
96 241
119 483
308 280
486 482
475 423
493 230
495 110
334 130
173 430
365 307
427 464
331 306
498 390
363 146
64 484
449 461
348 133
130 309
186 344
471 67
68 239
264 288
419 212
126 314
24 288
58 489
107 10
480 306
183 169
443 411
120 159
126 494
258 27
435 409
123 341
126 329
235 93
337 54
366 96
212 474
193 391
165 444
130 67
131 419
396 141
352 394
95 444
108 183
135 385
229 74
381 388
443 210
179 212
317 225
417 315
297 218
21 193
82 103
111 2
67 2
141 19
161 195
150 339
27 479
8 293
428 201
137 105
7 166
128 476
75 273
386 341
121 414
437 341
398 29
387 112
409 159
113 125
210 279
494 378
58 26
223 427
280 205
194 320
376 317
195 322
371 67
415 30
317 313
332 434
101 52
376 400
149 4
254 482
309 370
235 378
261 245
220 376
86 277
373 404
327 473
303 156
468 425
258 222
275 101
458 409
316 117
440 115
227 138
127 492
233 329
223 167
69 213
78 109
481 11
186 333
354 13
300 240
360 251
477 147
155 75
51 48
86 388
478 429
111 39
30 162
497 383
37 278
402 371
472 92
490 185
103 290
266 459
194 119
273 441
119 480
82 219
175 492
440 321
284 154
214 272
201 493
40 497
332 50
434 304
252 212
329 268
445 421
244 215
399 92
10 35
262 211
445 173
237 182
304 482
353 27
155 266
119 94
105 463
189 450
368 430
411 108
399 25
432 284
212 284
50 99
70 95
424 417
0 482
187 475
201 61
245 48
47 124
157 260
118 19
116 219
78 129
259 214
332 63
416 240
482 240
350 145
233 242
57 375
197 82
478 408
319 76
222 133
55 334
226 298
299 491
275 316
68 300
406 479
22 433
43 186
235 308
72 239
217 351
432 210
77 215
472 353
31 76
315 480
475 208
243 45
70 252
137 38
161 220
89 299
67 312
227 436
337 121
171 345
310 424
481 317
155 74
150 240
29 99
140 75
156 13
371 293
184 433
40 467
458 437
492 185
391 477
384 135
209 0
484 289
379 100
217 470
194 236
73 198
401 119
204 374
15 61
104 420
402 172
447 269
41 10
221 278
87 318
414 186
383 71
193 7
214 111
57 379
178 376
230 202
21 85
480 322
86 49
248 396
286 22
28 96
282 306
63 440
489 247
174 452
477 44
402 478
53 190
26 41
39 94
488 42
180 247
202 368
313 373
143 429
80 27
134 444
491 311
256 337
368 186
59 21
318 74
177 180
426 231
198 229
139 391
257 470
319 247
487 485
298 446
296 58
248 322
228 379
307 290
249 178
168 93
297 151
460 448
10 448
375 38
68 143
407 335
227 458
22 490
277 264
148 63
341 300
113 462
253 284
487 95
24 290
414 324
181 176
263 329
196 461
287 214
401 141
331 158
87 464
289 370
277 111
91 22
382 186
263 106
248 340
109 230
376 332
346 71
421 235
270 272
98 64
325 203
490 337
12 482
461 475
441 456
468 277
398 143
323 244
337 452
99 339
359 70
91 321
97 470
159 182
481 152
44 101
489 314
323 495
200 16
14 64
437 158
237 244
336 16
293 139
340 5
96 485
133 284
249 361
496 229
355 467
230 411
95 270
241 283
19 399
451 93
174 371
98 370
424 425
74 267
440 38
56 158
394 487
300 2
239 404
18 372
167 207
473 459
62 400
263 301
78 116
74 410
397 37
369 457
297 431
332 218
82 430
101 409
414 54
460 413
282 197
9 117
419 0
440 185
224 15
293 325
176 284
354 439
282 164
207 112
442 170
163 256
238 131
293 220
450 90
482 488
347 231
399 21
383 457
130 488
259 163
434 5
124 42
304 108
135 259
427 38
431 382
128 207
15 186
292 435
147 466
161 471
438 428
304 45
398 206
438 277
334 112
338 325
141 454
368 453
195 427
208 270
204 353
497 345
27 207
344 190
10 103
180 226
278 436
332 144
344 21
122 231
141 186
174 244
290 356
33 327
189 87
397 149
53 371
77 23
293 335
19 313
209 12
259 173
45 190
194 224
156 65
482 253
39 260
469 413
233 63
34 178
113 8
91 465
481 403
104 111
468 64
97 125
453 273
47 187
96 257
262 254
276 344
131 423
86 355
346 374
397 343
312 156
182 350
257 334
310 358
449 178
347 213
419 117
373 153
216 313
327 53
102 47
487 161
181 416
158 456
158 462
281 333
374 322
208 283
287 231
476 143
184 308
246 220
4 103
38 464
32 85
37 172
472 297
74 465
218 40
136 271
415 220
46 92
218 209
495 260
421 328
162 99
274 3
238 471
189 454
26 404
200 291
366 412
480 234
134 73
84 348
132 491
314 269
246 430
79 283
380 443
483 93
430 9
144 102
492 48
3 14
469 410
336 435
88 317
429 478
45 379
143 1
250 48
255 370
306 43
275 338
140 376
258 445
317 49
249 434
378 427
180 211
281 102
347 422
376 9
496 199
283 100
456 228
482 335
66 306
238 122
236 42
279 405
305 470
135 424
31 471
79 321
170 275
371 397
143 463
155 112
69 46
7 44
484 139
214 274
468 335
198 323
39 424
149 358
388 269
201 103
114 16
109 474
214 320
230 155
438 133
334 138
295 268
154 271
17 234
196 363
295 63
47 136
225 372
387 193
337 150
383 352
136 81
87 431
325 117
109 458
321 206
452 303
384 65
424 345
174 400
460 157
192 185
132 290
112 164
208 316
88 72
35 131
394 169
85 329
69 460
247 222
260 24
275 84
415 77
319 283
343 61
105 143
266 421
317 93
17 491
402 333
158 454
130 438
218 17
128 281
291 295
99 284
492 276
441 43
359 111
353 100
405 484
245 323
111 365
440 79
99 240
405 33
140 34
357 212
249 352
330 275
117 224
358 40
221 468
298 14
360 397
137 448
182 363
5 462
451 154
351 278
378 54
341 284
410 307
289 334
219 151
352 411
302 69
45 368
436 143
52 294
485 265
97 66
258 306
389 399
41 234
212 139
313 101
4 318
272 386
33 364
152 159
95 148
490 172
148 495
218 115
69 468
254 133
278 400
153 134
278 19
426 422
11 461
420 382
176 170
134 310
166 193
64 450
359 160
236 423
3 417
8 203
228 146
325 106
406 495
112 354
417 403
129 124
261 162
40 428
173 84
1 362
15 12
374 495
126 279
84 451
2 211
288 499
134 259
401 213
87 48
274 416
178 282
393 232
171 4
406 418
66 270
99 165
497 286
357 425
93 173
121 413
293 314
427 400
75 235
347 45
66 160
45 278
395 157
138 261
235 459
48 209
453 289
360 52
159 487
13 174
435 448
427 279
134 148
287 495
496 90
173 497
424 223
131 52
254 230
98 488
185 389
57 79
403 41
441 413
242 484
307 69
434 452
95 405
120 175
183 137
167 315
320 414
319 51
349 381
125 446
22 305
234 222
163 440
435 93
486 10
156 69
485 213
489 117
156 457
202 157
8 122
77 184
142 447
307 191
317 58
275 435
462 399
128 209
294 2
426 97
21 248
81 435
396 325
340 199
103 440
134 127
425 5
80 82
97 287
472 465
259 298
114 133
382 348
459 73
187 420
356 259
347 54
477 424
3 428
48 165
131 45
277 243
58 384
276 425
231 328
341 199
124 201
72 193
67 155
1 492
492 276
236 159
448 32
411 425
151 351
318 242
118 287
426 306
144 240
292 291
277 467
388 257
229 456
128 461
413 175
130 112
21 473
152 324
294 354
64 421
195 202
38 95
494 20
488 163
474 489
229 443
439 449
146 463
134 264
478 361
367 79
195 148
106 482
156 468
422 31
305 474
335 459
430 499
131 493
319 345
214 463
413 277
246 473
148 145
221 178
9 236
209 349
123 6
270 10
147 31
227 390
163 191
424 365
8 209
163 67
103 296
253 338
33 10
73 98
228 194
208 378
115 48
87 211
217 172
298 118
149 348
156 181
126 475
401 84
141 435
444 356
489 339
235 316
75 467
133 14
315 256
20 445
261 235
127 75
478 328
428 301
343 470
490 291
339 232
15 62
188 193
240 214
381 479
150 466
251 131
436 79
106 337
237 262
321 291
474 316
453 482
423 430
268 444
179 129
420 195
462 190
386 469
100 344
221 178
444 119
26 90
285 449
362 494
302 409
113 122
167 20
342 57
262 46
216 188
55 406
116 191
282 333
119 100
387 4
442 297
127 201
47 404
323 438
295 288
29 237
281 13
485 207
349 369
415 335
249 451
414 231
386 408
423 98
65 30
248 3
201 326
319 234
461 149
64 220
413 414
56 135
256 349
15 82
253 18
88 42
118 162
46 8
99 441
270 30
300 159
74 376
391 114
89 85
412 97
97 289
134 77
281 196
267 207
74 494
150 345
207 457
91 438
447 79
395 248
123 236
217 100
468 299
131 330
1 171
291 109
13 187
492 490
312 472
478 9
377 430
417 1
245 345
251 96
465 356
482 396
322 148
159 233
186 76
359 323
247 308
60 121
0 404
484 348
164 465
316 394
76 67
16 450
91 148
412 392
482 226
42 175
13 174
156 479
498 109
112 147
382 283
382 260
310 255
371 125
358 298
37 396
427 113
391 468
64 326
227 480
73 371
27 272
98 110
272 81
368 407
10 349
43 95
32 12
295 376
334 494
330 288
238 111
48 176
44 25
161 270
79 440
395 13
325 84
465 467
323 388
421 37
216 176
196 134
349 8
414 319
191 445
175 279
247 70
29 439
7 152
341 143
411 22
97 308
343 313
267 271
336 325
176 321
438 395
147 404
74 348
382 169
68 477
460 442
175 186
202 337
11 428
303 83
164 66
118 254
222 311
368 117
216 144
95 302
272 471
360 156
348 61
29 445
120 343
239 414
114 39
23 260
167 41
184 284
97 57
196 259
421 384
450 158
328 170
349 286
233 53
210 195
466 213
114 309
55 215
398 41
80 384
407 470
70 4
86 494
324 284
447 211
373 149
83 279
363 239
53 170
162 270
104 363
234 111
13 139
419 342
236 148
150 221
187 165
216 420
30 66
173 420
19 410
138 85
19 105
119 66
363 413
381 0
339 337
331 498
387 269
195 458
272 487
308 285
450 216
391 119
429 85
277 25
76 313
398 278
401 42
259 274
247 40
82 377
293 140
154 417
488 434
257 354
107 220
3 446
147 412
223 49
409 467
405 5
459 345
464 206
135 78
381 186
192 53
391 485
159 429
321 332
221 339
60 122
279 468
140 53
333 407
10 132
310 186
301 379
59 348
479 398
124 154
357 475
299 57
495 199
17 195
149 357
188 284
242 366
310 11
38 227
64 322
480 453
65 487
322 490
469 135
162 169
36 384
145 287
52 357
18 316
145 87
355 78
461 398
385 265
216 145
378 311
280 128
417 274
383 181
42 113
213 268
452 34
161 396
122 67
467 432
292 128
157 64
345 252
379 476
263 101
294 10
380 135
439 430
275 11
24 133
173 454
127 409
194 416
162 443
268 14
56 436
456 272
9 270
458 374
168 180
54 164
78 69
152 283
165 135
217 177
394 25
5 368
307 70
30 477
475 429
105 465
93 57
408 100
47 153
147 457
235 413
221 356
262 354
330 22
251 102
259 8
252 23
268 98
290 50
325 224
315 238
284 60
53 285
213 56
399 418
210 213
282 182
454 343
23 270
2 484
318 436
196 399
410 446
262 422
286 356
198 83
149 270
492 300
458 98
75 437
170 369
363 297
420 127
178 32
461 83
432 478
378 353
163 385
496 252
112 87
257 305
443 363
288 125
26 59
372 157
158 266
29 88
380 165
381 373
20 302
420 109
435 364
383 450
159 137
384 375
243 456
345 275
310 198
215 461
128 6
310 269
466 462
114 132
81 354
464 274
97 301
41 63
180 350
273 202
136 475
108 334
364 183
372 285
465 237
447 294
46 414
262 430
164 63
281 406
391 367
56 479
414 454
405 352
217 179
55 289
224 457
384 111
216 171
311 227
437 254
246 468
331 351
209 305
247 279
142 20
171 84
248 73
297 279
497 461
478 193
466 327
91 188
496 188
472 434
77 338
406 80
392 340
480 340
381 462
17 37
493 294
475 60
450 313
330 273
256 391
239 139
467 315
261 407
3 6
46 160
151 201
402 353
491 184
452 372
107 440
349 292
185 79
92 12
92 145
227 489
155 426
355 232
8 342
175 415
341 346
219 350
14 272
62 356
230 121
188 150
422 158
65 315
129 434
302 188
10 26
217 401
233 48
282 50
258 156
478 300
238 145
460 140
315 295
134 386
213 243
208 240
61 65
141 400
315 410
455 395
59 497
379 118
374 332
110 447
192 121
190 222
423 414
267 259
223 392
222 330
174 457
378 423
114 107
9 169
89 437
154 56
240 476
254 195
89 339
155 482
96 249
123 387
389 308
97 150
158 495
26 267
187 379
338 100
375 165
32 310
468 213
343 89
375 260
8 499
453 297
179 2
169 24
380 104
467 329
161 297
62 79
265 257
121 42
319 64
134 452
36 201
177 3
300 325
37 255
114 331
107 289
282 71
161 215
434 337
321 95
68 440
357 95
416 46
443 366
361 446
42 375
443 46
190 430
154 322
191 114
119 406
359 381
107 55
474 314
337 25
481 365
459 195
461 405
342 465
221 187
427 439
5 98
57 127
65 199
334 333
439 438
145 479
191 81
144 473
153 9
160 110
416 386
217 365
8 216
413 245
116 183
230 328
25 155
125 330
286 210
213 342
499 457
228 144
111 118
216 447
452 215
67 337
0 105
401 15
293 366
133 322
58 148
190 188
166 453
47 275
250 401
142 205
128 101
167 175
118 259
406 367
31 40
339 176
261 432
391 368
373 400
99 192
236 188
112 470
152 361
49 36
57 161
266 472
66 302
248 62
32 401
364 496
402 392
395 287
416 167
231 154
175 203
483 40
259 51
245 326
258 158
211 387
199 371
192 275
19 23
70 44
422 215
290 343
243 498
67 184
19 221
238 229
419 337
199 27
409 60
411 433
183 158
407 391
13 228
401 364
121 186
158 221
285 174
180 409
492 121
423 110
44 115
412 421
298 254
89 165
460 16
14 412
201 395
38 318
340 384
281 241
72 428
211 313
361 486
382 178
356 192
155 24
70 428
342 419
315 91
333 148
27 209
116 237
295 467
44 408
334 147
436 216
487 30
276 242
206 181
330 149
246 363
256 170
228 472
316 287
169 492
401 116
147 272
52 146
272 155
495 131
487 154
431 158
396 347
334 174
143 467
66 375
379 108
201 443
399 499
367 140
327 60
272 189
307 42
382 304
311 417
316 94
246 450
81 68
215 55
313 384
373 50
64 254
321 73
65 175
166 42
179 345
98 323
459 131
29 21
71 346
339 350
396 199
480 339
289 284
120 321
242 47
433 417
474 147
262 65
426 119
355 22
102 412
326 185
284 487
487 99
321 189
448 495
243 237
450 140
303 469
484 11
340 256
199 1
458 168
71 52
390 322
344 141
484 19
232 435
86 490
441 457
274 83
296 270
189 272
465 458
36 28
154 150
428 151
217 400
427 209
382 134
283 178
470 213
95 104
347 314
107 357
127 80
95 187
23 274
138 123
170 383
439 84
96 447
436 218
146 141
365 209
467 258
379 112
417 431
336 206
222 74
129 386
74 241
98 104
482 270
450 19
167 80
242 36
94 406
84 313
51 84
311 430
144 161
480 368
282 81
432 11
170 117
157 55
467 394
243 327
427 306
210 16
292 114
321 131
258 188
361 285
127 66
206 130
148 263
45 331
16 361
43 398
369 414
376 60
64 76
86 349
427 417
304 408
283 17
96 414
294 270
81 155
93 118
375 277
301 205
385 408
124 430
80 347
120 271
383 146
398 349
288 336
186 122
91 50
1 142
327 260
191 299
6 436
117 262
381 371
214 66
119 340
21 327
217 326
190 174
131 151
449 150
221 478
132 382
368 320
404 257
473 472
336 429
2 428
381 392
393 172
293 53
207 426
407 182
57 305
331 427
54 345
450 370
322 272
477 432
447 312
89 495
75 381
47 253
288 275
323 32
271 208
459 69
388 370
97 138
289 238
120 92
438 4
34 321
288 349
354 243
247 340
450 414
54 330
91 238
24 351
184 427
94 267
313 178
258 437
178 334
364 458
488 287
228 338
60 24
271 59
242 186
134 488
358 78
431 221
395 381
258 316
214 235
142 163
35 315
342 176
195 139
253 9
144 13
127 444
16 494
399 281
201 145
389 67
147 358
414 492
116 268
10 278
393 350
16 492
167 255
260 119
254 104
498 328
4 13
120 57
185 336
328 251
41 0
1 384
370 356
284 105
15 419
379 242
2 465
350 210
356 315
494 369
113 248
161 366
487 355
483 199
209 278
137 364
115 6
225 306
137 190
466 132
82 307
91 205
191 165
381 102
319 163
332 145
494 411
60 96
313 485
454 253
199 276
11 15
438 170
437 308
128 11
237 210
208 96
348 436
398 116
496 344
75 86
174 447
138 442
201 284
107 195
315 198
102 348
191 392
275 483
265 262
285 25
52 433
219 348
422 224
439 25
498 95
82 45
30 119
182 374
62 65
160 168
461 295
498 205
477 28
125 378
280 429
245 360
61 323
367 179
332 202
23 10
314 135
207 365
113 321
45 479
426 324
300 118
377 171
126 190
145 188
387 46
309 81
226 155
227 109
334 195
184 318
393 82
106 404
434 418
169 106
50 367
375 320
123 375
391 199
220 193
164 460
472 113
198 480
265 366
321 335
481 87
256 70
286 307
89 328
108 171
403 441
293 149
272 39
108 71
194 63
304 254
255 349
39 368
242 5
110 304
487 363
321 409
61 297
3 486
229 303
364 367
380 97
320 407
115 122
83 262
230 50
278 312
84 389
400 258
170 478
77 424
28 251
461 463
496 13
233 370
18 129
301 132
431 321
422 220
120 200
398 74
259 456
328 189
447 101
356 285
99 237
65 403
198 432
244 12
368 282
18 91
460 158
173 236
23 411
410 370
377 303
385 203
8 485
83 283
422 72
441 483
264 148
303 120
417 249
211 417
357 157
313 303
223 283
322 490
11 126
267 477
96 83
316 99
418 354
468 458
448 132
351 434
444 14
468 460
307 10
487 342
71 446
3 267
380 134
156 76
349 246
21 260
74 337
434 70
14 499
177 21
202 431
246 92
373 441
410 448
321 387
482 365
89 187
420 331
214 223
327 137
204 414
358 8
124 460
43 450
78 26
105 220
86 360
498 10
446 229
72 53
253 178
220 128
246 347
244 100
418 439
380 256
217 343
150 419
385 108
179 259
189 272
402 35
325 405
57 106
213 115
342 58
344 302
132 272
55 158
253 426
467 99
283 33
175 489
412 250
351 130
60 499
410 461
341 406
379 481
191 486
306 62
166 9
442 317
419 159
444 468
103 442
286 490
161 134
355 266
1 411
212 303
458 97
484 101
17 36
198 96
161 378
183 476
307 39
412 30
366 217
126 328
293 205
25 85
40 319
360 261
476 395
302 251
239 436
430 33
306 416
104 68
268 229
434 28
18 462
93 437
417 272
452 110
216 359
373 412
440 322
416 130
334 427
34 178
385 338
320 184
181 326
273 200
330 10
454 26
166 262
127 346
273 437
363 315
333 36
70 351
425 143
422 251
369 257
79 102
39 27
316 25
359 458
340 72
438 303
304 216
318 294
318 142
136 312
57 151
487 184
219 497
450 5
45 348
271 465
313 162
481 134
107 324
411 241
32 41
309 236
188 395
317 125
74 329
487 465
295 104
213 350
90 353
365 264
84 426
388 65
48 459
307 15
57 115
194 435
154 271
166 394
389 407
153 344
246 365
301 179
375 44
161 193
389 168
10 188
181 276
115 67
248 34
479 288
73 417
390 142
233 490
178 277
231 90
407 487
155 51
34 108
318 363
442 198
78 239
374 214
24 151
145 134
283 302
396 3
191 217
410 290
365 343
101 110
320 442
80 156
96 49
271 322
433 453
38 119
116 445
349 100
319 423
193 40
409 205
494 164
385 133
398 103
320 444
433 57
212 186
138 279
460 485
206 301
185 403
355 377
190 95
76 481
217 69
357 371
138 151
139 370
138 385
75 435
343 68
38 457
199 419
128 445
22 371
22 379
3 433
491 322
424 452
106 172
293 255
96 297
168 443
18 76
316 397
149 8
213 145
116 135
365 231
172 308
53 434
114 202
473 479
57 453
352 373
131 382
230 469
403 498
68 202
237 296
90 333
174 237
450 126
497 231
95 257
278 499
271 145
99 207
120 123
68 41
265 55
422 380
114 1
197 125
142 394
87 233
211 3
406 37
102 305
331 263
442 133
72 134
354 286
8 11
229 69
45 337
138 56
127 141
453 281
475 406
145 485
141 214
331 150
166 232
103 74
248 271
260 405
418 35
381 325
5 301
104 176
91 460
235 422
133 44
5 479
196 421
330 33
336 196
131 337
494 438
257 439
176 384
429 264
273 276
268 24
386 147
79 270
265 312
471 268
310 93
294 20
413 458
312 35
211 136
343 53
5 480
159 378
115 111
195 15
39 119
277 332
451 386
368 187
279 7
219 299
458 153
142 202
231 311
201 67
110 252
181 414
38 308
6 419
469 165
104 64
238 484
422 50
384 350
26 132
116 249
285 350
423 239
343 189
387 461
359 102
463 398
366 306
228 214
480 200
310 323
143 489
164 449
211 259
453 348
16 473
274 145
445 360
198 145
433 385
468 235
46 128
76 474
198 386
80 63
245 248
0 419
197 46
21 491
307 312
25 150
326 464
403 31
315 304
216 346
466 227
400 436
465 191
440 390
74 189
69 254
360 339
376 92
373 3
283 252
104 61
441 139
114 408
386 185
340 215
489 202
5 331
144 147
204 339
44 35
254 38
76 415
414 470
143 70
456 76
11 153
17 365
24 270
361 497
33 432
386 232
491 453
267 326
430 34
444 264
239 139
115 233
221 147
396 103
484 154
450 300
369 470
3 423
296 280
239 456
150 330
278 64
475 110
162 58
2 321
364 494
361 471
274 270
213 313
465 141
85 228
61 25
423 143
486 221
35 293
453 147
44 17
498 60
469 393
417 77
43 419
449 476
12 447
48 243
361 370
215 31
352 3
43 356
184 394
486 204
454 347
360 125
259 52
418 364
178 83
417 492
101 449
258 74
146 468
325 368
463 491
421 481
213 117
177 448
191 468
246 263
93 462
303 344
438 379
392 336
497 328
156 232
293 297
59 390
448 135
306 41
165 304
77 449
171 251
318 177
333 154
297 143
42 363
233 400
359 202
432 31
379 238
336 227
391 211
499 229
102 234
488 308
179 330
400 190
460 43
16 332
362 190
425 293
5 179
7 396
352 9
183 86
144 429
228 225
15 69
252 141
393 69
360 85
172 303
195 496
128 355
157 221
475 363
109 404
331 163
495 192
410 417
189 453
496 478
237 96
51 426
88 359
31 359
223 458
280 214
463 41
423 68
295 473
217 266
394 262
392 468
359 85
262 227
170 183
152 12
62 157
105 269
359 44
207 263
450 447
446 467
297 122
496 332
99 385
311 315
102 232
403 140
396 281
235 497
357 233
453 275
252 437
252 309
412 297
318 357
174 243
29 134
112 345
225 28
257 455
425 365
182 1
269 249
273 387
421 450
356 146
65 254
68 345
244 187
164 436
199 377
304 258
237 265
408 261
389 233
12 155
267 214
167 178
195 333
270 39
262 151
416 259
398 263
325 159
406 192
317 469
263 480
102 381
119 289
99 128
391 135
321 101
171 324
495 202
99 130
84 490
428 89
293 100
416 488
328 133
130 273
125 123
103 136
116 63
278 202
188 350
169 253
369 383
282 143
421 190
480 355
477 419
415 20
154 406
331 457
361 178
234 409
120 445
168 166
456 426
26 164
132 213
273 399
242 170
86 345
132 61
215 383
496 378
485 55
275 369
103 496
370 207
167 80
84 422
231 350
190 75
47 226
477 471
369 446
255 18
161 108
378 348
163 292
280 482
470 439
273 340
486 48
269 131
382 348
325 135
432 374
134 499
106 382
98 142
178 134
242 403
278 91
81 65
145 95
333 111
36 469
67 233
166 100
410 156
300 129
60 222
74 90
55 106
15 248
9 394
455 497
125 454
415 272
299 145
51 461
153 218
307 44
68 365
365 473
409 283
11 225
166 94
473 476
375 405
68 305
393 257
142 110
100 216
349 239
47 282
89 309
463 220
368 413
77 387
231 498
436 455
92 402
266 323
412 128
328 82
20 281
29 129
473 70
173 201
319 141
8 168
202 415
165 149
321 136
455 378
464 40
66 310
209 116
207 46
156 426
328 177
479 422
141 377
144 314
152 338
233 453
82 439
274 164
478 369
433 6
30 255
292 385
102 215
279 113
468 199
263 92
275 83
97 135
420 212
190 56
12 253
441 141
128 363
301 11
11 185
9 217
258 445
472 397
330 363
268 87
109 13
308 242
332 482
141 361
158 434
371 179
97 313
367 333
369 206
50 383
132 400
141 447
237 210
188 57
331 102
2 189
313 284
53 102
48 43
16 99
444 409
334 414
345 222
18 126
323 292
13 166
61 237
419 130
122 393
441 345
65 169
287 342
167 255
212 144
297 331
393 115
120 206
318 67
480 305
54 385
267 106
488 120
212 160
334 115
460 333
51 489
280 39
340 86
38 245
124 204
16 178
327 346
95 146
453 320
3 448
331 323
159 118
482 379
179 65
247 355
443 175
349 231
159 237
477 184
145 207
284 91
188 26
29 352
463 109
430 360
339 166
224 439
186 272
402 313
251 188
205 396
39 240
134 349
272 243
222 138
471 1
264 423
47 195
101 300
364 473
370 75
98 298
407 69
169 6
347 427
94 359
393 121
0 333
357 360
224 325
322 280
392 64
277 442
454 48
425 480
143 42
18 28
140 10
74 360
380 449
142 424
241 226
395 269
478 184
385 410
183 199
17 126
482 461
269 496
163 384
442 159
111 140
5 130
97 35
470 330
310 389
223 449
103 72
19 192
342 191
77 259
422 105
163 297
247 146
413 423
304 15
493 450
275 391
409 145
278 83
14 367
425 347
115 79
143 387
32 425
415 433
148 472
187 329
68 282
88 191
7 16
376 65
39 122
147 172
93 373
181 144
338 336
9 10
153 390
125 22
384 334
275 253
375 365
184 77
143 107
242 182
326 382
260 148
484 282
255 325
352 184
298 206
132 63
279 422
284 67
330 347
176 358
395 242
381 325
315 317
313 375
17 174
166 159
66 154
188 229
49 41
451 248
413 259
225 442
195 132
358 147
205 159
429 84
377 410
252 227
112 30
429 293
52 235
331 392
266 197
497 184
456 377
255 354
107 195
144 26
252 38
188 306
59 361
134 4
301 207
372 307
299 474
72 373
64 54
434 52
164 194
24 395
153 122
362 44
315 265
323 275
261 77
298 41
444 334
87 251
159 93
325 61
123 309
23 9
393 133
195 271
484 353
342 224
331 294
333 200
199 175
186 498
141 198
165 262
115 32
415 259
212 139
291 204
358 296
457 265
138 83
188 268
151 215
213 413
499 290
203 42
227 126
267 455
171 83
269 225
129 226
269 290
89 22
260 314
289 176
231 446
125 120
337 246
128 439
312 228
189 235
14 208
412 278
172 137
100 312
274 24
134 299
142 190
112 217
187 218
141 340
222 177
281 398
218 198
90 466
443 137
348 111
241 311
53 192
323 497
66 494
351 420
487 142
275 54
467 13
246 402
223 184
399 115
116 213
451 329
339 280
435 33
36 45
64 427
421 392
195 72
311 310
119 468
353 469
228 55
155 243
251 422
124 134
385 173
269 18
31 374
493 456
62 479
355 191
341 394
175 354
5 126
378 213
486 163
256 34
426 70
284 347
318 51
358 436
414 38
265 381
67 435
234 395
7 117
76 154
350 40
485 70
342 219
273 306
112 425
338 214
469 16
202 448
386 47
211 257
2 27
263 394
155 298
375 241
21 288
387 217
10 91
386 8
335 126
244 77
90 368
417 141
381 371
388 210
185 97
289 180
283 322
282 68
305 63
326 152
203 279
393 56
66 132
254 37
230 97
53 283
308 332
255 409
226 110
224 51
339 102
401 143
15 454
333 210
391 220
128 357
280 360
291 54
383 137
29 42
5 311
185 192
35 330
250 209
230 497
358 416
320 250
362 29
205 62
416 198
443 104
462 389
308 357
12 492
153 205
131 342
122 465
118 113
256 395
216 92
61 430
178 328
95 498
269 283
430 427
6 204
327 170
291 155
22 361
310 283
27 306
97 395
428 496
432 389
116 405
148 370
160 165
321 488
296 140
293 418
131 360
453 105
464 258
60 294
98 421
164 109
411 388
87 63
423 341
286 168
326 192
219 39
494 374
460 346
132 449
427 160
257 397
171 17
356 153
299 25
242 34
218 437
316 445
267 1
474 493
383 387
68 87
64 188
23 26
483 482
477 205
12 433
256 194
151 483
207 242
455 179
267 357
22 258
224 467
21 490
16 240
269 289
469 225
159 336
488 366
44 23
177 2
405 409
411 30
17 327
90 364
457 84
100 200
266 83
81 17
455 134
444 411
144 212
330 42
115 413
39 202
31 213
129 191
346 284
26 11
383 310
404 481
411 331
222 223
432 244
21 15
23 426
28 352
257 84
226 452
487 356
149 136
273 197
341 158
336 43
216 399
332 462
138 58
69 178
79 340
118 188
61 72
340 358
122 204
78 28
127 283
50 449
175 397
462 486
3 363
309 466
124 29
283 5
110 108
182 446
168 271
59 450
240 267
371 466
345 288
401 110
430 165
340 334
446 146
292 212
498 424
136 286
443 77
425 493
211 10
245 239
89 443
393 104
62 465
168 459
283 300
411 140
5 84
108 295
80 231
461 56
110 129
366 141
231 461
227 189
137 218
146 46
312 243
214 306
384 249
490 317
32 35
349 195
73 120
325 212
166 250
14 365
129 485
442 247
105 291
289 258
471 108
19 414
455 169
184 399
425 326
35 113
3 20
125 84
149 96
282 426
155 353
299 214
231 392
34 455
499 178
40 332
138 392
13 339
492 443
112 393
401 481
17 184
370 181
398 332
285 92
247 56
320 108
426 73
438 1
50 392
56 396
148 38
445 271
18 234
495 209
491 153
360 314
75 1
435 30
178 2
428 127
50 126
76 418
124 71
408 167
135 474
123 388
40 21
25 269
225 199
2 20
151 137
346 83
28 327
453 14
260 59
190 42
230 282
213 338
416 483
127 401
313 35
188 214
175 291
287 50
46 63
334 220
404 119
457 333
353 232
476 362
296 336
214 178
279 335
231 285
286 143
303 223
350 286
470 175
284 42
290 249
205 281
0 392
338 326
305 206
194 88
386 109
120 471
27 146
191 265
125 204
401 35
436 425
358 331
388 483
333 173
258 478
278 10
46 363
258 462
490 422
342 101
128 465
422 404
220 45
415 244
95 460
333 20
127 183
64 95
380 41
183 25
229 317
41 421
495 116
148 6
327 215
219 393
227 103
45 165
40 350
454 194
31 16
61 301
9 322
496 474
199 429
428 417
246 305
345 15
331 237
310 38
405 455
478 300
58 497
224 349
93 153
125 254
389 179
161 104
408 223
313 117
22 178
395 256
487 112
37 50
187 395
309 443
202 487
336 65
199 197
27 55
317 329
310 464
391 4
476 114
42 108
441 294
360 492
384 36
370 463
92 252
276 50
228 277
321 491
233 6
437 237
157 60
152 470
383 290
202 406
211 258
28 486
61 81
162 141
364 484
452 419
41 19
217 176
289 404
387 16
388 439
132 381
484 58
345 151
279 4
309 336
121 261
87 220
380 228
403 278
459 305
407 240
472 362
341 288
208 499
461 191
126 20
230 1
198 433
460 301
266 451
171 41
261 67
6 73
53 458
283 315
5 371
29 360
141 82
360 54
79 314
116 489
410 127
192 104
209 120
392 405
339 361
430 96
406 334
337 275
130 339
65 368
180 464
33 494
79 53
80 113
79 208
261 38
367 303
422 182
104 299
269 473
137 68
67 27
326 433
445 66
193 388
31 424
115 189
291 228
358 402
310 260
304 171
240 160
230 221
394 366
24 146
387 132
143 291
12 166
65 328
386 48
2 335
423 233
325 381
284 492
223 345
346 153
19 388
268 55
421 47
339 231
106 438
246 250
294 360
207 108
364 365
163 115
137 344
475 133
437 257
118 268
354 437
327 344
308 452
258 372
206 277
308 32
442 133
259 476
210 252
44 429
160 436
201 299
279 203
89 15
453 359
129 171
212 59
6 288
321 373
47 46
342 199
439 495
228 31
492 27
422 447
497 11
140 388
460 124
57 385
7 105
95 41
499 61
364 404
392 276
493 166
227 11
458 52
432 242
117 236
459 118
48 364
226 14
479 215
98 367
431 489
193 377
11 41
221 413
78 438
372 324
105 36
444 185
340 152
5 57
249 166
446 248
74 76
67 382
419 68
241 67
415 309
234 168
315 91
219 436
295 23
128 39
433 93
427 214
61 176
96 184
407 93
450 96
152 173
488 456
282 457
216 251
471 0
487 274
185 496
63 40
280 178
275 240
422 218
