35 60
1 16
1 32
1 33
1 34
2 3
2 7
3 8
3 12
3 13
3 18
4 0
4 6
4 30
5 10
5 11
5 15
6 10
6 32
9 7
9 16
9 24
10 22
10 32
11 21
11 22
12 6
12 16
12 25
14 24
15 2
15 28
15 34
16 5
18 11
18 17
18 29
19 5
19 20
20 15
21 5
21 22
22 2
22 10
22 13
23 17
24 19
25 13
26 11
27 15
27 23
28 5
29 8
29 13
29 18
30 32
32 23
33 28
34 10
34 20
34 31
200
27 28
27 7
29 28
15 9
22 1
32 27
20 23
20 28
1 16
32 7
32 8
15 24
0 25
18 9
3 8
15 9
18 29
13 16
32 21
4 34
28 5
19 10
27 28
31 33
13 4
20 4
34 3
14 3
6 11
21 4
5 21
12 32
32 3
6 34
14 22
27 4
23 31
33 25
26 14
21 31
9 33
8 17
29 32
6 13
15 29
9 24
25 28
33 4
32 22
32 21
24 17
28 14
32 14
27 33
21 26
25 2
23 3
3 18
20 19
4 28
26 4
1 11
0 17
20 29
5 21
1 9
26 30
16 3
8 25
23 21
15 19
21 22
17 7
9 11
27 4
20 16
26 17
18 25
25 31
12 11
34 5
17 2
0 23
23 30
22 14
4 6
27 10
30 6
19 17
26 5
6 0
5 16
7 13
28 16
8 6
8 29
18 8
2 31
13 28
12 26
4 22
17 2
20 3
23 14
27 32
23 21
28 7
24 26
25 30
15 28
19 31
10 5
19 24
33 13
9 26
14 7
29 11
24 11
32 18
25 24
19 10
8 7
0 28
21 17
5 19
18 12
1 29
7 16
11 32
21 17
29 21
12 32
18 0
33 15
23 5
22 34
13 26
7 6
3 14
25 24
2 33
16 11
21 23
20 25
29 32
26 18
26 28
1 27
17 8
2 17
33 9
15 13
34 29
9 31
34 21
6 23
15 8
22 13
1 14
14 3
13 29
0 21
3 29
31 27
3 29
22 21
20 29
30 28
33 7
19 17
10 21
26 25
18 22
3 0
31 2
4 20
31 2
12 32
18 21
0 14
11 25
22 19
20 12
32 20
27 18
32 27
24 30
22 7
23 18
3 28
0 15
29 9
13 15
2 24
30 23
23 18
18 9
21 20
12 33
15 7
