54 143
0 6
0 10
0 32
0 42
0 43
0 48
0 53
1 5
1 15
1 23
1 30
1 31
1 41
1 50
2 4
2 24
2 41
2 50
3 5
3 10
3 38
4 9
4 11
4 14
4 17
4 27
4 29
4 40
4 53
5 15
5 19
5 20
5 34
5 37
5 38
5 39
5 41
5 50
6 14
6 15
6 18
6 19
6 43
7 14
7 27
7 37
8 24
8 27
8 29
8 42
8 48
9 12
9 15
9 17
9 25
9 37
9 46
9 53
10 17
10 20
10 27
10 42
11 26
11 45
12 20
12 24
12 33
12 52
12 53
13 14
13 29
14 27
14 45
15 25
15 27
15 39
15 45
16 48
17 30
17 33
17 42
17 46
17 52
18 34
18 37
18 41
18 46
19 29
19 30
19 50
19 52
20 30
20 44
20 46
21 33
22 51
23 35
23 50
24 36
24 49
25 33
25 36
25 49
26 35
26 39
27 29
27 33
27 48
27 51
28 33
28 35
28 36
28 37
28 39
28 51
30 43
30 53
31 33
31 40
31 42
32 41
33 50
34 38
34 42
34 45
34 53
35 42
36 45
36 52
37 41
37 43
37 48
37 52
38 39
38 40
38 45
38 52
38 53
39 43
39 51
40 48
41 47
43 48
