93 284
0 1
0 59
0 85
1 18
1 51
1 58
1 67
1 81
1 86
2 6
2 20
2 50
2 63
2 66
2 70
3 10
3 39
3 61
4 25
4 28
4 54
4 75
4 82
5 7
6 22
6 52
6 55
6 62
6 81
7 15
7 46
7 57
7 66
7 76
8 13
8 25
8 26
8 53
9 11
9 18
9 27
9 36
9 42
9 45
10 11
10 30
10 38
10 53
10 79
10 81
11 16
11 20
11 22
11 23
11 48
11 49
11 53
11 70
12 14
12 27
12 34
12 36
12 77
12 80
13 17
13 60
13 63
13 91
14 44
14 62
14 81
15 37
15 57
15 69
16 17
16 27
16 45
17 32
17 38
17 45
17 55
17 63
17 78
18 32
18 63
18 66
18 72
18 77
18 81
18 88
19 27
19 29
19 32
19 35
19 40
19 42
19 59
19 74
19 78
20 25
20 34
20 35
20 36
20 84
21 38
21 40
21 58
21 83
21 87
22 27
22 31
22 36
22 45
22 51
22 70
22 86
23 35
23 37
23 40
23 44
23 55
23 61
23 67
23 73
23 84
23 87
23 90
24 36
24 38
24 39
24 72
24 83
24 90
25 42
25 44
25 53
25 60
26 38
26 73
26 80
26 86
27 74
27 79
27 83
28 32
28 43
28 46
28 55
28 68
28 85
28 92
29 53
29 54
29 58
29 72
30 34
30 39
30 58
30 59
30 69
30 78
30 86
31 32
31 44
31 62
31 64
31 83
32 37
32 40
32 44
32 63
32 83
32 88
33 38
33 79
33 86
34 35
34 58
34 70
34 72
34 80
35 42
35 51
35 68
35 73
35 74
36 44
36 47
36 49
36 50
36 62
36 90
36 91
37 45
37 53
37 82
38 91
39 48
39 54
39 68
40 45
40 72
40 86
41 55
41 86
42 48
42 77
42 86
43 45
43 67
44 46
44 53
44 86
44 91
45 47
45 50
45 53
45 91
47 48
47 73
48 50
48 53
48 64
48 77
48 82
49 55
49 91
50 55
50 66
51 78
52 55
52 63
52 91
53 60
53 61
53 91
54 62
54 66
54 74
55 61
55 69
55 82
55 92
56 57
56 63
58 62
58 74
58 75
58 89
59 61
60 61
60 64
60 80
60 83
60 91
62 80
62 88
63 79
63 92
64 90
65 87
66 67
66 88
67 71
67 73
67 87
68 77
69 71
69 78
69 79
69 90
69 91
71 88
72 88
73 80
75 88
77 92
78 79
78 82
81 82
81 84
83 87
87 92
88 89
