303 935
0 1
0 68
0 169
0 209
0 211
0 247
0 291
1 38
1 70
1 81
1 293
2 38
2 55
2 57
2 71
2 104
2 111
2 132
2 190
2 242
2 253
2 260
2 296
3 38
3 57
3 79
4 44
4 73
4 126
4 127
4 290
5 99
5 129
5 208
6 32
6 73
6 152
6 153
6 235
6 236
6 254
6 272
6 295
7 16
7 20
7 84
7 97
7 114
7 117
7 137
7 188
7 211
7 279
7 300
7 301
8 12
8 29
8 200
8 215
8 231
8 266
9 156
9 211
9 293
10 128
10 190
11 89
11 117
11 147
11 170
11 218
11 298
12 42
12 84
12 91
12 151
12 165
12 191
12 273
12 284
13 90
13 173
13 222
13 227
13 288
14 58
14 88
14 128
14 207
14 208
14 242
14 290
14 299
15 24
15 146
15 164
15 178
15 205
15 210
15 215
16 122
16 124
16 207
16 235
16 244
17 69
17 129
17 138
17 154
17 197
17 208
17 216
17 230
17 232
18 63
18 162
18 220
18 234
19 53
19 68
19 91
19 129
19 172
19 184
19 193
19 222
19 230
19 247
19 288
20 104
20 113
20 234
21 215
21 226
21 238
21 250
21 294
22 29
22 96
22 227
22 242
22 284
23 63
23 102
23 157
23 163
23 188
24 25
24 81
24 112
24 155
24 170
24 172
24 173
25 178
25 221
25 272
25 298
26 31
26 60
26 66
26 139
26 177
26 193
26 233
26 290
27 46
27 66
27 68
27 79
27 162
27 195
27 196
27 200
27 226
27 261
27 262
27 273
28 38
28 99
28 109
28 211
28 262
28 277
29 77
29 142
29 186
29 200
29 203
29 204
30 58
30 181
30 191
31 35
31 49
31 112
31 138
31 172
31 190
31 210
31 250
31 278
32 45
32 79
32 92
32 150
32 227
32 229
32 244
33 50
33 52
33 67
33 81
33 115
33 197
33 206
33 239
33 268
33 299
34 39
34 71
34 93
34 113
34 140
34 211
34 247
34 250
34 280
35 115
35 143
35 163
35 183
35 203
35 228
35 267
35 302
36 54
36 58
36 68
37 39
37 68
37 84
37 97
37 225
38 126
38 257
39 202
39 215
39 301
40 56
40 174
40 179
41 142
42 166
42 186
42 201
42 297
43 157
43 274
44 71
44 249
44 261
44 267
45 87
45 100
45 195
45 217
45 248
46 56
46 134
46 275
47 68
47 87
47 93
47 107
47 180
47 302
48 99
48 110
48 125
49 110
49 146
49 181
49 187
49 190
49 215
49 277
50 58
50 105
50 146
50 148
50 231
51 126
51 132
51 172
51 175
51 206
51 238
51 247
51 261
52 91
52 108
52 147
53 145
53 176
53 203
53 287
53 292
54 166
54 245
54 267
54 273
55 102
55 222
55 237
55 285
55 300
55 301
56 69
56 72
56 117
56 167
56 300
57 119
57 152
57 253
57 260
58 62
58 78
58 91
58 121
58 131
58 225
59 66
59 131
59 173
59 266
59 274
60 109
60 180
61 90
61 221
62 196
62 297
63 180
63 237
64 119
64 186
64 207
64 218
64 236
65 79
65 92
65 112
65 175
65 251
65 277
65 291
66 128
66 189
66 220
66 247
67 228
68 161
68 301
69 72
69 88
69 91
69 169
69 191
69 231
69 265
70 85
70 153
70 159
70 179
70 190
70 239
70 254
70 267
70 298
71 102
71 160
71 173
71 194
71 239
72 79
72 109
72 112
72 125
72 130
72 147
72 168
72 172
73 234
74 75
74 108
74 114
74 125
74 126
74 131
74 191
74 292
74 302
75 145
75 149
75 171
76 122
76 175
77 116
77 166
77 219
77 269
78 139
78 160
78 186
78 214
78 234
79 153
79 188
79 191
80 101
80 175
80 199
82 103
82 168
82 218
82 264
82 291
83 105
83 135
83 207
83 281
83 284
84 92
84 104
84 108
84 151
84 258
84 261
85 129
85 206
85 214
85 259
85 269
85 297
86 149
86 243
87 88
87 90
87 105
87 189
87 208
87 263
87 298
88 142
88 146
88 222
88 241
88 301
89 112
89 138
89 196
89 244
89 293
90 175
90 206
90 215
90 251
90 257
90 296
91 144
91 170
91 204
91 243
91 291
92 99
92 150
92 180
92 281
92 297
93 119
93 149
93 182
93 199
93 212
93 216
93 240
93 250
93 261
93 288
93 299
94 122
94 151
94 185
94 283
95 99
95 102
95 173
95 258
96 116
96 183
96 242
96 258
96 284
97 175
97 190
97 210
97 218
98 120
98 143
98 203
98 256
98 268
98 278
98 294
98 297
99 120
99 162
99 281
100 203
100 215
100 242
101 193
101 253
103 111
103 214
103 253
104 128
104 284
104 286
104 301
105 177
105 217
105 239
106 208
106 276
107 188
107 230
107 235
107 291
108 251
109 158
109 250
109 254
110 119
110 163
110 172
110 228
110 265
110 296
111 131
111 141
111 220
111 235
111 256
111 296
112 124
113 191
113 242
113 259
113 266
113 283
113 288
114 119
114 276
115 125
115 134
115 139
115 147
115 149
115 191
115 299
116 164
116 293
117 157
117 205
117 219
118 148
118 224
118 254
118 273
119 141
119 148
119 201
119 233
120 125
120 143
120 152
120 162
120 187
120 248
120 287
121 137
121 223
123 172
123 237
123 267
124 173
124 216
124 247
124 302
125 201
125 230
125 266
125 276
125 283
126 133
126 149
126 159
126 170
126 236
126 240
127 128
127 134
127 145
127 148
127 175
127 225
127 269
127 271
127 298
128 135
128 156
128 214
129 156
129 276
130 212
130 218
130 222
130 224
130 259
130 285
131 135
131 136
131 203
131 254
132 151
132 232
132 239
132 266
133 185
133 195
133 201
133 209
133 261
134 204
134 263
135 168
135 196
135 277
137 195
137 210
138 284
139 206
139 241
139 245
140 232
140 238
140 269
141 165
141 181
141 190
141 209
141 215
141 270
142 196
142 221
142 232
143 214
143 230
143 240
143 251
144 158
144 163
144 187
144 197
145 203
145 218
145 224
146 178
146 180
146 224
146 284
147 204
147 209
147 254
148 204
148 212
148 235
148 253
148 260
148 273
149 185
149 190
149 213
149 254
150 215
150 238
150 243
150 299
151 219
151 262
152 185
152 217
153 168
153 174
153 263
154 157
154 189
154 200
154 254
155 183
155 215
155 271
155 290
155 295
155 300
156 158
157 186
157 281
158 186
158 191
158 224
160 176
160 181
160 203
161 209
161 221
161 241
161 298
162 225
162 230
163 240
163 270
163 276
164 177
164 196
164 227
164 230
164 278
165 264
165 280
166 288
167 189
167 240
167 262
168 171
168 268
170 238
170 244
170 252
171 245
172 206
172 285
173 177
174 181
174 195
174 231
175 210
175 217
175 288
176 217
176 248
176 250
176 254
176 272
178 203
178 226
178 242
178 291
179 188
179 206
179 294
180 196
180 201
180 221
181 223
181 229
181 247
181 287
181 300
182 243
182 290
183 239
183 281
185 221
185 242
185 274
185 283
186 213
186 266
186 292
187 231
187 292
188 196
189 285
190 205
190 220
191 200
191 232
191 292
192 265
192 272
192 289
193 272
194 200
194 222
194 232
194 298
195 279
196 209
196 275
196 288
196 300
197 220
197 224
197 275
198 288
198 293
199 222
199 275
200 214
200 256
200 264
200 291
200 298
201 228
201 273
201 276
201 281
201 296
202 213
202 244
202 270
203 249
204 301
205 227
205 286
206 281
206 298
207 236
208 267
212 242
212 272
214 231
214 295
215 219
215 264
215 294
216 233
216 273
216 297
216 298
217 261
217 277
218 293
219 232
220 267
221 232
222 235
224 229
228 256
229 251
229 263
229 273
230 266
230 281
231 266
232 287
233 243
233 249
233 270
234 278
235 240
235 256
235 261
236 299
238 251
238 285
239 257
239 258
239 279
241 266
242 279
243 267
243 281
245 258
245 291
246 262
246 274
247 255
247 256
248 254
248 300
249 277
250 265
250 286
251 268
252 261
252 278
254 290
255 266
255 285
256 265
256 285
257 277
257 281
257 288
258 267
259 287
260 273
262 275
265 266
266 275
266 282
267 280
268 291
269 278
270 273
270 300
271 299
277 286
277 292
277 300
279 291
279 293
280 283
280 298
285 296
287 302
293 302
296 300
297 301
299 301
