503 1547
0 177
0 202
0 241
0 301
0 380
1 49
1 57
1 71
1 89
1 157
1 174
1 366
1 403
2 21
2 70
2 134
2 142
2 165
2 179
2 213
2 300
2 332
3 39
3 129
3 239
3 437
3 463
4 232
5 20
5 127
5 162
5 243
5 313
5 321
5 332
5 363
5 411
5 437
6 22
6 45
6 46
6 362
6 414
6 478
6 497
7 77
7 282
7 470
8 91
8 112
8 324
8 384
9 41
9 76
9 80
9 97
9 105
9 148
9 212
9 250
9 251
9 299
9 311
9 341
9 394
9 472
10 20
10 38
10 167
10 205
10 488
10 498
11 19
11 41
11 82
11 86
11 136
11 137
11 194
11 316
11 471
12 31
12 131
12 165
12 241
12 409
12 471
13 31
13 52
13 228
13 238
13 409
13 462
13 497
14 22
14 110
14 237
14 292
14 309
14 376
14 410
15 222
15 363
15 440
15 489
15 491
16 65
16 135
16 140
16 194
16 447
16 457
16 468
17 128
17 135
17 137
17 256
17 306
17 376
17 472
18 196
18 203
19 28
19 76
19 148
19 158
19 194
19 201
19 261
19 372
19 389
19 391
19 412
20 103
20 114
20 123
20 174
20 213
20 294
20 427
21 46
21 76
21 120
21 209
21 426
22 56
22 165
22 186
22 192
22 194
22 222
22 227
22 242
22 258
22 278
22 420
23 28
23 224
23 486
24 39
24 123
24 170
24 229
24 277
24 296
24 317
24 350
25 47
25 299
25 307
25 495
26 75
26 170
26 264
26 287
26 449
26 475
26 489
27 32
27 78
27 400
28 259
28 366
28 458
29 183
29 207
29 241
29 257
29 322
29 337
29 423
29 428
30 176
30 236
30 267
30 327
30 436
31 50
31 105
31 129
31 161
31 191
31 206
31 316
31 441
31 457
31 502
32 121
32 153
32 395
32 445
32 446
33 41
33 121
33 148
33 240
34 336
34 396
35 37
35 76
35 84
35 213
35 386
35 391
35 405
35 411
35 414
36 62
36 152
36 175
36 353
36 367
36 441
37 120
37 174
37 298
37 313
37 351
37 408
37 479
38 161
38 168
38 193
38 297
38 353
38 467
39 57
39 270
39 452
40 70
40 205
40 395
40 439
40 447
41 360
41 364
41 371
41 394
41 425
41 433
41 485
42 125
42 231
42 392
42 425
42 428
43 124
43 202
43 417
43 434
44 147
44 288
44 315
44 345
44 412
45 64
45 144
45 419
45 459
45 471
45 478
46 289
46 416
46 417
46 420
46 467
46 482
46 493
47 118
47 150
47 162
47 180
48 97
48 108
48 196
48 221
48 289
48 454
49 125
49 135
49 181
49 277
49 317
49 345
49 416
50 212
50 257
50 275
50 293
50 294
50 482
51 68
51 182
51 303
51 467
52 127
52 158
52 191
52 360
53 101
53 142
53 173
53 176
53 268
53 353
53 420
54 73
54 206
54 293
54 336
54 478
55 191
55 220
55 252
55 261
55 264
55 452
55 453
56 89
56 187
56 262
56 307
56 412
56 417
57 138
57 149
57 199
57 306
57 330
57 443
58 168
58 181
58 245
58 268
58 278
58 362
58 388
59 203
59 420
60 114
60 145
60 235
60 266
60 317
60 437
60 481
60 485
61 68
61 263
61 286
61 344
61 450
62 180
62 243
62 303
62 333
62 352
63 71
63 129
63 222
63 280
63 296
63 404
63 500
64 138
64 337
64 392
64 499
65 71
65 130
65 204
65 365
65 373
65 473
65 490
65 497
66 163
66 303
66 310
66 431
66 487
67 180
67 202
67 223
67 271
67 272
67 319
67 342
67 466
68 116
68 157
68 176
68 263
68 264
68 314
69 98
69 155
69 213
69 349
69 415
70 86
70 272
71 102
71 131
71 148
71 152
71 180
71 239
71 472
71 500
72 109
72 181
72 293
72 401
72 430
72 434
73 84
73 125
73 336
73 385
74 87
74 207
74 225
74 236
74 249
74 269
74 382
75 90
75 281
75 395
76 139
76 197
76 206
76 259
76 272
76 394
76 428
76 445
77 203
77 230
77 272
77 417
77 445
77 499
78 90
78 161
78 313
78 424
78 490
79 355
79 485
80 82
80 146
80 214
80 258
80 304
81 162
81 210
81 234
81 288
81 291
81 297
81 320
81 334
81 483
81 499
82 97
82 99
82 123
82 197
82 260
82 372
82 396
82 427
83 249
83 333
83 386
83 406
84 140
84 170
84 266
84 273
84 387
85 139
85 153
85 336
85 351
85 397
86 137
86 138
86 141
86 178
86 219
86 318
86 410
87 93
87 144
87 280
88 92
88 109
88 127
88 353
88 357
88 432
89 109
89 148
89 267
89 289
89 367
90 95
90 153
90 197
90 242
90 326
90 425
91 126
91 156
91 162
91 255
91 502
92 123
92 138
92 207
92 330
92 389
92 403
93 209
93 212
93 255
93 290
93 375
93 483
94 359
94 400
95 301
95 383
95 465
96 108
96 112
96 382
96 418
96 458
97 438
97 497
98 299
98 418
98 490
99 132
99 156
99 476
100 103
100 189
100 237
100 286
100 316
100 381
100 502
101 126
101 127
101 245
101 264
101 302
101 325
101 357
101 362
102 128
102 129
102 199
102 208
102 225
102 287
102 332
102 349
103 110
103 189
103 243
103 248
103 346
103 367
103 456
104 144
104 212
104 315
104 422
105 237
105 269
105 339
105 362
105 452
105 495
106 107
106 120
106 263
106 267
106 344
106 453
107 163
107 188
107 241
107 291
107 436
107 437
107 444
108 250
108 315
108 391
108 438
108 439
109 118
109 229
109 411
110 234
110 258
110 268
110 301
110 501
111 221
111 307
111 329
111 353
111 476
111 499
112 117
112 156
112 389
113 117
113 139
113 235
113 263
113 339
113 357
113 410
114 160
114 186
114 227
114 266
114 362
114 397
114 479
114 488
115 305
115 322
116 187
116 206
116 224
116 249
116 325
116 335
117 122
117 124
117 183
117 263
117 292
117 361
118 233
118 311
118 361
118 417
118 433
119 137
119 201
119 225
119 285
120 162
120 171
120 210
120 387
120 432
121 197
121 234
121 340
122 168
122 219
122 411
122 432
123 163
123 192
123 469
123 471
124 227
124 390
124 435
125 129
125 186
125 327
125 497
126 141
126 281
126 410
126 428
126 486
127 156
127 273
127 451
128 177
128 293
129 367
129 396
129 397
129 411
129 413
129 500
130 140
130 229
130 299
130 324
130 488
131 189
131 203
131 235
131 329
131 431
132 180
132 285
133 203
133 373
133 427
133 472
134 213
134 287
134 350
134 451
135 218
135 257
135 346
135 405
135 432
136 329
136 392
136 415
136 470
136 471
136 501
137 163
137 197
137 209
137 222
137 284
137 439
138 146
138 181
138 488
139 155
139 216
139 378
139 384
140 254
140 451
141 249
141 308
141 328
142 176
142 181
142 282
142 331
142 387
142 402
142 451
142 454
142 489
143 206
143 244
143 259
143 304
143 452
144 196
144 215
144 249
144 358
144 400
144 465
144 479
145 198
145 210
145 333
145 483
146 219
146 233
146 265
146 278
147 149
147 357
148 208
148 254
148 346
148 466
149 304
149 402
149 457
150 264
150 328
151 175
151 196
151 216
151 231
151 343
151 411
152 382
153 236
153 253
153 334
153 400
153 430
153 480
154 213
154 245
154 270
154 278
154 305
155 173
155 214
155 272
155 334
156 169
156 206
156 331
157 219
157 268
157 296
157 304
157 371
157 422
157 464
158 170
158 227
158 313
158 334
158 362
158 366
158 398
159 192
159 207
159 422
159 433
160 165
160 239
160 309
160 346
161 167
161 255
161 294
161 299
161 303
161 403
161 420
161 433
162 192
162 202
162 421
162 498
163 170
163 250
163 493
164 258
164 305
164 343
164 352
165 203
165 235
165 493
166 214
166 320
166 478
166 485
167 267
167 282
168 341
168 360
169 199
169 463
169 480
170 187
170 259
170 497
171 197
171 243
171 297
171 300
171 366
171 401
171 418
172 437
173 193
173 196
173 275
173 408
174 304
174 464
175 320
175 455
175 470
175 490
176 234
176 288
177 184
178 381
178 389
178 478
178 482
178 502
179 208
179 369
179 470
180 307
180 421
181 252
183 243
183 451
183 498
184 337
184 395
184 479
185 244
185 271
185 328
185 438
185 455
186 204
186 207
187 448
187 482
188 220
188 279
188 298
189 217
189 281
189 305
189 367
189 433
189 440
189 493
190 223
190 251
190 332
190 335
190 337
190 386
190 395
190 491
191 212
191 251
191 311
191 325
191 328
191 373
191 378
192 194
192 201
192 296
192 310
192 493
192 495
193 196
193 214
193 476
193 487
193 488
194 213
194 254
194 344
194 478
195 198
195 254
195 333
195 360
196 269
196 334
196 355
196 500
197 287
197 310
197 358
197 365
198 382
198 399
199 204
199 297
199 399
199 459
200 295
200 301
200 310
200 406
200 413
200 454
200 496
201 490
202 316
202 391
203 224
203 282
203 304
203 336
203 413
204 262
204 350
204 388
204 438
205 336
205 340
205 348
206 226
207 423
207 432
208 259
208 391
208 475
208 490
209 278
210 217
210 392
210 492
210 497
211 277
211 300
211 374
211 445
212 257
212 307
212 409
213 228
213 274
213 299
213 364
214 278
215 408
215 457
216 277
216 284
216 294
216 401
217 320
217 352
218 398
218 465
218 492
218 493
219 322
219 381
219 431
220 238
220 323
220 381
220 488
221 490
222 446
224 251
224 488
224 495
225 420
226 332
226 394
226 403
226 479
226 495
227 319
227 362
227 441
227 481
227 502
228 230
228 454
228 481
229 359
229 458
229 494
230 278
230 326
230 438
230 479
231 260
231 266
231 299
231 318
231 471
231 479
232 291
232 352
232 385
232 403
232 458
232 485
233 483
234 391
234 397
234 472
234 487
234 491
235 306
235 387
236 329
236 341
236 342
236 377
236 454
237 286
237 430
238 353
238 366
238 368
238 450
239 293
239 320
239 345
239 407
239 475
239 495
240 260
240 291
240 423
240 444
240 471
240 500
241 385
241 464
241 496
242 257
242 271
242 332
242 387
242 483
243 248
243 251
243 320
243 351
243 369
243 497
244 366
244 436
245 283
245 286
245 356
246 284
246 404
247 363
248 277
248 301
248 360
248 455
249 261
249 262
249 270
249 424
249 464
250 303
250 379
250 468
251 328
252 388
253 256
253 283
253 315
253 477
254 272
255 295
255 313
255 350
255 375
255 415
255 419
255 452
255 463
256 273
256 359
256 369
256 455
257 409
258 266
258 301
258 317
258 404
258 416
258 474
258 499
259 370
259 385
259 399
259 451
261 344
261 358
261 369
262 416
262 422
262 460
264 369
264 434
264 492
265 380
266 300
266 365
266 402
266 445
266 467
267 286
267 314
267 413
268 423
269 345
269 368
270 366
270 371
270 460
270 498
271 349
271 370
271 462
272 332
272 372
273 360
274 297
274 424
274 496
275 362
275 463
275 472
276 333
276 380
276 464
277 376
277 414
278 290
279 304
279 306
279 465
279 482
281 478
281 480
282 313
282 387
282 449
282 455
283 332
284 363
284 400
284 486
285 305
285 319
285 464
286 401
286 458
286 493
287 299
287 324
287 432
287 437
287 450
287 474
288 289
288 294
288 314
288 346
288 461
290 490
290 499
291 466
292 293
292 307
292 346
292 413
292 471
293 298
294 402
294 418
294 462
294 487
294 495
295 495
296 336
296 457
296 458
297 387
297 433
297 453
298 299
298 371
298 392
298 470
299 370
299 468
299 496
300 313
301 408
301 476
302 347
302 362
302 415
302 491
302 501
303 316
303 339
303 437
304 308
304 360
306 446
306 474
306 480
307 420
308 461
309 453
310 442
310 501
311 313
311 466
311 474
311 479
312 372
312 384
312 441
312 454
313 325
313 377
313 418
313 425
313 435
314 351
314 440
314 472
314 483
315 397
315 436
315 444
316 317
316 339
316 346
316 418
316 445
317 390
317 453
317 463
318 345
318 371
318 434
318 486
319 443
319 449
320 339
320 357
320 404
321 420
322 324
322 387
323 389
323 439
325 453
326 412
326 436
326 451
327 351
327 449
327 457
327 495
328 390
328 393
328 428
329 398
329 402
329 477
330 348
330 436
330 479
330 488
331 333
331 455
332 441
332 493
333 454
333 474
335 408
336 352
336 440
336 493
336 495
337 482
338 378
338 498
339 430
340 380
340 462
342 373
342 439
342 499
343 391
343 427
343 459
344 443
345 443
345 477
345 489
347 406
347 491
347 498
350 456
350 476
351 398
351 489
352 377
352 381
352 450
352 475
352 491
354 365
354 390
354 407
354 478
354 489
356 419
357 391
359 425
359 474
360 465
360 478
360 500
360 502
361 455
361 466
362 438
362 455
364 468
365 397
365 438
366 395
366 431
367 438
368 456
369 385
369 448
369 458
369 467
369 469
370 409
371 477
372 376
372 393
372 452
373 405
373 442
373 454
374 420
375 472
377 415
377 490
380 391
381 464
382 401
382 429
382 484
382 499
383 408
387 412
388 467
388 493
389 432
389 462
390 402
390 445
390 469
391 425
391 477
394 402
394 461
396 398
398 445
399 461
403 410
403 432
403 442
403 500
405 414
405 458
405 491
406 448
406 486
408 415
410 482
411 421
411 428
411 469
411 497
412 452
415 424
415 468
419 439
420 425
420 455
423 471
423 481
424 477
426 483
427 493
430 433
430 457
431 461
431 484
432 464
435 501
435 502
439 451
440 455
440 477
443 473
443 493
444 465
446 501
448 470
449 475
449 494
451 491
452 453
453 485
453 497
454 460
457 489
457 490
461 478
463 482
463 489
465 491
467 486
468 501
469 489
470 474
474 476
475 487
481 483
482 488
485 494
486 502
