887 3224
0 271
0 336
0 380
0 383
0 398
0 562
0 670
1 27
1 57
1 117
1 318
1 487
1 549
1 555
1 661
1 663
2 73
2 108
2 293
2 538
2 588
2 622
2 695
2 720
2 864
3 55
3 210
3 713
3 715
3 853
4 86
4 91
4 130
4 224
4 269
4 327
4 481
4 692
4 807
4 822
4 884
5 72
5 338
5 453
5 657
5 675
5 739
5 815
5 854
6 425
6 657
6 771
6 799
6 833
7 499
7 527
7 680
7 804
8 18
8 204
8 402
8 569
8 587
8 781
9 36
9 83
9 258
9 269
9 509
9 785
10 59
10 102
10 474
10 562
10 582
10 705
11 322
11 328
11 401
11 410
11 452
11 460
11 731
11 877
12 380
12 753
13 96
13 222
13 486
13 507
13 529
13 601
13 620
13 691
14 249
14 493
14 687
14 753
14 761
14 839
15 194
15 700
15 802
15 864
15 872
16 142
16 261
16 313
16 643
16 646
16 807
16 811
16 848
17 89
17 396
17 448
17 465
17 565
17 591
17 622
17 676
17 748
17 773
17 842
18 34
18 61
18 93
18 133
18 138
18 333
18 510
18 539
18 798
19 62
19 399
19 559
19 612
19 754
20 132
20 138
20 327
20 433
20 444
20 487
20 508
20 568
20 654
21 130
21 351
21 353
21 462
21 503
21 513
21 623
21 766
21 799
22 41
22 177
22 255
22 286
22 385
22 490
22 646
22 658
22 713
22 849
22 870
23 63
23 129
23 176
23 216
23 476
23 541
23 564
23 703
23 858
24 199
24 604
24 875
25 90
25 209
25 218
25 532
25 809
26 112
26 131
26 214
26 265
26 335
26 362
26 445
26 666
26 830
26 866
26 871
27 84
27 148
27 224
27 289
27 454
27 485
27 536
27 610
27 855
28 36
28 186
28 257
28 263
28 502
28 688
28 733
29 204
29 214
29 679
29 715
29 733
29 738
29 741
30 227
30 282
30 392
30 452
30 509
30 615
30 631
30 677
30 836
31 95
31 115
31 214
31 279
31 327
31 434
31 530
31 757
32 106
32 160
32 164
32 506
32 613
32 632
32 694
32 734
32 851
32 872
33 116
33 237
33 357
33 358
33 375
34 388
34 478
34 514
34 567
34 584
34 657
34 750
34 803
34 871
35 307
35 346
35 443
35 536
35 695
35 852
35 859
36 386
36 480
36 547
36 554
36 659
37 64
37 77
37 135
37 293
37 296
37 316
37 362
37 582
37 642
37 745
38 80
38 416
38 785
39 117
39 311
39 454
39 472
39 610
39 622
39 761
40 130
40 192
40 291
40 299
40 335
40 343
40 376
40 531
40 558
40 697
41 98
41 135
41 258
41 528
41 617
41 691
41 862
42 48
42 110
42 156
42 533
42 886
43 345
43 455
44 53
44 184
44 192
44 204
44 289
44 383
44 723
44 788
44 797
44 856
45 215
45 424
45 426
45 553
45 585
45 705
45 807
45 831
45 854
46 92
46 165
46 230
46 404
46 415
46 550
46 590
46 763
47 211
47 305
47 361
47 485
47 489
47 580
47 634
47 681
47 718
47 724
47 758
48 276
48 340
48 347
48 452
48 502
48 521
48 564
48 577
48 784
48 796
48 841
49 307
49 320
49 329
49 389
49 476
49 516
49 586
49 641
49 687
50 91
50 230
50 341
50 396
50 505
50 715
50 727
50 832
50 859
51 112
51 473
51 553
52 127
52 370
52 504
52 640
52 662
53 84
53 193
53 231
53 613
53 737
53 871
54 233
54 364
54 446
54 464
54 605
54 607
54 645
54 692
54 750
54 786
54 794
55 56
55 147
55 183
55 286
55 358
55 368
55 608
55 613
55 874
56 122
56 132
56 408
56 533
56 573
56 712
56 768
56 826
57 262
57 433
57 565
57 621
57 858
58 66
58 118
58 137
58 168
58 330
58 360
59 249
59 361
59 447
59 467
59 470
59 521
59 636
59 643
59 659
59 738
59 807
59 839
59 857
60 197
60 428
60 513
60 586
60 622
60 746
61 95
61 320
61 365
61 384
61 451
61 470
61 478
61 652
61 742
62 130
62 278
62 330
62 854
63 141
63 289
63 329
63 785
63 811
64 301
64 392
64 513
64 541
64 569
64 589
64 711
64 756
64 874
65 268
65 463
65 524
65 652
65 700
65 817
66 137
66 256
66 520
66 853
67 84
67 105
67 133
67 142
67 171
67 183
67 397
67 677
67 791
68 183
68 343
68 518
68 651
68 705
68 741
68 748
68 784
69 107
69 375
69 481
69 596
69 756
69 789
69 845
70 154
70 174
70 424
70 455
70 505
70 604
70 679
70 772
71 81
71 266
71 740
71 783
71 821
71 825
71 836
72 199
72 249
72 300
72 313
72 465
72 533
72 705
73 114
73 368
73 396
73 415
73 461
73 767
74 118
74 213
74 357
74 394
74 417
74 645
74 712
74 724
74 783
74 830
74 875
75 147
75 154
75 210
75 291
75 309
75 442
75 560
75 594
75 598
76 81
76 233
76 320
76 410
76 519
76 574
76 812
77 185
77 203
77 364
77 541
77 626
77 669
78 304
78 519
78 545
78 567
78 571
78 668
78 720
78 725
78 727
79 151
79 193
79 248
79 280
79 373
79 503
79 530
79 690
79 774
79 823
80 153
80 178
80 523
80 540
80 609
81 188
81 275
81 376
81 664
82 381
82 707
82 760
83 114
83 204
83 210
83 294
83 379
83 417
83 550
83 606
83 617
83 696
83 816
83 820
83 829
84 110
84 189
84 241
84 368
84 633
84 686
84 828
85 552
85 557
85 783
86 89
86 864
87 116
87 199
87 214
87 268
87 389
87 465
87 776
88 201
88 276
88 361
88 419
88 454
88 546
88 618
88 688
88 810
89 202
89 205
89 238
89 423
89 427
89 764
90 321
90 331
90 450
90 496
90 505
90 565
90 661
90 787
90 796
90 839
91 199
91 225
91 383
91 416
91 463
91 837
92 124
92 532
92 721
92 726
93 210
93 266
93 307
93 328
93 545
93 556
93 580
93 603
93 773
94 128
94 129
94 201
94 373
94 483
94 551
94 563
94 666
94 686
94 712
94 718
94 793
94 856
94 874
95 348
95 572
96 165
96 404
96 443
96 469
96 500
96 525
96 563
96 628
96 673
96 757
97 199
97 421
97 524
97 671
97 766
98 151
98 196
98 317
98 683
99 270
99 344
99 427
99 498
99 603
99 621
99 659
99 669
99 809
99 831
99 833
100 178
100 377
100 463
100 610
100 701
100 780
100 853
101 431
101 516
101 537
101 599
101 627
101 810
102 170
103 137
103 524
103 634
104 278
104 599
104 643
104 815
105 127
105 280
105 442
105 526
105 595
105 708
105 746
105 863
106 264
106 516
106 585
107 143
107 222
107 403
107 558
107 598
107 804
107 877
108 115
108 218
108 232
108 339
108 372
108 391
108 444
108 464
109 187
109 349
109 592
109 700
110 143
110 146
110 476
110 489
110 666
111 390
111 463
111 492
111 674
112 118
112 238
113 115
113 193
113 214
113 238
113 378
113 398
113 539
113 598
113 660
113 698
113 791
114 417
114 486
114 605
114 620
114 735
114 886
115 117
115 128
115 211
115 212
115 322
115 363
115 383
116 122
116 277
116 536
116 664
116 670
116 680
116 752
116 856
117 286
117 321
117 340
117 390
117 805
117 842
118 233
118 282
118 319
118 333
118 499
118 532
118 691
118 751
118 789
119 302
119 316
119 425
119 480
119 792
120 123
120 130
120 172
120 544
120 559
120 656
120 687
120 726
121 271
121 300
121 393
121 663
121 766
121 770
122 385
122 498
122 564
122 593
122 879
123 500
123 543
123 689
123 822
123 885
124 197
124 344
124 435
124 573
124 614
124 731
124 833
125 126
125 168
125 405
125 572
125 670
125 728
125 838
125 845
126 144
126 300
126 490
126 562
126 671
126 705
126 733
126 807
126 827
126 830
127 421
127 453
127 513
127 550
127 558
127 585
127 668
127 684
127 740
127 803
128 131
128 337
128 414
128 611
128 715
128 771
128 847
129 246
129 407
129 417
129 781
130 271
130 414
130 559
130 679
131 196
131 516
131 611
131 711
131 870
132 186
132 260
133 300
133 450
133 483
133 664
133 730
133 753
133 778
133 869
134 159
134 174
134 276
134 358
134 789
134 849
135 178
135 446
135 575
135 650
135 675
135 682
135 801
135 815
135 873
136 226
136 232
136 327
136 352
136 567
136 639
137 656
138 201
138 403
138 440
138 490
138 514
138 628
138 758
138 860
138 861
138 882
139 230
139 369
139 547
139 685
139 719
140 144
140 464
140 468
140 475
140 537
140 724
140 768
140 774
140 858
141 448
141 629
142 149
142 285
142 311
142 414
142 767
142 886
143 477
143 634
143 781
143 840
144 199
144 250
144 268
144 524
144 718
145 325
145 369
145 378
145 379
145 457
145 757
146 204
146 224
146 242
146 329
146 389
146 394
146 405
146 564
146 592
146 850
146 855
147 279
147 294
147 519
148 165
148 370
148 655
148 664
148 705
148 745
149 177
149 224
149 374
149 459
149 618
149 645
149 761
149 833
150 408
150 549
150 583
150 590
151 277
151 339
151 419
151 828
152 194
152 215
152 699
152 794
152 854
153 227
153 383
153 428
153 447
154 252
154 512
154 526
154 538
154 622
154 683
154 746
154 798
155 523
155 745
155 763
155 811
156 416
156 512
156 624
156 666
156 744
156 877
157 188
157 220
157 252
157 322
157 392
157 634
157 637
157 773
157 800
157 843
158 455
158 520
158 541
158 771
158 809
159 221
159 298
159 302
159 403
159 421
159 614
159 726
159 836
159 849
159 864
160 241
160 374
160 409
160 445
160 465
160 592
160 616
160 769
160 772
161 201
161 236
161 275
161 322
161 367
161 395
161 503
161 611
161 712
161 814
161 841
161 855
161 877
162 181
162 271
162 285
162 462
162 561
162 724
163 202
163 216
163 230
163 527
163 716
163 771
163 866
164 168
164 211
164 322
164 339
164 611
164 699
164 711
164 810
164 829
165 444
165 488
165 492
165 576
165 733
166 178
166 210
166 221
166 250
166 294
166 426
166 443
167 302
167 455
167 611
167 750
167 804
168 272
168 367
168 368
168 711
168 761
168 839
169 170
169 306
169 397
169 788
170 183
170 336
170 340
170 342
170 375
170 466
170 582
170 645
171 215
171 296
171 686
171 699
171 749
172 260
172 293
172 779
172 883
173 214
173 216
173 288
173 328
173 445
173 757
173 823
173 836
174 287
174 503
174 606
174 637
174 685
174 706
174 821
175 313
175 418
175 567
175 643
175 822
175 867
176 400
176 446
176 867
177 211
177 222
177 411
177 451
177 642
177 808
177 864
178 234
178 331
178 450
178 604
178 625
178 664
178 732
179 194
179 306
179 357
179 359
179 403
179 544
179 781
180 352
180 493
180 511
180 520
180 682
180 709
180 734
180 763
180 788
180 871
181 303
181 320
181 473
181 488
181 574
181 600
181 664
181 833
182 244
182 290
182 474
182 735
182 783
182 808
182 837
183 208
183 210
183 690
184 278
184 292
184 352
184 402
184 439
184 449
184 500
184 608
184 629
185 310
185 364
185 413
185 456
185 652
185 673
185 674
186 249
186 350
186 361
186 367
186 632
186 689
186 741
186 848
186 868
187 389
187 710
187 760
187 847
188 283
188 319
188 394
188 405
188 821
189 209
189 222
189 311
189 382
189 394
189 558
189 588
189 644
189 846
190 564
190 650
190 788
191 322
191 380
191 534
191 656
191 681
191 724
192 234
192 309
192 312
192 374
192 402
192 468
192 532
192 541
192 625
192 630
192 860
192 865
193 218
193 500
193 807
194 312
195 549
195 802
196 804
196 820
197 216
197 264
197 399
197 541
197 555
197 668
197 839
197 847
198 483
198 590
198 603
198 781
199 259
199 300
199 471
200 412
200 418
200 429
200 472
201 317
201 419
201 427
201 465
201 544
201 582
201 681
201 723
202 214
202 384
202 398
202 643
202 652
202 867
202 872
203 272
203 365
203 457
203 580
203 584
203 635
203 655
204 219
204 299
204 326
204 484
204 532
204 557
204 633
204 774
205 358
205 389
205 576
205 596
205 797
206 582
206 728
207 403
207 476
207 838
207 841
208 473
208 503
208 755
209 220
209 341
209 448
209 615
209 654
209 799
210 372
210 725
210 759
210 797
211 286
211 367
211 377
211 428
211 532
212 311
212 472
212 563
212 832
213 253
213 270
213 403
213 456
213 513
213 516
213 584
213 646
213 775
213 878
214 277
214 344
214 553
214 560
214 609
214 723
214 835
215 335
215 694
215 802
216 232
216 372
216 847
217 303
217 565
217 753
218 303
218 443
218 462
218 481
218 580
218 637
218 723
218 879
219 392
219 407
219 547
219 713
219 740
219 843
220 261
220 285
220 520
220 585
220 705
220 884
221 224
221 456
221 680
221 746
222 754
222 813
222 859
223 263
223 451
223 564
223 632
223 695
223 700
224 230
224 279
224 488
224 568
224 681
224 697
224 698
224 820
225 242
225 462
225 465
225 491
225 538
225 874
225 875
226 332
226 346
226 420
226 534
226 539
226 561
226 578
226 717
226 726
226 811
226 874
227 256
227 334
227 348
227 459
227 613
228 238
228 325
228 445
228 486
228 494
228 760
228 808
228 810
228 837
228 851
228 860
229 276
229 401
229 404
229 459
229 743
230 314
230 330
230 339
230 528
231 362
231 386
231 568
231 632
231 740
232 389
232 794
233 269
233 289
233 319
233 384
233 385
233 572
233 585
233 626
233 642
233 827
234 575
234 645
234 670
234 710
234 752
234 833
235 307
235 435
235 440
235 572
235 632
235 697
235 708
235 746
235 804
235 836
236 332
236 526
236 536
236 703
237 381
237 527
237 666
237 820
238 349
238 618
238 623
238 753
238 848
239 250
239 285
239 313
239 341
239 399
239 565
240 288
240 407
240 481
240 506
240 640
240 675
240 725
240 759
240 882
241 372
241 710
241 726
241 743
242 478
242 616
242 691
243 339
243 436
243 464
243 608
243 740
243 825
244 305
244 310
244 479
244 572
244 574
244 608
244 654
244 659
244 741
245 286
245 307
245 429
245 686
245 732
246 284
246 402
246 443
246 829
247 791
247 855
248 397
248 418
248 437
248 550
248 666
249 264
249 469
249 712
249 802
249 807
249 872
250 367
250 669
250 699
250 769
250 795
251 305
251 519
251 617
251 679
251 819
251 850
252 370
252 684
252 788
252 848
253 444
253 449
253 557
253 608
253 879
254 484
254 489
254 557
254 620
254 730
254 813
255 317
255 654
255 742
255 798
255 884
256 657
257 320
257 484
257 732
257 748
257 817
258 447
258 471
258 538
258 567
258 680
258 839
259 397
259 455
259 510
259 636
260 409
260 605
260 655
260 709
261 428
261 556
261 724
262 386
262 548
262 556
262 648
262 709
263 293
263 497
263 616
263 683
263 808
263 856
264 405
264 452
264 809
265 395
265 477
265 665
265 844
266 533
266 729
266 855
267 316
267 352
267 435
267 691
267 738
267 839
268 273
268 452
268 664
268 783
269 333
269 349
269 368
269 805
270 465
270 558
271 331
271 524
271 571
272 384
272 476
272 644
272 653
272 663
272 692
273 343
273 443
273 610
273 678
274 301
274 499
274 542
274 807
275 445
275 481
275 534
275 687
275 716
276 326
276 404
276 509
276 525
276 530
276 714
276 803
277 282
277 288
277 384
277 472
277 708
277 778
277 815
278 480
278 700
278 885
279 290
279 432
279 801
279 880
280 327
280 423
280 488
281 303
281 360
281 619
281 631
281 652
281 661
281 800
282 403
282 495
282 505
282 619
282 856
282 871
283 334
283 529
283 718
284 305
284 596
284 641
284 699
285 482
285 526
285 538
285 548
285 732
286 398
286 536
286 550
286 656
286 702
286 708
286 716
286 738
286 820
287 518
287 689
287 752
288 459
288 495
288 497
288 532
288 537
288 618
288 725
289 431
289 654
290 324
290 353
290 846
291 372
291 517
291 614
291 715
291 726
291 734
291 790
291 854
292 326
292 433
292 467
292 680
292 882
293 344
293 446
293 504
293 695
294 334
294 558
294 595
294 689
294 818
294 822
294 853
295 373
295 588
295 635
295 643
295 668
295 775
295 828
296 506
296 533
297 315
297 465
297 845
297 884
298 326
298 489
298 495
298 523
298 612
298 750
299 566
299 580
299 585
299 643
299 688
299 697
300 403
300 425
300 561
300 609
300 818
300 850
300 872
302 355
302 386
302 405
302 469
302 778
302 886
303 341
303 627
303 794
303 816
304 580
304 616
305 406
305 465
305 670
305 747
305 766
305 878
306 307
306 333
306 380
306 517
306 569
306 576
306 725
306 745
307 369
307 461
307 628
308 315
308 494
308 717
308 718
308 839
309 366
309 519
310 866
311 585
311 850
312 388
312 743
312 775
312 823
313 586
313 648
314 451
314 635
314 696
314 715
314 776
315 530
315 588
316 582
316 615
316 722
316 818
317 360
317 440
317 557
317 568
317 691
317 854
318 366
318 767
319 363
319 506
319 677
319 719
319 731
320 499
321 344
321 525
321 632
322 365
322 432
322 538
322 781
322 789
323 445
323 563
323 602
323 660
323 670
323 776
324 647
324 699
324 735
325 344
325 372
325 460
325 609
325 611
325 672
325 705
325 823
326 511
326 519
326 530
326 695
327 369
327 579
327 656
327 720
328 492
328 499
328 557
328 642
329 379
329 454
329 506
329 657
329 711
330 493
330 690
331 381
331 542
331 559
331 733
331 762
331 766
331 858
332 429
332 443
332 487
332 640
332 859
332 880
333 354
333 410
333 605
333 634
333 767
333 848
333 860
334 780
335 459
335 626
335 819
336 405
336 439
336 571
336 602
336 731
336 797
337 497
337 824
338 515
338 516
338 644
338 725
338 788
339 410
339 532
339 606
339 728
339 882
340 498
340 520
340 743
341 389
341 524
341 805
342 361
342 381
342 595
342 793
343 405
343 508
343 833
343 834
344 474
344 476
344 717
345 640
345 664
345 692
346 513
346 543
346 592
346 602
346 787
346 855
347 355
347 412
347 685
347 780
347 788
347 821
347 858
348 449
348 554
348 587
348 620
348 702
348 742
349 389
350 729
350 732
350 831
351 361
351 383
351 513
351 839
352 375
352 379
352 534
352 635
352 772
352 852
353 452
353 481
353 562
353 605
353 778
353 808
353 814
353 815
354 703
354 718
354 814
355 492
355 647
355 649
355 717
355 786
355 830
355 882
356 612
356 809
357 464
357 585
357 810
358 566
358 603
358 802
358 814
359 565
359 784
359 838
359 852
360 386
360 524
360 546
360 554
360 754
360 875
361 362
361 378
361 379
361 695
362 405
362 414
362 615
362 668
362 706
362 851
363 694
363 822
364 382
364 401
364 561
364 719
364 836
365 522
365 768
365 844
365 858
366 383
366 407
366 635
366 690
366 774
367 544
367 641
367 720
368 492
368 513
368 541
368 763
368 777
369 717
369 718
370 411
370 440
370 709
370 791
371 421
371 475
371 725
371 797
371 868
372 769
372 831
373 376
373 626
373 654
373 669
374 525
374 587
374 709
375 448
376 377
376 542
376 650
376 783
377 482
377 627
377 728
377 814
378 399
378 402
378 452
378 816
378 842
378 873
380 483
380 579
381 525
381 764
381 826
381 867
381 886
382 752
382 805
383 390
383 405
383 414
383 453
383 754
383 833
383 844
384 429
384 496
384 505
384 673
385 415
385 539
385 565
385 597
385 619
385 674
385 708
385 835
385 844
386 570
386 734
386 765
387 537
387 879
388 422
388 579
388 587
388 608
388 686
388 849
389 439
389 641
389 653
389 717
390 394
390 469
390 575
390 646
390 864
391 430
391 748
392 735
392 777
392 824
392 837
393 488
393 864
394 462
394 506
394 509
395 593
395 754
396 539
396 819
397 462
397 580
397 638
398 476
398 496
398 579
398 825
399 421
399 487
399 502
400 405
400 634
400 807
401 459
401 743
402 450
402 580
402 629
402 648
402 760
403 462
403 562
403 666
403 708
403 754
403 827
404 463
404 609
404 673
404 680
404 746
404 754
404 831
405 407
405 429
405 451
405 503
405 532
405 608
405 636
405 706
405 831
406 427
406 711
407 428
407 527
407 580
408 437
408 467
408 509
409 511
409 518
409 663
410 548
410 558
410 713
410 841
410 872
411 463
411 473
411 518
411 617
411 720
412 502
412 603
412 698
412 832
413 452
413 554
413 558
413 697
413 826
413 880
414 422
414 476
415 426
415 519
415 588
415 613
416 624
416 825
416 833
417 506
417 551
417 666
417 713
417 762
417 793
417 819
417 856
418 492
418 558
418 669
419 634
419 794
420 564
421 467
421 589
421 885
422 529
422 602
422 686
422 708
423 618
423 628
423 720
423 880
424 497
424 504
424 508
424 610
424 748
424 812
424 885
425 527
425 756
426 785
426 857
427 499
427 538
427 807
427 868
428 481
428 531
429 493
429 596
429 613
430 493
430 807
430 846
431 495
431 507
431 560
431 768
431 821
432 525
432 554
432 597
432 780
433 466
433 551
433 614
433 766
433 794
433 823
434 484
434 497
434 499
434 513
434 851
436 534
436 820
436 843
436 849
437 481
437 660
437 683
437 839
438 489
438 674
438 885
439 791
439 817
440 581
440 692
440 731
440 846
441 453
442 457
442 668
442 790
443 566
443 775
443 781
443 832
444 446
444 592
444 613
445 459
445 464
445 515
445 608
445 670
445 684
445 704
445 885
446 478
446 587
446 667
447 694
447 849
448 591
448 635
448 677
448 818
448 872
449 469
449 621
449 727
450 497
450 728
450 818
451 457
451 674
452 529
452 607
453 454
453 642
453 751
453 808
454 480
454 508
454 712
454 719
455 689
455 850
456 483
456 494
456 628
457 488
457 537
458 549
458 567
458 700
459 590
459 682
459 717
459 830
459 846
460 513
460 520
460 605
460 619
460 630
460 721
460 733
460 831
460 871
461 521
461 548
461 628
461 660
461 714
461 733
461 796
461 886
462 558
462 598
462 602
463 837
463 859
464 534
464 633
464 674
464 883
465 466
465 640
465 764
465 787
465 798
465 815
466 501
467 545
467 564
467 626
467 728
467 855
468 688
468 705
469 718
469 771
470 542
470 721
470 862
471 472
471 511
471 524
471 530
471 554
471 592
471 655
471 712
471 796
472 519
472 839
472 871
472 881
473 494
473 541
473 699
473 841
473 846
474 516
474 583
474 824
475 728
476 481
476 615
476 814
477 613
477 729
478 483
478 491
478 832
479 585
479 743
479 778
480 509
480 759
481 574
481 703
481 705
481 765
482 518
482 621
482 673
482 788
482 882
483 499
483 508
483 609
483 794
483 871
484 489
484 502
484 645
484 774
485 825
486 499
486 503
486 676
486 679
486 818
486 834
487 593
487 775
488 566
488 601
488 727
488 860
489 615
489 641
489 669
489 883
490 492
490 556
490 595
490 598
490 645
490 866
491 500
491 517
491 542
491 634
491 638
491 799
492 557
492 566
492 663
493 555
493 872
494 528
494 745
494 753
495 521
495 752
496 575
497 530
497 680
497 766
498 801
499 532
499 714
499 726
500 615
501 623
501 692
501 720
501 789
501 819
502 545
502 682
502 702
502 719
503 573
503 612
503 646
503 741
504 567
504 590
504 616
504 755
504 780
505 519
505 700
506 649
506 781
506 848
506 865
507 521
507 568
508 548
508 678
508 846
509 528
509 678
509 699
510 567
510 570
510 591
510 614
510 675
510 781
511 804
511 864
512 628
512 712
512 723
512 725
512 774
512 793
513 771
514 587
514 657
514 797
515 656
515 675
515 676
515 850
516 614
516 615
516 634
516 683
516 846
517 815
517 823
517 832
518 527
519 557
519 591
519 653
520 523
520 556
520 592
520 777
521 551
521 644
521 674
521 684
523 559
523 577
523 863
525 566
525 586
525 759
525 792
525 882
526 637
526 743
526 814
526 869
526 876
527 682
527 802
527 859
528 665
528 668
528 812
529 597
529 881
530 558
530 606
530 611
530 662
530 692
530 733
530 830
530 831
530 835
531 569
531 730
532 829
532 884
533 562
533 644
533 696
533 713
533 811
533 825
533 853
534 782
534 832
535 598
536 552
536 685
536 698
537 831
537 866
538 580
538 709
538 760
538 830
539 775
540 576
540 839
540 863
541 696
542 620
542 670
542 781
542 800
543 653
543 760
544 668
544 685
544 705
546 607
546 681
546 725
546 741
546 768
547 702
547 874
548 878
549 561
549 613
549 849
550 587
550 746
550 766
550 864
551 653
551 769
551 837
552 637
552 644
552 673
552 702
553 601
553 704
553 782
554 557
555 564
555 626
555 693
555 801
555 802
555 841
556 588
557 755
557 762
557 763
557 800
558 815
559 562
559 837
559 858
560 571
560 659
560 851
561 617
561 674
562 788
562 823
562 835
563 786
564 598
564 877
565 593
565 859
565 870
566 655
566 658
566 693
566 777
566 834
567 598
567 602
567 671
567 756
568 580
568 735
568 744
568 798
568 814
568 872
569 790
569 846
570 611
571 737
571 838
572 612
572 675
572 762
572 789
573 610
573 683
573 726
573 777
574 840
575 590
575 870
577 595
578 610
579 711
579 783
579 836
580 623
580 673
580 858
581 670
581 702
582 663
582 681
582 802
583 662
583 827
584 806
584 833
585 749
585 769
585 773
586 647
586 837
587 738
587 748
587 779
587 821
589 758
589 807
590 738
591 713
591 721
591 820
592 596
592 687
592 722
592 789
592 790
592 799
593 777
594 774
595 620
595 631
595 726
595 782
596 598
596 615
596 785
597 670
597 835
598 633
599 643
599 812
599 857
600 648
601 643
601 654
601 708
602 684
602 780
602 844
603 719
603 773
603 803
603 806
603 827
604 675
605 645
606 775
607 720
607 732
607 755
608 779
609 661
609 839
610 676
610 726
610 736
610 743
611 612
611 654
611 691
611 703
611 759
611 766
611 782
613 630
613 638
613 848
614 689
614 748
614 871
615 623
615 739
615 741
616 812
616 883
617 663
617 706
617 710
617 733
617 780
618 667
618 781
618 884
619 778
620 762
620 799
620 845
620 875
621 633
621 876
622 778
623 700
623 721
623 727
623 825
624 637
624 718
624 728
624 739
625 749
625 818
626 687
626 806
627 654
628 709
629 670
629 784
630 693
630 815
631 791
632 759
633 668
633 777
633 806
633 854
633 878
634 676
634 776
635 709
635 764
635 819
636 638
636 659
636 799
637 658
637 824
638 735
638 797
638 825
639 731
641 759
642 757
642 839
644 862
645 695
645 716
645 721
645 843
645 868
646 675
647 683
649 853
651 724
651 865
652 856
653 692
653 839
653 879
653 883
654 749
654 773
654 776
654 852
655 852
656 683
656 793
656 882
657 683
657 798
657 867
658 789
658 877
659 758
659 821
659 876
660 726
661 768
661 805
661 844
663 769
663 825
664 686
664 707
664 781
665 708
665 768
665 812
665 838
666 734
666 834
666 867
666 874
667 873
668 785
669 752
669 774
669 866
670 729
670 817
671 756
671 809
672 790
673 710
673 800
674 678
674 729
674 754
676 723
676 758
676 809
676 833
677 709
677 718
677 851
677 876
678 823
679 751
679 788
679 799
679 842
679 852
680 797
680 832
680 836
681 807
682 808
684 692
684 694
684 722
684 877
685 713
686 714
687 886
689 724
689 734
689 820
689 875
690 725
690 749
690 765
691 820
692 751
693 771
693 869
693 875
696 814
697 869
701 712
701 790
701 812
701 871
702 882
703 824
705 859
707 781
708 751
709 713
709 735
709 853
709 876
710 839
711 753
711 878
712 727
712 877
713 727
713 859
714 825
714 845
716 830
717 815
717 825
718 758
718 812
719 758
719 777
719 868
720 872
723 782
725 741
725 750
725 815
726 839
726 848
727 853
728 851
734 762
734 844
735 825
736 825
737 874
737 877
738 742
741 770
742 778
744 802
744 850
744 877
745 752
745 851
747 750
749 797
750 817
750 828
751 763
752 842
752 844
753 820
755 818
756 794
757 827
759 760
762 794
765 789
765 809
766 848
766 852
771 796
771 821
771 837
772 838
776 847
776 850
779 851
780 797
783 817
783 843
786 796
786 800
786 805
788 885
789 800
791 881
794 821
796 857
801 884
805 829
805 870
808 866
812 830
812 856
813 862
816 872
817 839
817 856
818 841
818 858
821 863
822 860
823 869
825 875
826 868
830 876
832 842
837 857
839 876
844 852
847 858
847 870
847 879
848 865
849 876
850 868
853 877
857 859
863 865
863 869
864 877
866 879
878 881
883 884
