1024 3490
0 130
0 203
0 281
0 302
0 369
0 458
0 489
1 161
1 251
1 468
1 607
1 803
2 146
2 164
2 171
2 211
2 213
2 403
2 405
2 440
2 470
2 506
2 531
2 553
2 642
2 780
2 853
2 948
3 13
3 186
3 442
3 455
3 513
3 592
3 764
4 26
4 265
4 275
4 307
4 310
4 503
4 1019
4 1021
5 13
5 313
5 508
5 658
5 705
5 908
5 986
5 994
6 79
6 423
6 830
6 1000
6 1009
7 154
7 169
7 287
7 298
7 390
7 492
7 657
7 800
7 936
8 197
8 220
8 222
8 371
8 790
8 875
9 393
9 505
9 657
9 720
9 928
10 63
10 246
10 251
10 316
10 494
10 516
10 701
10 938
11 58
11 453
11 529
11 921
12 111
12 157
12 188
12 448
12 559
12 829
12 861
13 355
13 530
13 531
13 722
13 741
13 940
13 995
14 53
14 252
14 274
14 440
14 530
14 718
14 745
14 943
14 1021
15 209
15 541
15 612
15 801
15 857
16 40
16 723
16 977
17 368
17 440
17 573
17 592
17 697
17 937
18 48
18 200
18 308
18 594
18 640
18 650
18 1002
19 93
19 199
19 277
19 482
19 553
19 596
20 30
20 65
20 114
20 204
20 272
20 340
20 344
20 446
20 552
21 28
21 354
21 362
21 407
21 432
21 533
21 642
21 739
21 757
21 777
22 524
22 694
22 733
22 796
22 833
22 876
22 1002
23 49
23 362
23 408
23 462
23 760
23 782
24 31
24 117
24 181
24 314
24 316
24 343
24 413
24 525
24 645
24 754
24 906
25 130
25 671
25 686
25 846
25 994
26 246
26 452
26 485
26 584
26 653
26 789
26 798
26 911
26 925
27 74
27 91
27 513
27 579
27 693
27 806
28 111
28 472
28 630
29 276
29 652
29 674
29 741
29 926
29 998
30 372
30 385
30 486
30 496
30 807
30 971
31 82
31 188
31 220
31 399
31 425
31 462
31 581
31 625
31 857
32 198
32 302
32 608
32 789
32 816
32 851
32 984
33 40
33 208
33 466
33 654
33 674
33 687
33 731
33 910
34 283
34 515
34 702
34 906
35 68
35 119
35 327
35 518
35 531
35 819
35 904
36 100
36 324
36 326
36 490
36 497
36 518
36 525
36 866
36 900
36 992
37 152
37 179
37 343
37 562
37 778
38 63
38 586
38 646
38 703
38 748
38 781
38 959
39 739
39 805
39 826
39 934
39 935
39 983
40 49
40 463
40 758
40 819
40 823
41 191
41 259
41 430
41 457
41 603
41 651
41 677
41 748
41 809
41 861
42 355
42 463
42 768
42 833
43 133
43 495
43 881
43 933
44 337
44 346
44 367
44 369
44 395
44 780
44 804
44 946
45 290
45 338
45 375
45 399
45 582
45 834
45 896
46 138
46 573
46 855
47 66
47 133
47 414
47 930
47 993
48 50
48 198
48 394
48 753
48 995
48 1017
49 55
49 64
49 299
49 623
49 870
49 890
50 127
50 207
50 277
50 302
50 445
50 487
50 618
50 830
51 224
51 377
51 448
51 559
51 601
51 761
52 220
52 312
52 517
52 523
52 566
52 911
53 111
53 202
53 273
53 293
53 334
53 375
53 701
53 750
53 789
53 894
53 914
53 930
54 321
54 469
54 712
54 773
54 997
55 140
55 212
55 215
55 300
55 317
55 341
55 351
55 650
55 704
55 798
55 836
55 929
55 962
56 241
56 377
56 447
56 450
56 529
56 725
56 842
56 919
57 375
57 511
57 784
57 790
57 851
57 891
57 910
58 254
58 290
58 306
58 428
58 695
58 753
58 881
58 921
59 302
59 330
59 333
59 478
59 903
59 1002
60 529
61 110
61 168
61 747
61 937
61 990
62 167
62 201
62 291
62 373
62 706
63 67
63 286
63 430
63 463
63 489
63 509
63 528
63 702
63 858
63 899
63 998
64 167
64 252
64 354
64 358
64 448
64 642
64 701
65 139
65 336
65 881
66 353
66 355
66 564
66 611
66 939
67 105
67 406
67 919
67 986
68 195
68 315
68 379
68 467
68 598
68 603
68 626
68 769
68 811
69 117
69 133
69 153
69 470
69 558
69 596
69 871
70 133
70 162
70 190
70 393
70 445
70 494
70 573
70 588
70 907
71 375
71 503
71 526
71 751
71 762
71 776
71 886
71 945
72 276
72 384
72 407
72 634
72 679
72 714
72 889
72 945
72 959
73 361
73 383
73 454
73 649
73 663
73 707
73 855
74 500
74 518
74 520
74 639
74 657
74 737
74 749
74 834
74 951
75 207
75 361
75 653
75 677
75 800
76 195
76 263
76 350
76 456
76 589
77 198
77 461
78 685
78 745
78 785
78 875
79 197
79 230
79 238
79 455
79 648
79 793
80 107
80 539
80 890
81 111
81 282
81 497
81 597
81 717
81 935
81 979
82 302
82 314
82 499
82 539
82 942
83 87
83 296
83 749
83 822
83 910
83 932
83 1022
84 128
85 414
85 417
85 491
85 545
85 555
85 648
85 728
85 793
85 805
85 831
86 168
86 239
86 354
86 472
86 676
86 763
86 770
87 117
87 315
87 413
87 581
87 717
87 733
87 748
87 928
87 995
87 1019
88 108
88 117
88 211
88 630
88 643
88 948
88 999
89 217
89 418
89 488
89 701
89 893
89 986
90 449
90 840
90 860
90 892
91 800
91 871
91 983
91 1010
91 1016
92 227
92 313
92 381
93 374
93 729
93 757
93 934
93 946
94 222
94 280
94 601
94 755
95 290
95 318
95 514
95 625
95 643
95 665
95 763
95 929
96 193
96 306
96 437
96 692
96 736
96 808
96 912
96 973
97 449
97 456
97 457
97 642
97 850
97 875
97 945
98 273
98 305
98 428
98 434
98 711
98 754
98 907
99 104
99 172
99 194
99 206
99 307
99 409
99 467
99 735
99 801
99 851
100 142
100 276
100 551
100 591
100 685
100 697
100 812
101 139
101 240
101 268
101 413
101 740
101 955
102 270
102 451
102 580
102 587
102 787
102 889
102 960
102 962
103 205
103 254
103 291
103 302
103 422
103 998
103 1017
104 193
104 274
104 470
104 608
104 705
104 772
105 241
105 259
105 315
105 577
105 899
105 981
105 1010
106 132
106 148
106 342
106 550
106 776
106 851
106 897
106 1005
107 196
107 278
107 642
107 850
107 929
107 961
108 283
108 368
108 809
108 1013
109 181
109 471
109 538
109 601
109 707
109 736
109 793
109 940
109 1002
110 351
110 468
110 516
110 518
110 624
110 825
111 274
111 282
111 353
111 370
111 381
111 418
111 655
112 197
112 248
112 410
112 458
112 573
113 314
113 319
113 772
113 816
113 915
113 932
113 980
113 1007
114 167
114 516
114 529
114 591
114 596
114 632
114 762
114 1016
115 409
115 659
115 821
115 1021
116 603
116 752
116 774
116 970
116 975
117 164
117 276
117 365
117 389
117 398
117 606
117 623
117 647
117 706
118 520
118 628
118 830
118 841
118 929
119 192
119 309
119 442
119 793
120 195
120 410
120 795
120 953
121 164
121 483
121 708
121 835
122 207
122 341
122 414
122 888
122 927
122 1021
123 195
123 322
123 601
123 634
123 705
123 833
123 931
124 163
124 200
124 493
124 533
124 569
124 677
124 952
125 272
125 295
125 444
125 501
125 511
125 568
125 866
125 978
126 297
126 349
126 387
126 667
126 678
126 961
127 149
127 172
127 267
127 296
127 507
127 527
127 585
127 744
128 599
128 643
128 724
128 876
128 897
129 421
129 674
129 746
129 836
130 440
130 561
130 614
131 472
131 576
131 768
131 977
131 999
132 177
132 666
132 775
132 836
133 269
133 313
133 648
133 900
133 1013
134 143
134 204
134 212
134 502
134 523
134 578
134 886
135 167
135 249
135 463
135 615
135 886
135 1019
136 142
136 160
136 248
136 351
136 713
136 782
136 786
137 180
137 203
137 265
137 439
138 148
138 256
138 289
138 396
138 422
138 818
138 963
139 443
139 634
139 804
139 807
140 408
140 414
140 577
140 591
140 678
140 771
141 405
141 473
141 503
141 549
141 638
141 695
141 792
141 934
141 978
141 997
142 296
142 299
142 597
142 922
143 217
143 375
143 461
143 508
143 543
143 569
143 666
144 507
144 684
144 733
144 837
144 1017
145 294
145 674
145 710
145 716
145 884
145 963
145 966
146 174
146 317
146 355
146 807
146 999
147 352
147 444
147 511
147 606
147 889
148 287
148 309
148 385
148 514
148 520
148 716
148 829
149 416
149 439
149 593
149 650
149 699
149 804
150 213
150 450
150 713
150 971
150 977
151 403
151 488
151 631
151 643
151 656
151 775
151 860
151 874
151 946
151 975
152 301
152 924
153 322
153 636
153 722
153 872
153 884
153 947
154 229
154 257
154 304
154 408
154 410
154 484
154 649
154 689
154 777
155 310
155 490
155 870
156 686
156 827
156 949
156 970
157 250
157 310
157 826
157 849
158 308
158 505
158 626
158 725
158 771
158 998
158 1019
159 314
159 315
159 316
159 380
159 545
159 569
159 640
159 733
160 177
160 335
160 595
160 813
160 829
160 999
160 1022
161 197
161 252
161 384
161 509
161 647
161 876
161 981
162 497
162 532
162 585
162 687
162 828
162 940
163 297
163 375
163 477
163 566
163 585
163 665
163 792
163 900
163 915
164 226
164 291
164 673
164 677
164 692
164 822
164 938
165 771
166 241
166 395
166 446
167 236
167 325
167 434
167 471
167 537
168 225
168 540
168 669
168 767
169 171
169 414
169 472
169 603
169 785
170 206
170 247
170 295
170 429
170 588
170 655
170 759
170 932
171 256
171 537
171 551
171 691
171 733
172 466
172 569
172 848
172 922
173 328
173 365
173 386
173 598
173 612
173 722
173 854
174 610
175 436
175 544
175 869
175 904
175 978
176 306
176 551
176 843
176 947
176 971
177 289
177 354
177 469
177 518
177 892
177 937
178 285
178 369
178 503
178 769
179 350
179 603
179 810
179 853
180 301
180 483
180 553
180 845
181 397
181 787
181 990
181 996
182 263
182 383
182 496
182 521
182 761
183 412
183 514
183 861
183 930
184 235
184 248
184 291
184 363
184 424
184 469
184 591
184 670
184 767
184 844
184 1022
185 235
185 313
185 346
185 639
185 694
185 722
185 945
185 991
186 456
186 642
186 900
186 1022
187 311
187 392
187 402
187 468
187 625
187 677
187 738
187 954
188 231
188 453
188 556
188 614
188 630
188 705
188 990
189 225
189 329
189 387
189 407
189 472
189 711
189 784
189 992
190 201
190 325
190 651
190 661
190 742
190 869
190 963
191 340
191 516
191 712
191 832
191 978
192 193
192 531
192 546
192 558
192 736
192 969
193 414
193 436
193 483
193 566
193 672
193 722
193 727
193 993
194 300
194 342
194 515
194 517
194 870
194 998
195 211
195 441
195 453
195 548
195 636
195 673
195 693
195 998
195 1005
196 605
196 842
197 261
197 331
197 575
197 688
197 907
197 980
198 340
198 409
198 478
198 565
198 863
199 553
199 601
199 813
199 825
199 961
200 345
200 545
200 581
200 656
200 859
200 860
200 997
201 202
201 270
201 291
201 391
201 412
201 534
201 569
201 659
201 711
202 250
202 342
202 356
202 549
202 616
202 945
202 992
203 314
203 385
203 390
203 621
203 657
203 675
204 247
204 545
204 652
204 693
204 707
204 1008
205 286
205 399
205 415
205 441
205 596
205 752
205 821
206 277
206 382
206 486
206 602
206 631
206 785
206 879
206 943
207 307
207 340
207 395
207 679
207 703
207 818
207 874
208 627
208 781
208 880
208 916
208 943
209 226
209 807
209 884
210 512
210 552
210 566
210 647
210 951
211 250
211 556
211 599
211 655
211 694
211 726
211 918
212 247
212 473
212 638
213 264
213 309
213 523
213 793
213 926
213 927
213 935
214 333
214 629
215 260
215 463
215 547
215 940
216 268
216 353
216 355
216 541
216 568
216 634
216 705
216 726
216 825
217 302
217 440
217 830
217 983
217 987
218 398
218 444
218 480
218 745
218 789
218 980
219 269
219 391
219 449
219 553
219 625
219 724
219 866
220 330
220 562
220 568
220 775
220 804
220 985
220 1004
221 592
221 712
221 713
221 724
221 852
221 990
222 504
222 511
222 586
222 634
222 679
222 760
222 782
222 884
223 350
223 446
223 556
223 845
223 975
223 1000
224 680
224 812
225 533
225 745
225 770
226 311
226 375
226 602
226 870
226 876
226 884
226 891
226 939
226 952
226 986
227 295
227 408
227 567
227 899
227 994
228 262
228 359
228 484
228 603
228 694
228 833
228 885
229 379
229 432
229 521
229 740
229 783
229 836
229 883
230 344
230 353
230 546
230 686
230 953
231 496
231 778
231 891
231 974
232 240
232 544
232 630
232 725
232 917
232 990
233 258
233 279
233 500
233 609
233 698
234 244
234 439
234 540
234 637
235 399
235 581
235 712
235 813
235 981
235 988
235 1010
236 359
236 569
236 817
236 938
237 250
237 266
237 523
237 597
237 622
237 638
237 784
238 256
238 393
238 519
238 634
238 697
238 921
239 366
239 385
239 469
239 515
239 922
239 928
240 481
240 496
240 502
240 571
240 671
240 736
240 775
240 825
240 879
240 897
241 323
241 441
241 517
241 636
241 878
242 336
242 349
242 544
242 809
242 831
242 897
242 953
242 966
242 1022
243 248
243 464
243 787
243 827
244 350
244 546
244 893
244 1010
245 297
245 321
245 395
245 875
245 886
245 998
246 957
246 972
247 368
247 371
247 452
247 506
247 759
247 845
247 938
248 352
248 522
248 722
248 1019
249 360
249 508
249 525
249 799
249 964
250 445
250 478
250 604
250 635
250 753
250 1016
251 325
251 490
251 553
251 698
251 723
251 856
252 367
252 547
252 630
252 939
253 353
253 629
253 640
253 762
253 857
254 256
254 475
254 652
254 984
255 399
255 551
255 758
255 900
255 916
255 983
255 1009
256 403
256 498
256 540
256 707
256 711
256 971
256 976
257 373
257 603
257 646
257 795
258 323
258 388
258 434
258 505
258 603
258 725
258 945
259 732
259 851
260 376
260 430
260 663
260 695
260 860
261 371
261 680
261 797
261 840
261 867
261 943
262 301
262 377
262 590
262 843
263 593
264 306
264 317
264 888
265 943
265 994
266 684
266 974
267 291
267 445
267 562
267 695
268 483
268 501
268 518
268 799
268 904
269 427
269 483
269 577
269 708
269 802
269 843
269 885
270 289
270 308
270 381
270 561
270 625
270 692
270 912
270 996
270 1018
271 600
271 696
271 720
271 758
271 779
271 955
272 365
272 639
272 771
272 881
272 964
273 511
273 597
273 891
273 938
274 516
274 809
274 836
274 884
274 936
274 982
275 312
275 313
275 471
275 516
275 777
275 930
275 1012
276 432
276 434
276 904
277 490
277 771
278 424
279 327
279 590
279 667
279 935
280 300
280 553
280 688
280 1006
281 314
281 376
281 396
281 407
281 451
281 492
281 530
281 593
281 623
281 662
281 952
282 360
282 434
282 446
282 554
282 653
282 682
282 929
283 471
284 627
284 849
285 394
285 444
285 660
285 806
285 807
285 910
285 918
285 952
286 531
286 594
286 687
286 885
286 891
286 932
287 651
287 821
287 829
288 296
288 644
288 765
288 963
289 358
289 755
289 920
289 973
290 350
290 650
290 777
290 939
291 393
291 977
292 310
292 355
292 376
292 470
292 637
292 678
292 961
293 676
293 835
293 956
293 1016
294 333
294 517
294 528
294 752
294 786
294 836
294 915
295 366
295 394
295 478
295 596
296 523
296 647
296 708
296 811
296 854
296 910
296 933
297 387
297 594
297 846
297 876
298 412
298 554
298 840
299 412
299 694
299 739
299 950
300 420
300 429
300 1002
300 1008
301 473
301 474
301 996
301 1011
301 1017
302 382
302 779
302 970
303 384
303 425
303 475
303 988
304 521
304 562
304 568
304 719
304 845
304 876
304 967
305 342
305 389
305 714
305 844
305 910
306 371
306 443
306 801
306 841
306 958
307 513
307 565
307 677
307 972
308 440
308 627
308 895
309 336
309 372
309 559
309 820
310 331
310 543
311 420
311 793
311 859
312 564
312 582
312 841
313 469
313 639
313 824
313 963
313 969
313 1020
314 370
314 456
314 480
314 784
314 915
315 522
315 757
315 880
315 989
316 717
316 835
317 375
317 418
317 481
317 704
317 731
318 373
318 418
318 529
318 567
318 754
318 782
318 907
318 941
319 339
319 452
319 464
319 545
319 553
319 901
319 961
320 597
320 815
321 557
321 591
321 778
321 848
321 855
321 943
322 553
322 678
322 992
323 359
323 431
323 517
323 857
323 893
323 908
324 558
325 452
325 474
325 622
325 663
325 677
325 842
325 849
325 870
325 940
326 362
326 409
326 616
326 845
327 428
327 468
327 624
327 794
327 925
328 491
328 614
328 762
328 835
329 471
329 543
329 569
329 867
330 448
330 686
330 812
330 921
331 398
331 647
331 718
331 788
331 798
331 856
331 932
332 407
332 970
333 794
333 878
334 372
334 570
334 815
334 1005
335 442
335 674
335 844
335 866
335 899
336 344
336 352
336 440
336 634
336 876
337 431
337 724
337 729
337 791
337 949
338 716
338 819
338 826
339 454
339 541
339 611
339 810
339 969
340 401
340 463
340 643
341 407
341 1002
342 360
342 477
342 610
342 661
342 674
342 898
343 431
343 696
344 491
344 503
344 882
344 946
344 954
345 731
346 390
346 812
346 931
346 1008
347 372
347 374
347 622
347 929
347 952
348 885
348 935
348 986
348 997
349 380
349 395
349 610
349 809
350 385
350 670
350 745
350 854
351 647
351 823
352 362
352 393
352 458
352 738
353 449
353 542
353 580
353 786
353 800
353 814
353 891
354 399
354 420
354 430
354 512
354 706
354 819
354 833
355 468
355 670
356 775
356 911
357 381
357 407
357 444
357 454
357 523
357 615
357 672
357 957
358 384
358 467
358 483
358 484
358 558
358 699
358 730
358 825
359 881
359 974
360 377
360 561
360 730
360 933
360 1011
361 449
361 474
362 663
362 734
362 921
363 394
363 449
363 803
364 521
364 626
364 1008
365 544
365 630
365 688
365 950
366 540
366 626
366 718
366 788
367 686
367 903
367 967
367 991
368 444
368 507
368 693
368 826
368 836
368 970
369 425
369 616
369 649
369 669
369 728
369 852
369 1014
370 534
370 623
370 855
371 908
372 381
372 536
372 606
372 763
372 777
372 1008
372 1018
373 562
373 574
373 707
373 755
373 1018
374 411
374 652
374 713
374 785
374 897
375 511
375 661
375 719
375 746
375 917
376 441
376 515
376 567
376 617
376 694
376 735
376 969
376 995
377 435
377 468
377 722
378 752
378 865
378 950
378 997
379 483
379 586
379 608
379 632
379 780
379 814
379 891
379 906
379 908
380 650
380 667
380 706
380 774
380 1012
381 441
381 454
381 511
382 714
382 904
382 922
382 938
383 472
383 775
383 882
384 894
385 697
385 830
385 893
385 951
385 973
386 683
386 706
386 828
387 457
387 492
387 706
387 854
387 940
387 955
388 423
388 741
388 896
388 983
388 992
388 1006
389 476
389 566
389 644
390 785
390 817
390 845
390 870
390 886
391 674
391 779
391 804
391 805
391 921
392 559
392 577
392 863
392 982
393 598
393 767
393 862
393 875
394 562
394 635
394 721
394 771
394 898
395 568
395 631
395 681
395 1012
396 548
396 649
396 747
396 842
397 508
397 626
397 759
397 875
398 544
398 776
398 882
399 540
399 786
399 911
399 917
399 949
400 469
400 616
400 773
400 995
401 635
401 934
402 504
402 532
402 542
402 562
402 722
403 473
403 1020
404 420
404 774
404 987
405 681
405 931
406 574
406 660
406 729
406 851
406 1020
407 500
407 603
407 769
407 771
407 795
407 875
407 937
408 819
408 951
409 423
409 463
409 526
409 609
409 858
409 974
410 547
410 575
410 605
410 679
410 924
411 488
411 681
412 460
412 593
412 676
412 693
412 901
413 418
413 438
413 523
413 678
413 836
414 512
414 665
414 684
414 834
414 887
414 986
415 903
415 1015
416 517
416 800
416 841
416 863
416 891
417 552
417 573
417 962
418 517
418 540
418 587
418 799
419 480
419 813
419 866
419 890
420 598
421 539
421 1020
422 428
422 534
422 684
422 873
423 428
423 579
423 606
423 660
423 785
423 850
423 963
424 580
424 602
424 608
424 963
425 874
426 483
426 607
426 674
426 692
426 751
426 911
427 468
427 503
427 526
427 684
427 930
428 438
428 453
428 571
428 809
428 815
428 977
429 474
429 638
429 666
429 1021
430 610
430 649
430 675
430 756
430 937
430 985
431 445
431 460
431 483
431 498
431 699
431 708
431 711
432 513
432 537
432 653
432 989
432 1008
433 453
433 543
433 640
433 679
433 898
433 911
433 964
433 986
434 608
434 615
434 694
435 706
435 758
436 667
436 1018
437 617
438 853
438 934
439 447
439 482
439 748
439 809
439 1021
440 500
440 600
440 853
440 949
441 515
441 639
441 649
441 834
442 908
442 1018
443 692
443 813
443 882
444 712
444 732
445 456
445 501
445 529
445 834
445 871
446 500
446 502
446 683
446 884
446 890
447 557
447 691
447 739
447 812
448 532
448 617
448 639
448 694
448 770
448 771
449 815
449 880
450 1008
450 1018
451 453
451 615
451 874
452 474
452 860
453 507
453 521
453 641
453 953
454 647
454 841
455 644
455 734
456 798
456 841
456 875
456 971
457 528
457 656
457 944
457 982
458 532
458 642
458 746
458 808
458 847
458 937
458 971
459 586
459 649
459 686
459 755
459 794
459 897
460 609
460 704
460 757
460 850
460 995
461 473
461 529
461 569
461 684
461 824
461 1004
462 465
462 723
462 796
462 798
462 820
462 857
462 963
463 725
463 868
464 559
464 586
464 629
464 721
465 508
465 627
465 653
465 680
465 839
466 478
466 789
466 852
466 909
467 578
467 689
467 784
468 577
468 705
468 776
469 479
469 522
469 675
469 816
469 908
470 522
470 552
470 647
470 720
470 862
470 900
470 925
470 928
471 599
471 674
471 812
471 914
471 997
472 656
472 731
472 772
472 795
473 743
473 882
473 891
474 528
474 867
474 884
474 944
475 1000
476 492
476 844
476 936
476 1014
477 481
477 970
478 519
478 741
478 745
478 806
478 813
478 982
478 1021
479 664
479 769
479 781
479 1000
479 1004
480 593
480 618
480 727
481 626
481 749
481 932
481 968
481 1013
482 537
483 716
484 693
484 767
484 976
484 999
485 803
485 914
486 737
486 941
487 491
487 654
487 823
487 951
487 973
487 1000
488 849
488 980
489 544
489 647
490 512
490 858
490 931
490 963
490 1004
491 607
491 971
492 521
492 689
493 514
493 811
493 922
494 616
494 686
494 700
494 721
495 522
496 904
496 920
496 1020
497 576
497 714
497 805
497 821
497 923
498 787
499 693
499 830
499 858
500 577
500 732
500 855
500 983
501 853
501 871
501 897
501 974
502 629
502 806
502 863
502 893
503 547
503 565
503 580
503 806
504 589
504 698
504 703
504 852
504 904
505 622
505 632
505 673
506 557
506 712
506 815
506 865
507 622
507 670
507 716
507 759
507 800
507 830
507 932
508 700
508 827
508 1012
509 532
509 807
509 826
510 550
510 747
510 832
510 835
510 870
510 922
511 620
511 633
511 851
512 540
512 643
512 660
513 645
513 686
514 842
514 958
515 542
515 932
515 983
516 791
516 820
517 745
517 880
517 1021
518 617
518 632
518 675
518 831
518 875
518 911
518 969
519 764
519 825
519 861
519 867
520 527
521 661
521 745
521 822
521 987
522 755
522 846
522 852
522 997
522 1008
523 579
523 604
523 757
523 833
523 883
524 586
524 756
525 603
525 624
525 653
525 887
526 695
526 815
526 868
527 560
527 823
527 900
527 936
527 976
528 666
528 689
528 801
528 827
528 828
529 672
529 756
529 827
530 723
531 656
531 657
532 586
532 738
532 802
533 573
533 619
533 977
533 993
533 1017
534 758
534 812
534 860
534 879
534 917
535 719
535 781
535 1004
536 621
536 767
536 882
537 568
537 669
537 713
537 874
537 880
538 600
539 591
539 647
539 702
539 708
539 901
539 966
540 615
540 866
540 918
542 569
542 718
542 804
543 727
543 790
544 830
544 959
545 605
545 671
545 690
545 872
545 925
545 985
545 987
546 582
546 590
546 706
546 867
546 947
547 636
548 623
549 742
549 782
549 912
549 915
549 1019
550 818
550 823
551 592
551 709
551 758
552 569
552 578
552 831
553 563
553 639
553 715
553 801
554 570
554 697
554 748
555 904
556 813
556 875
557 611
557 684
557 685
557 691
557 704
557 825
557 848
557 899
557 1006
558 581
558 585
558 719
558 876
558 949
559 581
559 805
559 883
559 893
559 902
559 949
560 690
560 693
560 973
561 678
561 728
562 584
562 772
562 917
562 971
563 698
563 995
564 662
564 783
565 704
565 759
565 971
565 1015
566 726
566 781
566 818
566 829
566 859
566 953
566 1008
567 738
567 883
567 954
568 809
569 983
570 573
570 830
571 585
571 654
571 777
572 594
572 748
572 805
572 943
572 987
573 711
574 625
574 794
575 595
575 643
575 734
576 903
577 646
578 627
578 632
578 822
579 604
579 927
580 736
580 741
580 785
581 619
581 838
581 904
581 940
582 621
582 694
582 736
582 775
582 1009
583 651
583 691
583 716
584 912
584 937
584 963
586 715
586 719
586 742
586 763
586 896
587 626
587 683
587 752
587 760
587 830
587 999
587 1017
588 661
588 794
589 657
590 650
590 663
590 844
591 892
591 922
592 601
592 806
592 821
592 886
592 938
592 944
592 947
593 624
593 994
594 843
594 908
595 742
595 962
596 627
596 793
596 814
596 889
596 992
597 782
597 820
597 1002
598 728
598 752
598 948
599 950
600 752
600 855
601 685
601 890
602 715
602 725
602 788
602 892
602 972
603 724
603 954
603 1001
604 656
604 785
605 651
605 698
605 715
605 976
606 668
606 775
608 627
608 739
608 818
608 892
608 961
609 769
609 797
609 953
610 678
610 817
610 877
612 679
612 780
612 814
612 954
613 675
613 728
613 776
613 983
614 799
615 659
615 680
616 724
616 905
617 679
617 906
617 926
617 941
618 681
618 803
618 889
619 623
619 782
619 818
620 895
620 1001
621 656
621 668
621 774
621 857
622 761
622 787
622 957
623 709
623 849
624 668
624 1013
626 652
626 721
627 936
628 655
628 695
628 728
628 745
628 761
628 871
629 898
629 936
630 636
631 710
631 814
631 949
632 673
632 726
632 846
633 638
634 696
634 913
634 928
634 976
635 646
635 737
635 768
635 865
636 736
636 831
636 984
637 1018
638 713
638 792
638 840
638 885
639 644
639 1017
640 745
640 985
641 829
641 860
641 954
642 959
643 817
643 988
645 658
645 760
645 846
645 868
645 900
645 931
645 933
645 981
646 783
646 857
647 678
647 836
647 954
647 974
648 671
648 928
648 966
649 817
649 836
649 841
649 953
650 894
651 726
651 732
651 765
651 816
651 823
651 917
651 934
651 996
653 796
653 834
653 959
654 739
654 834
655 775
655 788
655 819
655 1022
656 791
657 749
657 755
657 924
658 881
658 967
658 1009
658 1012
659 833
659 889
659 961
660 713
660 748
660 1021
661 870
661 992
662 837
663 670
663 1011
664 750
665 739
665 906
666 669
666 742
668 776
669 977
670 681
670 724
670 931
670 986
671 749
671 858
671 897
671 943
671 1001
672 802
673 947
674 749
674 758
674 786
674 918
675 676
675 689
676 944
676 965
677 797
677 934
678 701
679 771
679 775
679 993
680 741
680 758
680 978
681 809
681 826
681 880
681 962
682 985
683 704
683 738
683 815
683 977
684 688
684 1020
685 729
685 782
685 876
685 888
686 721
686 816
688 833
688 940
688 944
688 969
688 998
688 1004
689 744
689 759
689 769
689 861
691 768
691 843
691 1003
692 717
693 882
693 1011
694 1014
695 723
695 746
695 1000
696 714
696 982
697 955
698 786
698 842
698 969
699 764
699 860
700 763
700 901
700 980
701 791
702 784
704 862
705 706
705 922
705 923
705 941
706 746
706 775
706 837
706 961
706 1016
707 726
708 822
708 855
708 908
710 861
710 887
711 853
711 925
712 813
714 896
715 749
715 937
716 1002
717 853
717 968
717 994
718 827
720 834
721 908
721 909
721 978
721 1011
723 796
724 847
724 967
724 1010
725 784
727 733
727 795
727 968
728 814
728 1010
729 889
729 929
729 978
729 1001
730 993
731 819
732 781
732 872
733 851
733 856
733 952
734 873
734 884
734 960
734 971
735 927
736 739
736 779
736 933
737 956
737 992
738 860
739 871
740 909
741 778
741 929
741 937
741 1000
742 780
743 854
744 869
745 837
745 926
745 987
746 963
746 965
746 1001
747 775
747 812
747 836
748 1020
749 750
749 892
750 922
750 1001
751 986
751 1000
751 1014
752 787
752 900
752 973
753 837
753 882
753 913
753 994
754 762
754 907
755 838
756 878
756 992
756 1000
757 920
758 777
758 956
759 803
759 871
759 921
759 1007
762 823
762 931
764 847
766 888
766 988
766 1000
767 784
767 986
768 810
768 881
772 861
773 834
773 936
774 810
774 962
777 785
777 857
777 948
777 956
778 906
778 920
778 961
779 806
779 829
780 904
781 955
781 1011
782 900
784 815
786 820
786 984
787 979
788 936
788 1007
788 1018
790 905
790 944
791 883
791 897
792 819
793 852
793 921
795 919
795 936
797 843
797 901
797 991
798 876
798 946
799 840
799 892
800 981
801 810
801 826
802 866
802 1021
803 911
805 947
805 1013
806 888
806 896
806 1007
807 915
807 962
808 903
808 936
810 883
810 1002
810 1013
811 889
811 908
811 943
813 1004
815 824
815 997
816 881
816 1014
817 844
818 900
818 955
819 841
819 1012
820 951
821 844
821 941
822 946
824 863
824 897
824 906
826 940
827 997
827 1020
828 966
829 1008
830 1013
831 863
831 1011
832 854
833 874
834 970
835 917
836 967
837 922
838 860
838 935
839 844
839 860
840 888
840 889
843 928
843 1001
844 977
845 910
846 874
846 916
847 853
847 858
849 883
850 903
855 858
855 967
855 974
858 1009
859 1009
860 866
861 980
862 962
862 993
864 928
867 880
867 992
868 956
869 917
870 1022
873 956
874 947
875 897
875 996
875 1016
876 932
876 933
876 984
877 957
879 949
880 973
883 1005
885 914
885 995
886 912
890 952
890 995
890 1014
895 934
896 969
897 974
897 980
898 922
898 926
898 977
899 998
900 1023
901 935
902 989
904 982
905 914
905 1004
907 929
908 939
909 1013
910 958
911 947
912 980
912 1006
913 961
914 999
915 936
917 931
921 1005
921 1015
924 956
926 937
926 970
929 977
931 991
932 972
933 982
936 975
936 989
936 998
939 968
939 983
940 980
940 997
944 954
952 954
952 985
953 983
953 993
953 1003
953 1013
955 972
955 992
956 1017
958 962
959 996
962 1011
962 1018
963 975
963 1023
966 984
976 997
982 985
982 1015
986 1006
986 1016
993 1009
995 1018
1011 1017
