100
6 1 3 4 6 15 31
3 2 5 20
0
3 14 45 61
7 7 8 10 13 17 18 43
4 19 74 75 78
3 9 12 86
5 16 23 32 34 95
0
1 33
4 11 40 44 48
0
1 22
3 24 39 84
1 21
0
0
0
1 66
1 58
2 25 26
1 27
2 29 57
0
1 47
2 28 70
2 82 98
1 42
3 49 54 68
3 30 35 69
1 90
0
2 37 52
0
1 96
1 36
2 41 53
4 38 46 55 59
1 81
2 80 87
0
1 50
0
0
0
0
1 51
1 56
1 65
0
1 60
1 77
1 73
1 79
1 88
1 94
0
3 63 76 83
0
2 64 67
0
2 62 72
0
1 71
0
1 85
1 93
0
0
0
0
0
0
0
0
0
0
0
0
0
0
0
1 89
0
1 92
1 91
0
1 99
0
0
0
0
0
0
1 97
0
0
0
0
0
50
53 32
36 32
63 17
7 83
10 67
16 46
19 28
71 7
56 20
53 28
54 30
77 48
20 4
14 10
19 25
98 31
1 9
51 22
17 52
24 95
71 53
25 78
16 42
97 88
32 17
4 43
95 49
7 36
2 67
45 63
40 98
96 51
7 67
97 78
50 9
30 60
16 61
93 9
53 98
30 34
43 89
88 31
92 1
74 94
93 65
49 65
37 58
41 48
43 29
15 89
