250
5 1 2 7 9 117
5 3 5 41 103 118
4 10 15 17 23
5 4 6 16 26 42
3 8 14 81
1 34
3 11 22 46
3 12 28 31
0
1 129
3 110 182 201
4 44 141 150 230
3 13 43 58
3 21 62 92
8 18 19 27 37 40 73 79 223
3 59 98 180
3 75 97 247
1 20
9 45 47 54 55 57 63 99 114 244
4 29 32 70 222
2 52 71
3 51 77 149
0
4 24 25 84 159
5 33 38 39 112 206
1 49
4 30 48 50 163
0
1 60
2 35 210
2 89 91
3 36 83 87
3 64 86 248
1 65
2 146 171
4 90 106 192 231
1 67
2 161 167
1 56
3 53 127 185
1 68
0
1 143
2 189 199
2 66 137
2 128 205
2 78 135
2 82 136
3 108 140 194
1 104
4 175 184 227 235
1 72
0
0
2 80 164
2 88 105
1 176
2 96 188
0
2 69 101
2 61 151
1 174
2 76 95
4 94 109 160 225
1 193
2 111 116
0
0
2 134 138
0
3 119 169 178
3 74 215 219
2 212 249
1 93
0
2 107 214
2 85 131
0
0
1 148
3 102 113 152
0
1 100
1 126
2 122 226
0
2 237 240
1 196
1 145
1 154
1 179
1 187
0
1 153
0
1 162
0
2 121 200
1 120
1 224
1 202
0
0
1 218
1 125
1 221
0
0
0
0
1 242
1 130
1 139
2 132 241
1 115
0
1 147
0
0
0
1 123
1 239
3 124 144 216
0
3 133 142 156
1 168
0
0
0
1 204
1 246
1 236
1 177
1 203
1 155
0
0
0
0
1 191
0
0
1 170
0
0
0
3 158 190 208
0
0
2 157 173
0
0
1 172
0
0
1 217
2 166 181
1 220
0
1 209
2 207 232
0
0
2 165 228
0
2 186 195
1 238
0
1 197
0
0
0
0
0
0
0
0
0
1 183
1 198
0
0
0
0
0
0
1 234
0
0
0
0
0
1 229
0
0
0
0
0
0
0
0
0
0
0
1 213
0
0
2 211 243
0
0
0
0
0
0
0
0
0
0
0
0
0
0
0
0
0
0
0
0
0
0
0
0
1 233
0
0
0
0
0
0
1 245
0
0
0
0
0
0
0
0
0
0
100
168 126
7 62
198 217
107 218
104 240
103 239
199 234
211 224
71 136
78 35
243 17
243 31
204 139
233 33
184 15
96 88
34 151
172 213
139 125
135 147
76 215
99 90
13 138
172 29
82 190
116 46
50 163
172 28
45 236
7 149
185 21
67 242
182 98
131 245
184 186
135 52
204 100
77 187
95 42
28 87
37 119
15 137
57 203
53 138
83 35
175 89
59 103
95 97
69 20
168 238
198 233
144 91
100 192
103 85
152 189
145 19
90 44
169 92
10 197
200 227
125 83
28 100
203 44
180 209
206 26
20 225
46 148
167 108
76 95
32 184
216 36
145 54
143 25
5 119
9 73
129 182
207 239
106 123
168 85
97 3
58 19
84 235
120 156
214 180
70 29
12 125
21 114
244 63
76 43
125 223
57 161
168 211
222 61
16 73
89 74
10 52
72 145
172 236
83 97
234 28
