380
7 1 26 27 83 259 295 376
6 2 3 4 6 132 150
4 5 11 31 58
7 8 14 22 34 35 38 140
2 16 21
6 7 12 13 111 153 191
3 28 30 196
6 9 10 139 145 239 250
1 138
4 15 17 40 282
3 19 20 108
3 37 59 312
3 61 128 260
5 39 46 49 67 149
3 18 50 267
0
3 42 53 157
5 41 52 76 212 354
3 24 45 80
2 56 209
4 23 48 88 146
1 116
1 343
3 32 103 333
4 25 29 109 186
1 101
2 43 47
0
4 63 125 174 297
5 51 90 114 193 201
5 36 110 197 227 367
5 33 69 94 123 334
0
3 60 175 202
5 81 134 154 242 346
1 274
1 344
1 44
1 156
2 55 268
2 84 275
3 64 119 181
0
4 70 288 296 316
1 66
4 120 158 177 208
1 243
2 54 251
1 86
3 96 105 162
3 57 62 241
4 237 240 321 324
1 87
0
0
2 89 290
1 97
0
1 85
2 102 144
3 65 71 72
4 117 129 147 358
2 68 136
1 183
1 234
1 74
1 159
4 75 82 115 330
2 92 247
2 91 93
2 205 300
2 73 216
2 122 137
2 77 167
5 78 79 99 148 272
3 164 226 235
3 218 311 365
4 107 131 165 261
1 135
2 185 375
1 265
0
3 95 200 271
2 166 217
2 213 273
2 118 130
2 100 126
3 106 143 277
0
2 141 353
1 98
0
2 112 253
2 121 224
1 104
0
0
2 133 229
1 170
0
0
1 325
1 113
1 187
2 246 281
3 151 179 377
1 307
1 254
2 221 323
0
0
0
1 232
1 269
2 127 160
1 304
0
1 182
4 124 222 257 356
0
0
1 362
2 219 294
3 178 279 293
0
0
2 171 188
4 169 210 236 276
0
0
1 366
0
1 301
1 306
0
1 220
4 142 161 203 289
0
1 322
2 194 211
0
0
0
4 155 163 176 190
2 245 349
0
0
0
1 342
1 285
3 152 189 291
1 168
2 315 328
1 192
1 195
1 378
0
1 302
0
2 233 298
3 173 270 341
1 180
0
1 172
0
0
2 215 256
0
1 199
0
2 207 359
0
0
0
0
0
1 214
2 198 335
2 238 249
2 184 223
1 266
1 336
0
1 206
1 309
0
1 204
2 248 314
1 345
0
0
2 255 326
0
1 308
1 252
0
0
1 317
1 372
0
3 258 286 373
1 225
0
5 231 278 292 332 368
0
0
2 228 361
0
0
0
0
0
0
0
0
1 319
0
0
0
0
0
1 340
1 230
0
0
0
0
1 331
1 305
0
1 370
1 327
0
0
1 280
1 303
1 364
0
0
1 244
1 310
0
0
0
0
0
0
0
0
2 264 339
0
1 357
0
1 351
0
2 283 379
1 329
1 263
0
0
1 262
0
1 352
0
0
0
0
0
0
1 318
0
0
1 355
1 299
0
0
0
0
0
1 360
0
0
0
1 284
1 287
0
0
1 337
0
1 313
0
0
0
0
0
0
0
0
0
0
0
0
0
0
0
0
0
1 338
0
0
0
2 347 374
0
0
0
0
1 320
0
0
0
1 363
0
0
0
1 369
0
0
1 350
0
0
0
1 348
0
0
0
0
0
0
0
0
0
0
0
0
0
0
0
0
0
0
0
0
0
0
0
0
0
0
0
0
0
0
0
0
0
0
1 371
0
0
0
0
0
0
0
0
0
0
0
0
0
100
106 76
335 107
128 57
65 161
60 350
60 60
334 335
285 157
30 241
239 323
172 362
303 258
188 118
175 356
6 248
244 111
335 247
378 94
43 372
369 270
282 129
153 327
168 367
198 189
294 146
331 326
60 228
74 210
100 135
85 49
215 127
46 15
11 266
350 220
71 198
273 39
130 232
41 179
327 339
262 161
312 197
157 58
81 71
250 72
360 247
159 168
259 10
368 236
138 167
93 248
177 252
336 52
88 123
174 238
55 298
175 182
193 288
145 161
361 206
126 358
232 280
193 103
356 94
2 198
80 120
330 96
206 343
261 129
149 254
259 43
254 158
0 240
211 309
151 283
103 107
377 5
340 217
50 72
324 355
241 376
90 231
129 201
160 20
221 261
180 147
321 11
111 102
372 122
296 180
64 71
341 145
154 224
51 147
291 271
314 214
259 197
315 117
300 146
34 1
362 72
