500
8 1 4 5 10 12 100 170 255
7 2 7 17 27 63 160 381
3 3 15 40
5 23 43 125 169 301
7 6 32 76 152 195 206 314
6 9 14 20 24 81 219
7 16 51 72 88 106 108 231
5 8 36 38 174 183
4 42 64 66 184
3 11 53 182
2 185 325
3 50 56 383
4 13 31 34 107
4 28 68 79 373
4 18 37 44 77
4 19 22 411 487
4 60 74 86 151
3 29 175 217
6 25 46 130 154 336 452
3 39 94 164
4 21 26 97 230
3 54 103 116
5 52 113 249 306 367
4 276 320 357 494
1 241
3 30 41 242
2 33 78
5 35 55 345 386 475
2 45 171
1 149
5 58 90 227 232 415
6 49 189 220 331 354 409
1 114
1 193
2 122 397
6 92 137 176 279 323 466
6 59 61 67 123 132 177
4 57 118 139 355
1 131
2 62 173
5 69 228 234 248 297
1 481
3 47 124 350
1 65
0
2 73 473
2 48 423
4 98 147 166 448
3 91 93 181
4 142 299 436 444
0
0
2 121 237
3 120 224 272
4 196 202 261 332
1 71
3 201 205 270
3 87 275 417
2 161 167
1 180
3 82 259 477
1 153
1 188
3 179 209 403
3 119 236 371
3 111 134 369
2 250 343
3 70 240 295
3 75 80 416
1 317
1 99
2 291 300
3 89 223 425
2 110 143
2 109 321
5 84 101 104 222 289
1 83
2 85 337
1 105
4 102 163 226 380
2 370 495
2 238 333
1 378
0
1 115
2 129 218
2 126 145
2 95 418
3 135 156 328
1 96
1 191
0
1 157
1 482
2 168 491
4 127 197 318 399
2 253 305
2 288 385
1 467
1 144
0
3 112 186 388
1 315
2 117 162
3 136 438 447
2 128 443
2 266 497
1 244
2 148 426
5 199 284 402 407 496
1 140
0
3 155 203 457
2 334 492
0
0
4 133 268 422 458
0
4 138 158 212 450
3 210 211 349
2 296 326
0
0
0
0
3 178 247 421
0
2 194 366
2 287 389
1 165
0
2 190 198
0
0
2 258 498
2 141 277
1 454
1 286
2 146 489
2 213 215
1 283
1 330
3 256 419 428
2 214 341
0
0
0
2 150 346
0
2 264 293
0
1 208
2 192 245
1 474
1 364
1 322
2 159 221
1 405
2 308 313
0
0
2 267 352
2 408 468
0
0
2 172 200
2 309 335
0
1 225
1 406
0
0
0
1 347
1 437
0
0
0
0
0
0
1 187
3 251 271 372
0
2 310 390
0
3 273 292 461
4 207 254 285 453
1 338
2 265 382
0
1 439
2 278 413
1 252
2 204 239
0
0
1 229
1 429
2 298 319
0
0
0
1 472
0
2 274 476
2 216 440
0
1 307
0
0
2 356 463
2 262 304
0
0
0
1 303
0
1 374
1 312
1 294
2 233 246
0
1 485
0
1 375
1 324
1 235
1 269
1 280
0
2 432 490
0
1 281
0
0
0
0
0
1 260
2 348 363
1 243
2 257 414
0
0
0
0
0
1 404
0
1 344
1 302
0
1 459
1 316
0
0
0
0
1 263
1 493
2 290 362
0
0
0
1 311
0
0
1 393
0
1 410
0
0
1 329
1 384
0
0
0
1 339
1 470
0
3 282 365 377
0
0
0
1 445
1 455
1 483
0
1 486
3 327 379 462
0
0
0
0
0
2 430 433
0
1 446
0
0
0
1 398
0
1 412
0
1 353
1 420
0
0
0
0
0
0
0
1 360
0
0
0
0
0
0
0
0
3 361 392 395
1 368
0
0
1 400
0
0
1 480
1 391
3 342 358 456
0
0
1 340
1 351
0
0
0
0
0
0
1 359
1 387
0
0
1 442
0
0
0
0
0
0
0
1 465
0
0
0
0
0
0
1 431
0
1 396
0
1 376
0
0
1 394
1 434
0
0
0
0
0
0
0
0
0
0
1 401
1 471
0
0
0
0
0
0
2 449 478
1 460
0
0
0
0
1 435
0
0
0
1 464
0
0
0
1 441
0
0
0
0
0
0
1 451
0
0
0
0
1 424
0
0
0
0
1 427
0
0
1 484
0
0
0
0
0
1 469
0
0
0
0
0
0
0
0
0
0
0
0
0
0
0
0
0
0
0
0
0
0
0
0
0
0
0
0
0
0
0
0
0
0
0
0
0
0
0
0
0
0
0
0
0
0
0
1 479
0
1 488
0
0
0
0
0
0
0
0
1 499
0
0
0
0
0
0
0
0
0
0
200
493 424
303 227
26 238
126 204
137 105
245 261
62 435
31 475
377 193
435 13
186 276
370 172
429 466
146 140
439 492
445 71
108 255
81 361
88 343
444 381
416 417
202 171
224 283
406 53
185 275
2 356
320 31
133 213
356 223
178 205
329 256
188 460
316 479
449 148
115 298
120 431
483 262
90 117
199 292
214 164
349 276
9 61
457 492
0 261
1 32
359 265
469 399
313 381
42 171
13 345
383 444
471 256
308 1
449 82
71 476
373 483
110 400
444 198
169 194
118 418
290 489
410 138
367 373
58 329
419 417
155 360
253 62
216 419
6 286
137 381
415 129
107 236
441 122
355 152
308 308
198 353
21 376
26 155
287 29
77 468
97 80
244 240
482 197
311 478
25 306
497 427
251 375
412 354
187 374
267 371
443 181
435 312
385 275
1 128
214 263
54 495
452 452
74 415
110 142
457 455
60 295
230 416
28 206
333 29
80 166
393 65
490 493
497 111
354 282
382 231
349 103
307 239
476 345
193 168
147 408
47 370
141 149
269 31
409 180
275 240
0 149
469 295
315 128
460 282
497 250
10 134
497 144
368 283
134 116
412 142
225 179
48 58
387 378
452 65
427 109
40 286
376 445
368 21
112 107
191 285
4 146
317 69
194 53
206 31
392 455
144 463
436 72
424 387
188 188
296 66
352 255
128 140
471 76
262 332
325 383
124 233
172 336
247 363
26 398
242 100
129 172
261 1
321 8
308 64
354 308
324 277
498 75
405 333
223 158
146 360
244 266
45 335
354 183
234 224
204 362
171 88
84 58
256 207
93 444
288 302
281 148
455 391
475 9
141 297
157 298
149 310
428 296
116 58
40 62
49 280
58 304
419 212
374 341
216 374
475 225
284 390
457 98
279 114
53 333
177 424
