800
6 1 2 12 15 31 145
8 3 5 6 21 28 36 40 41
6 35 59 82 89 117 177
6 4 8 11 18 53 169
5 22 24 44 155 174
8 10 13 17 49 50 232 316 674
3 7 453 555
8 9 16 26 27 52 200 240 367
3 19 315 726
2 171 261
3 37 72 119
1 14
6 20 55 106 124 294 722
2 266 291
5 45 75 143 210 751
1 225
3 113 500 696
6 23 73 147 231 328 467
6 25 51 54 65 104 441
5 153 157 161 172 582
4 150 160 193 419
5 30 32 57 159 705
4 29 103 268 508
3 64 484 762
6 34 63 215 301 531 654
2 46 336
4 253 503 517 566
8 79 80 92 130 132 390 627 652
2 158 553
1 663
3 371 483 681
8 33 38 71 84 129 255 309 384
1 299
6 47 140 319 451 597 770
2 42 148
4 48 166 227 303
1 381
3 39 125 156
1 61
2 60 544
5 139 420 616 683 786
1 779
4 43 102 112 184
1 672
3 56 58 412
2 88 185
0
3 151 245 754
1 235
4 62 86 360 565
3 69 111 288
0
1 105
3 187 525 780
2 238 781
1 101
2 68 98
2 66 747
5 67 121 230 528 688
5 108 127 165 396 680
3 219 242 251
3 142 243 302
6 78 212 369 513 708 797
3 99 135 584
1 485
3 85 260 276
2 118 552
5 70 107 202 392 460
5 76 83 96 141 322
3 90 97 436
3 93 128 190
1 77
2 74 168
2 458 482
1 95
2 81 123
3 131 567 657
2 407 518
2 222 374
1 342
4 91 163 267 306
1 109
0
2 94 110
1 280
1 87
1 287
1 413
2 249 450
2 116 133
0
7 152 173 179 186 211 273 326
3 310 312 408
4 433 689 729 736
4 100 126 653 755
0
6 122 206 272 340 498 576
2 114 239
2 120 176
0
3 137 314 737
0
0
2 348 410
0
2 448 666
1 138
0
1 258
2 217 295
2 289 394
1 578
3 115 524 609
2 220 536
3 144 191 262
0
1 196
3 154 320 512
1 204
2 228 285
5 167 283 393 425 442
1 476
3 263 307 568
2 136 213
0
3 197 275 331
1 134
2 149 557
1 405
3 162 188 426
1 638
2 304 416
1 406
3 274 278 475
0
3 146 207 489
1 244
1 752
0
0
0
1 250
3 214 346 386
1 164
1 601
4 175 398 667 749
2 180 195
3 181 183 614
1 665
1 356
1 411
3 170 669 676
3 182 254 365
1 382
3 403 520 526
4 208 248 400 605
2 402 613
2 178 221
1 354
1 621
2 209 509
2 474 678
3 198 341 519
2 538 787
2 461 546
2 323 395
1 257
1 626
3 203 351 362
2 233 422
2 501 684
1 376
3 189 199 201
1 290
3 229 269 471
1 572
1 795
1 372
2 192 333
2 486 701
1 286
2 205 252
1 387
0
1 497
2 194 223
1 330
3 353 564 628
1 298
3 224 313 650
1 533
1 539
1 282
0
0
1 490
0
3 418 548 640
1 391
1 481
0
3 256 430 776
2 216 782
2 279 545
4 237 270 368 571
2 218 423
1 753
4 226 551 580 720
1 522
0
0
2 377 768
1 756
2 444 744
2 349 703
2 271 792
2 456 599
2 277 783
1 281
4 246 361 439 469
4 305 380 496 511
0
0
2 234 241
1 639
2 292 329
2 236 630
0
0
0
1 293
0
2 297 440
0
1 379
0
2 247 731
1 318
1 457
1 723
2 300 334
1 355
0
2 265 791
0
2 321 385
0
3 338 359 542
0
1 370
0
4 343 378 573 579
2 357 358
1 796
2 259 691
2 618 769
0
1 516
0
3 452 559 611
2 432 698
1 264
0
2 438 651
0
0
3 549 589 673
1 284
0
1 466
1 414
0
1 317
3 347 478 587
0
1 488
4 308 388 529 574
1 532
0
0
1 775
1 363
0
0
1 641
0
4 335 339 454 591
0
0
0
2 537 646
0
4 296 401 648 728
0
1 739
1 324
2 465 530
1 424
1 612
2 462 619
1 337
1 585
1 421
0
1 327
1 311
2 345 623
4 350 415 600 632
0
3 502 594 649
0
1 417
2 506 712
4 344 399 636 715
0
1 459
1 798
0
1 332
0
2 325 428
1 772
1 397
0
2 507 643
4 352 375 409 463
0
0
1 741
0
1 429
0
1 687
2 586 702
0
1 364
3 383 554 764
1 700
0
1 607
0
0
1 373
2 480 624
1 534
3 389 608 735
0
0
0
1 366
2 541 550
0
1 455
1 443
2 404 711
0
0
0
0
0
1 602
1 437
1 521
1 610
0
0
2 449 598
2 510 748
0
0
0
0
2 479 493
2 434 671
1 527
2 464 596
1 570
1 470
1 704
0
0
0
0
2 473 491
0
0
1 505
1 758
2 583 788
2 563 577
1 447
0
1 629
0
1 710
0
1 427
0
0
1 655
3 492 499 713
1 656
1 445
0
0
1 504
0
2 677 716
0
2 446 709
0
0
0
1 472
0
0
0
1 742
2 634 697
0
1 631
1 593
1 487
1 746
1 664
0
1 785
1 431
0
0
1 662
0
1 658
1 435
0
0
0
0
1 606
0
0
2 494 515
1 645
0
0
0
1 468
0
1 535
0
0
0
2 685 699
1 588
0
0
0
1 644
1 625
0
0
0
1 721
2 477 514
0
2 547 789
0
0
0
0
0
1 556
0
1 558
1 773
0
0
0
0
0
0
1 717
0
0
0
0
2 668 733
1 543
1 495
0
1 759
0
1 719
0
0
1 633
1 595
0
0
0
0
0
1 575
0
0
0
0
0
1 540
0
1 523
0
1 617
0
0
2 562 707
0
0
1 622
2 637 642
0
0
0
0
0
1 679
0
0
0
1 714
0
0
1 615
0
1 690
0
2 740 761
2 561 765
0
0
0
0
0
1 560
0
0
1 569
0
0
0
0
0
0
1 590
0
0
2 647 675
0
0
0
0
1 592
1 581
0
0
0
1 604
1 745
0
0
0
0
0
0
0
0
0
1 620
0
1 603
0
1 635
0
0
0
0
0
0
1 661
0
0
0
1 743
0
0
0
0
0
0
3 682 757 767
0
0
0
0
0
0
0
1 659
0
0
0
0
1 724
0
0
1 725
1 760
1 686
0
0
0
0
0
1 774
0
0
1 670
0
0
0
0
0
0
0
0
0
0
0
0
0
0
2 660 693
0
1 799
0
0
0
0
1 738
1 718
0
0
0
0
0
0
0
0
0
0
1 777
1 766
0
1 692
0
0
0
1 706
0
0
0
0
0
1 694
0
0
0
1 763
0
0
0
0
0
1 727
1 730
0
0
0
0
0
1 695
0
0
0
0
0
1 734
1 750
0
0
0
1 732
0
0
0
0
0
0
0
0
0
0
0
0
0
0
0
0
1 793
0
0
1 778
0
0
0
0
0
0
0
0
0
0
1 794
1 784
0
0
0
0
0
0
0
0
0
0
0
0
0
0
0
0
0
0
0
0
0
0
0
0
0
0
0
0
0
0
0
0
0
0
0
0
1 771
0
1 790
0
0
0
0
0
0
0
0
0
0
0
0
0
0
0
0
0
0
0
0
0
0
0
0
0
0
0
20
231 332
222 438
3 323
69 244
45 505
571 51
233 142
746 159
406 38
712 101
462 729
277 150
229 461
767 755
188 447
543 436
34 11
267 426
354 729
759 642
