50
2 1 2
2 3 4
2 5 6
2 7 8
2 9 10
2 11 12
2 13 14
2 15 16
2 17 18
2 19 20
2 21 22
2 23 24
2 25 26
2 27 28
2 29 30
2 31 32
2 33 34
2 35 36
2 37 38
2 39 40
2 41 42
2 43 44
2 45 46
2 47 48
1 49
0
0
0
0
0
0
0
0
0
0
0
0
0
0
0
0
0
0
0
0
0
0
0
0
0
100
39 15
5 46
47 13
42 2
46 4
41 41
18 21
29 47
34 12
49 22
6 4
31 27
2 33
9 4
45 0
48 25
25 4
15 36
47 45
15 10
13 30
48 47
8 27
47 9
26 14
31 44
6 11
41 30
8 0
41 15
17 46
24 30
33 25
49 34
47 46
35 1
12 17
31 42
8 30
3 23
21 20
25 3
28 0
20 43
46 8
42 45
39 44
49 33
25 31
46 8
12 0
23 32
49 39
9 27
13 9
40 26
43 33
21 37
6 43
38 20
7 18
15 28
11 14
29 43
24 36
6 15
37 1
40 21
1 32
20 5
7 45
25 25
17 24
11 24
5 5
5 18
22 28
41 10
2 33
27 25
49 15
46 44
20 21
4 8
48 0
43 5
20 32
3 24
29 47
37 40
48 5
42 11
39 14
6 16
14 17
29 7
3 37
34 1
8 41
34 27
