32
2 1 2
2 3 4
2 5 6
2 7 8
2 9 10
2 11 12
2 13 14
2 15 16
2 17 18
2 19 20
2 21 22
2 23 24
2 25 26
2 27 28
2 29 30
1 31
0
0
0
0
0
0
0
0
0
0
0
0
0
0
0
0
100
15 27
24 31
22 22
21 10
11 18
3 17
11 24
26 15
5 16
22 22
24 29
27 31
4 29
27 24
2 0
11 28
21 11
12 4
23 3
8 31
1 11
28 7
16 25
4 0
5 18
9 19
25 20
16 19
23 4
14 29
1 10
12 28
22 7
22 16
29 5
11 19
9 20
25 20
5 31
28 27
3 26
2 30
9 6
30 12
31 10
16 23
14 11
29 31
5 28
5 5
15 17
10 16
25 22
4 12
20 5
11 3
2 7
4 4
24 19
10 19
1 4
31 7
12 0
11 1
14 12
7 21
30 23
21 16
18 19
22 9
1 0
4 17
19 15
30 24
13 4
26 3
8 4
26 10
3 14
13 30
9 14
9 16
26 0
27 4
24 11
29 21
29 31
5 4
19 25
21 4
27 10
28 26
30 22
3 6
22 4
13 29
17 12
0 22
15 14
26 9
