128
2 1 2
2 3 4
2 5 6
2 7 8
2 9 10
2 11 12
2 13 14
2 15 16
2 17 18
2 19 20
2 21 22
2 23 24
2 25 26
2 27 28
2 29 30
2 31 32
2 33 34
2 35 36
2 37 38
2 39 40
2 41 42
2 43 44
2 45 46
2 47 48
2 49 50
2 51 52
2 53 54
2 55 56
2 57 58
2 59 60
2 61 62
2 63 64
2 65 66
2 67 68
2 69 70
2 71 72
2 73 74
2 75 76
2 77 78
2 79 80
2 81 82
2 83 84
2 85 86
2 87 88
2 89 90
2 91 92
2 93 94
2 95 96
2 97 98
2 99 100
2 101 102
2 103 104
2 105 106
2 107 108
2 109 110
2 111 112
2 113 114
2 115 116
2 117 118
2 119 120
2 121 122
2 123 124
2 125 126
1 127
0
0
0
0
0
0
0
0
0
0
0
0
0
0
0
0
0
0
0
0
0
0
0
0
0
0
0
0
0
0
0
0
0
0
0
0
0
0
0
0
0
0
0
0
0
0
0
0
0
0
0
0
0
0
0
0
0
0
0
0
0
0
0
0
500
40 54
28 95
96 73
1 49
121 127
73 55
88 93
76 69
95 95
107 91
117 88
9 2
90 124
80 127
116 88
28 83
75 37
88 66
92 55
38 16
81 102
26 50
18 28
56 81
49 57
52 77
26 97
127 59
70 37
46 111
100 105
68 24
49 61
28 85
52 57
66 71
51 69
79 52
7 5
9 85
121 117
88 115
120 124
13 77
61 26
44 31
19 124
19 4
1 22
27 30
19 13
6 124
84 122
123 44
119 57
5 35
82 51
49 72
117 34
28 3
97 22
122 111
37 125
9 35
87 59
28 118
0 66
115 66
0 109
100 71
0 54
121 21
65 37
27 84
0 45
3 57
69 93
77 18
36 39
47 16
112 37
28 65
117 20
89 38
14 77
106 89
110 120
127 90
109 12
28 95
36 51
14 111
98 120
71 123
85 28
95 67
106 59
116 22
118 72
97 61
89 78
105 80
19 21
63 70
85 53
13 27
34 98
5 85
16 118
91 78
15 14
6 94
114 79
4 111
37 15
18 50
48 103
37 32
32 91
60 30
4 119
58 86
5 99
47 86
119 37
52 74
17 80
105 126
126 28
81 86
91 95
87 87
84 15
41 49
119 113
19 105
72 49
13 36
53 50
91 43
10 85
26 59
85 0
113 5
5 70
48 22
57 85
3 46
102 125
52 78
2 111
71 58
107 72
50 15
21 2
101 101
121 19
89 101
107 29
109 108
46 84
110 100
67 15
93 122
100 100
26 16
12 2
3 0
100 40
60 68
16 23
60 124
43 103
39 118
76 39
85 13
12 51
112 18
116 13
29 78
26 50
43 82
18 7
98 85
15 61
77 67
53 35
104 95
48 21
10 109
48 64
24 115
85 47
93 56
84 15
123 22
26 78
27 23
27 43
53 74
101 115
60 13
75 42
14 127
57 87
61 16
102 70
90 43
17 116
69 104
14 113
48 45
50 86
102 127
19 4
71 56
46 54
56 76
101 89
124 96
14 30
22 84
40 114
63 11
87 13
66 87
5 10
122 99
98 92
56 50
23 55
36 10
60 109
115 11
125 105
38 36
5 78
111 78
111 120
48 6
0 93
35 12
108 11
40 16
81 38
80 77
84 14
99 13
29 123
67 92
5 122
53 29
116 126
6 31
78 35
30 121
91 36
18 17
91 92
29 32
70 107
103 83
89 29
101 62
81 57
74 9
0 115
7 84
46 51
107 103
71 116
78 117
106 120
51 28
102 122
85 34
24 16
26 23
109 89
31 26
3 121
31 66
23 94
55 33
112 33
94 42
28 62
23 19
14 67
85 65
48 83
106 85
43 103
73 47
102 59
96 104
62 127
110 75
46 71
35 46
95 104
59 71
43 73
48 61
70 68
15 32
4 42
32 55
98 108
3 92
125 95
23 8
32 2
34 41
125 28
114 15
121 82
93 97
65 106
114 127
96 10
105 16
107 111
100 18
21 7
105 127
40 28
22 70
20 44
11 82
34 8
26 73
16 17
4 78
112 34
28 85
48 118
3 80
63 30
85 11
8 66
20 127
109 40
94 31
5 17
3 88
58 81
102 99
56 123
60 6
101 67
30 116
70 51
58 49
69 32
76 46
99 17
124 62
54 50
94 24
23 52
19 26
119 57
125 115
70 77
67 15
65 2
92 33
38 57
79 75
64 38
94 127
34 8
96 5
45 3
64 6
89 1
28 112
51 89
100 47
64 99
110 110
107 34
115 118
124 74
11 35
9 10
99 6
17 27
37 110
12 26
39 94
1 80
122 91
9 0
9 117
83 121
18 17
102 6
2 55
79 110
102 95
35 40
1 95
65 95
69 88
120 74
125 4
25 89
43 48
107 17
71 94
79 108
101 66
43 89
109 26
63 115
46 113
82 65
41 67
122 69
47 82
82 90
52 23
64 63
118 73
53 99
108 76
22 114
103 16
124 38
38 27
51 107
45 70
49 88
38 29
53 89
45 7
16 33
14 64
85 2
16 50
71 27
62 115
20 90
72 64
57 117
111 69
20 41
75 114
74 12
28 18
18 127
79 50
21 35
98 1
54 6
65 85
25 13
2 110
56 78
79 57
58 112
39 3
1 61
59 98
40 125
18 19
75 52
76 3
2 51
98 0
114 11
12 42
79 24
2 71
103 12
61 118
33 123
5 109
4 120
27 8
111 36
120 105
45 71
104 24
14 15
98 91
125 47
86 104
84 7
20 10
115 38
53 112
49 81
107 20
75 101
28 6
115 50
42 68
