512
2 1 2
2 3 4
2 5 6
2 7 8
2 9 10
2 11 12
2 13 14
2 15 16
2 17 18
2 19 20
2 21 22
2 23 24
2 25 26
2 27 28
2 29 30
2 31 32
2 33 34
2 35 36
2 37 38
2 39 40
2 41 42
2 43 44
2 45 46
2 47 48
2 49 50
2 51 52
2 53 54
2 55 56
2 57 58
2 59 60
2 61 62
2 63 64
2 65 66
2 67 68
2 69 70
2 71 72
2 73 74
2 75 76
2 77 78
2 79 80
2 81 82
2 83 84
2 85 86
2 87 88
2 89 90
2 91 92
2 93 94
2 95 96
2 97 98
2 99 100
2 101 102
2 103 104
2 105 106
2 107 108
2 109 110
2 111 112
2 113 114
2 115 116
2 117 118
2 119 120
2 121 122
2 123 124
2 125 126
2 127 128
2 129 130
2 131 132
2 133 134
2 135 136
2 137 138
2 139 140
2 141 142
2 143 144
2 145 146
2 147 148
2 149 150
2 151 152
2 153 154
2 155 156
2 157 158
2 159 160
2 161 162
2 163 164
2 165 166
2 167 168
2 169 170
2 171 172
2 173 174
2 175 176
2 177 178
2 179 180
2 181 182
2 183 184
2 185 186
2 187 188
2 189 190
2 191 192
2 193 194
2 195 196
2 197 198
2 199 200
2 201 202
2 203 204
2 205 206
2 207 208
2 209 210
2 211 212
2 213 214
2 215 216
2 217 218
2 219 220
2 221 222
2 223 224
2 225 226
2 227 228
2 229 230
2 231 232
2 233 234
2 235 236
2 237 238
2 239 240
2 241 242
2 243 244
2 245 246
2 247 248
2 249 250
2 251 252
2 253 254
2 255 256
2 257 258
2 259 260
2 261 262
2 263 264
2 265 266
2 267 268
2 269 270
2 271 272
2 273 274
2 275 276
2 277 278
2 279 280
2 281 282
2 283 284
2 285 286
2 287 288
2 289 290
2 291 292
2 293 294
2 295 296
2 297 298
2 299 300
2 301 302
2 303 304
2 305 306
2 307 308
2 309 310
2 311 312
2 313 314
2 315 316
2 317 318
2 319 320
2 321 322
2 323 324
2 325 326
2 327 328
2 329 330
2 331 332
2 333 334
2 335 336
2 337 338
2 339 340
2 341 342
2 343 344
2 345 346
2 347 348
2 349 350
2 351 352
2 353 354
2 355 356
2 357 358
2 359 360
2 361 362
2 363 364
2 365 366
2 367 368
2 369 370
2 371 372
2 373 374
2 375 376
2 377 378
2 379 380
2 381 382
2 383 384
2 385 386
2 387 388
2 389 390
2 391 392
2 393 394
2 395 396
2 397 398
2 399 400
2 401 402
2 403 404
2 405 406
2 407 408
2 409 410
2 411 412
2 413 414
2 415 416
2 417 418
2 419 420
2 421 422
2 423 424
2 425 426
2 427 428
2 429 430
2 431 432
2 433 434
2 435 436
2 437 438
2 439 440
2 441 442
2 443 444
2 445 446
2 447 448
2 449 450
2 451 452
2 453 454
2 455 456
2 457 458
2 459 460
2 461 462
2 463 464
2 465 466
2 467 468
2 469 470
2 471 472
2 473 474
2 475 476
2 477 478
2 479 480
2 481 482
2 483 484
2 485 486
2 487 488
2 489 490
2 491 492
2 493 494
2 495 496
2 497 498
2 499 500
2 501 502
2 503 504
2 505 506
2 507 508
2 509 510
1 511
0
0
0
0
0
0
0
0
0
0
0
0
0
0
0
0
0
0
0
0
0
0
0
0
0
0
0
0
0
0
0
0
0
0
0
0
0
0
0
0
0
0
0
0
0
0
0
0
0
0
0
0
0
0
0
0
0
0
0
0
0
0
0
0
0
0
0
0
0
0
0
0
0
0
0
0
0
0
0
0
0
0
0
0
0
0
0
0
0
0
0
0
0
0
0
0
0
0
0
0
0
0
0
0
0
0
0
0
0
0
0
0
0
0
0
0
0
0
0
0
0
0
0
0
0
0
0
0
0
0
0
0
0
0
0
0
0
0
0
0
0
0
0
0
0
0
0
0
0
0
0
0
0
0
0
0
0
0
0
0
0
0
0
0
0
0
0
0
0
0
0
0
0
0
0
0
0
0
0
0
0
0
0
0
0
0
0
0
0
0
0
0
0
0
0
0
0
0
0
0
0
0
0
0
0
0
0
0
0
0
0
0
0
0
0
0
0
0
0
0
0
0
0
0
0
0
0
0
0
0
0
0
0
0
0
0
0
0
0
0
0
0
0
0
0
0
0
0
0
0
0
0
0
0
0
0
500
268 28
95 226
352 378
286 492
491 233
391 171
233 364
414 205
400 321
418 11
167 41
160 468
220 328
425 353
460 370
505 326
313 231
325 149
478 96
254 290
32 267
52 426
196 254
285 453
458 462
285 9
138 205
31 160
74 27
12 301
367 161
176 152
252 235
369 283
392 499
95 329
270 57
326 225
28 379
298 78
127 338
210 245
392 186
343 335
493 17
21 312
321 466
281 367
4 57
221 508
78 198
85 87
97 495
29 319
329 257
388 252
80 24
231 272
454 448
374 492
153 269
317 446
428 455
134 161
96 489
405 77
481 108
119 317
447 122
183 341
81 494
271 427
407 377
98 65
58 159
42 259
207 164
464 146
59 81
210 433
501 481
18 162
143 279
414 181
246 120
213 261
132 63
352 6
353 276
269 385
255 36
491 493
122 285
401 78
168 305
365 218
246 395
169 503
279 54
432 269
310 340
37 44
273 492
321 285
354 270
96 333
172 326
318 34
413 360
351 128
249 496
348 33
339 406
494 418
381 20
101 250
328 198
356 85
151 73
55 494
234 336
355 271
168 73
253 388
18 37
477 219
146 193
67 353
314 181
25 63
227 113
268 352
193 338
131 357
453 97
263 246
219 453
407 398
133 213
415 432
56 408
280 352
76 94
108 347
129 345
362 411
92 39
336 36
57 450
465 327
228 85
317 187
161 407
218 93
78 282
374 70
174 178
298 401
395 231
456 449
293 118
407 427
196 452
257 506
130 423
33 157
120 441
435 350
38 367
77 73
485 491
0 64
261 262
485 155
85 447
505 69
188 314
39 111
407 295
216 304
220 215
492 108
205 246
21 295
203 178
59 197
340 477
35 54
379 459
372 134
100 105
343 169
236 462
483 232
196 32
61 384
46 490
376 204
149 418
360 21
344 445
256 90
37 355
379 437
429 473
4 101
324 104
246 458
225 278
306 258
388 15
15 219
314 441
1 146
119 483
401 104
249 296
236 20
440 496
153 390
78 168
104 382
351 27
428 434
450 362
390 133
51 129
102 311
466 474
478 4
425 203
471 51
303 510
300 496
151 17
80 257
479 78
450 382
28 157
23 159
41 88
448 255
289 202
349 352
273 32
420 131
389 438
113 489
201 254
429 74
208 140
501 88
97 122
39 422
239 164
418 283
151 354
406 182
107 170
214 195
141 281
80 311
32 167
257 489
472 219
5 76
326 129
168 487
14 119
67 244
368 89
141 256
233 442
502 146
211 488
321 61
147 395
106 194
478 425
37 271
166 375
343 347
11 131
409 127
272 39
4 344
118 61
241 397
212 256
113 273
401 236
353 489
341 241
44 493
8 297
500 62
427 32
315 388
436 186
335 185
51 510
60 478
37 260
200 112
340 258
414 45
300 100
273 493
296 253
169 338
102 344
394 244
134 210
417 238
432 0
494 317
159 9
326 475
265 113
241 470
293 121
129 82
335 478
271 76
436 17
498 14
463 133
397 209
495 115
442 67
413 510
123 24
138 481
178 287
45 313
311 378
56 197
241 69
418 357
442 429
44 192
60 367
453 128
430 43
174 14
475 32
415 74
292 260
244 434
486 287
45 476
344 174
44 176
252 22
410 34
224 304
134 77
6 413
261 244
312 410
405 280
102 389
438 135
135 183
85 51
450 295
335 135
265 369
449 37
337 272
342 505
126 311
431 36
320 336
290 195
141 129
112 166
431 320
18 384
499 309
91 425
334 387
152 493
253 117
333 246
161 161
367 37
138 312
192 95
367 120
280 108
433 166
510 434
224 93
108 329
181 279
154 479
344 433
481 300
234 49
55 146
10 77
466 216
439 135
311 318
213 492
229 353
463 184
231 84
483 401
90 90
88 480
70 299
286 399
239 163
146 239
359 202
122 153
405 475
316 39
42 424
150 25
26 105
448 478
436 2
67 430
166 434
495 328
228 100
500 389
393 473
453 475
191 394
277 250
457 38
407 408
127 169
478 176
375 253
399 73
448 207
279 266
418 493
87 392
9 489
488 440
139 81
362 269
404 410
156 198
345 133
88 161
32 494
6 341
380 423
256 191
305 422
484 497
130 362
387 172
4 408
360 52
511 368
389 155
29 89
467 284
470 303
228 36
52 325
446 329
2 349
277 296
496 396
135 20
429 357
188 221
414 461
493 30
50 344
56 164
493 126
230 471
339 107
59 488
83 283
303 30
207 483
150 31
411 474
21 244
24 20
490 435
205 356
410 478
459 198
465 97
365 471
466 377
315 40
446 359
