1024
2 1 2
2 3 4
2 5 6
2 7 8
2 9 10
2 11 12
2 13 14
2 15 16
2 17 18
2 19 20
2 21 22
2 23 24
2 25 26
2 27 28
2 29 30
2 31 32
2 33 34
2 35 36
2 37 38
2 39 40
2 41 42
2 43 44
2 45 46
2 47 48
2 49 50
2 51 52
2 53 54
2 55 56
2 57 58
2 59 60
2 61 62
2 63 64
2 65 66
2 67 68
2 69 70
2 71 72
2 73 74
2 75 76
2 77 78
2 79 80
2 81 82
2 83 84
2 85 86
2 87 88
2 89 90
2 91 92
2 93 94
2 95 96
2 97 98
2 99 100
2 101 102
2 103 104
2 105 106
2 107 108
2 109 110
2 111 112
2 113 114
2 115 116
2 117 118
2 119 120
2 121 122
2 123 124
2 125 126
2 127 128
2 129 130
2 131 132
2 133 134
2 135 136
2 137 138
2 139 140
2 141 142
2 143 144
2 145 146
2 147 148
2 149 150
2 151 152
2 153 154
2 155 156
2 157 158
2 159 160
2 161 162
2 163 164
2 165 166
2 167 168
2 169 170
2 171 172
2 173 174
2 175 176
2 177 178
2 179 180
2 181 182
2 183 184
2 185 186
2 187 188
2 189 190
2 191 192
2 193 194
2 195 196
2 197 198
2 199 200
2 201 202
2 203 204
2 205 206
2 207 208
2 209 210
2 211 212
2 213 214
2 215 216
2 217 218
2 219 220
2 221 222
2 223 224
2 225 226
2 227 228
2 229 230
2 231 232
2 233 234
2 235 236
2 237 238
2 239 240
2 241 242
2 243 244
2 245 246
2 247 248
2 249 250
2 251 252
2 253 254
2 255 256
2 257 258
2 259 260
2 261 262
2 263 264
2 265 266
2 267 268
2 269 270
2 271 272
2 273 274
2 275 276
2 277 278
2 279 280
2 281 282
2 283 284
2 285 286
2 287 288
2 289 290
2 291 292
2 293 294
2 295 296
2 297 298
2 299 300
2 301 302
2 303 304
2 305 306
2 307 308
2 309 310
2 311 312
2 313 314
2 315 316
2 317 318
2 319 320
2 321 322
2 323 324
2 325 326
2 327 328
2 329 330
2 331 332
2 333 334
2 335 336
2 337 338
2 339 340
2 341 342
2 343 344
2 345 346
2 347 348
2 349 350
2 351 352
2 353 354
2 355 356
2 357 358
2 359 360
2 361 362
2 363 364
2 365 366
2 367 368
2 369 370
2 371 372
2 373 374
2 375 376
2 377 378
2 379 380
2 381 382
2 383 384
2 385 386
2 387 388
2 389 390
2 391 392
2 393 394
2 395 396
2 397 398
2 399 400
2 401 402
2 403 404
2 405 406
2 407 408
2 409 410
2 411 412
2 413 414
2 415 416
2 417 418
2 419 420
2 421 422
2 423 424
2 425 426
2 427 428
2 429 430
2 431 432
2 433 434
2 435 436
2 437 438
2 439 440
2 441 442
2 443 444
2 445 446
2 447 448
2 449 450
2 451 452
2 453 454
2 455 456
2 457 458
2 459 460
2 461 462
2 463 464
2 465 466
2 467 468
2 469 470
2 471 472
2 473 474
2 475 476
2 477 478
2 479 480
2 481 482
2 483 484
2 485 486
2 487 488
2 489 490
2 491 492
2 493 494
2 495 496
2 497 498
2 499 500
2 501 502
2 503 504
2 505 506
2 507 508
2 509 510
2 511 512
2 513 514
2 515 516
2 517 518
2 519 520
2 521 522
2 523 524
2 525 526
2 527 528
2 529 530
2 531 532
2 533 534
2 535 536
2 537 538
2 539 540
2 541 542
2 543 544
2 545 546
2 547 548
2 549 550
2 551 552
2 553 554
2 555 556
2 557 558
2 559 560
2 561 562
2 563 564
2 565 566
2 567 568
2 569 570
2 571 572
2 573 574
2 575 576
2 577 578
2 579 580
2 581 582
2 583 584
2 585 586
2 587 588
2 589 590
2 591 592
2 593 594
2 595 596
2 597 598
2 599 600
2 601 602
2 603 604
2 605 606
2 607 608
2 609 610
2 611 612
2 613 614
2 615 616
2 617 618
2 619 620
2 621 622
2 623 624
2 625 626
2 627 628
2 629 630
2 631 632
2 633 634
2 635 636
2 637 638
2 639 640
2 641 642
2 643 644
2 645 646
2 647 648
2 649 650
2 651 652
2 653 654
2 655 656
2 657 658
2 659 660
2 661 662
2 663 664
2 665 666
2 667 668
2 669 670
2 671 672
2 673 674
2 675 676
2 677 678
2 679 680
2 681 682
2 683 684
2 685 686
2 687 688
2 689 690
2 691 692
2 693 694
2 695 696
2 697 698
2 699 700
2 701 702
2 703 704
2 705 706
2 707 708
2 709 710
2 711 712
2 713 714
2 715 716
2 717 718
2 719 720
2 721 722
2 723 724
2 725 726
2 727 728
2 729 730
2 731 732
2 733 734
2 735 736
2 737 738
2 739 740
2 741 742
2 743 744
2 745 746
2 747 748
2 749 750
2 751 752
2 753 754
2 755 756
2 757 758
2 759 760
2 761 762
2 763 764
2 765 766
2 767 768
2 769 770
2 771 772
2 773 774
2 775 776
2 777 778
2 779 780
2 781 782
2 783 784
2 785 786
2 787 788
2 789 790
2 791 792
2 793 794
2 795 796
2 797 798
2 799 800
2 801 802
2 803 804
2 805 806
2 807 808
2 809 810
2 811 812
2 813 814
2 815 816
2 817 818
2 819 820
2 821 822
2 823 824
2 825 826
2 827 828
2 829 830
2 831 832
2 833 834
2 835 836
2 837 838
2 839 840
2 841 842
2 843 844
2 845 846
2 847 848
2 849 850
2 851 852
2 853 854
2 855 856
2 857 858
2 859 860
2 861 862
2 863 864
2 865 866
2 867 868
2 869 870
2 871 872
2 873 874
2 875 876
2 877 878
2 879 880
2 881 882
2 883 884
2 885 886
2 887 888
2 889 890
2 891 892
2 893 894
2 895 896
2 897 898
2 899 900
2 901 902
2 903 904
2 905 906
2 907 908
2 909 910
2 911 912
2 913 914
2 915 916
2 917 918
2 919 920
2 921 922
2 923 924
2 925 926
2 927 928
2 929 930
2 931 932
2 933 934
2 935 936
2 937 938
2 939 940
2 941 942
2 943 944
2 945 946
2 947 948
2 949 950
2 951 952
2 953 954
2 955 956
2 957 958
2 959 960
2 961 962
2 963 964
2 965 966
2 967 968
2 969 970
2 971 972
2 973 974
2 975 976
2 977 978
2 979 980
2 981 982
2 983 984
2 985 986
2 987 988
2 989 990
2 991 992
2 993 994
2 995 996
2 997 998
2 999 1000
2 1001 1002
2 1003 1004
2 1005 1006
2 1007 1008
2 1009 1010
2 1011 1012
2 1013 1014
2 1015 1016
2 1017 1018
2 1019 1020
2 1021 1022
1 1023
0
0
0
0
0
0
0
0
0
0
0
0
0
0
0
0
0
0
0
0
0
0
0
0
0
0
0
0
0
0
0
0
0
0
0
0
0
0
0
0
0
0
0
0
0
0
0
0
0
0
0
0
0
0
0
0
0
0
0
0
0
0
0
0
0
0
0
0
0
0
0
0
0
0
0
0
0
0
0
0
0
0
0
0
0
0
0
0
0
0
0
0
0
0
0
0
0
0
0
0
0
0
0
0
0
0
0
0
0
0
0
0
0
0
0
0
0
0
0
0
0
0
0
0
0
0
0
0
0
0
0
0
0
0
0
0
0
0
0
0
0
0
0
0
0
0
0
0
0
0
0
0
0
0
0
0
0
0
0
0
0
0
0
0
0
0
0
0
0
0
0
0
0
0
0
0
0
0
0
0
0
0
0
0
0
0
0
0
0
0
0
0
0
0
0
0
0
0
0
0
0
0
0
0
0
0
0
0
0
0
0
0
0
0
0
0
0
0
0
0
0
0
0
0
0
0
0
0
0
0
0
0
0
0
0
0
0
0
0
0
0
0
0
0
0
0
0
0
0
0
0
0
0
0
0
0
0
0
0
0
0
0
0
0
0
0
0
0
0
0
0
0
0
0
0
0
0
0
0
0
0
0
0
0
0
0
0
0
0
0
0
0
0
0
0
0
0
0
0
0
0
0
0
0
0
0
0
0
0
0
0
0
0
0
0
0
0
0
0
0
0
0
0
0
0
0
0
0
0
0
0
0
0
0
0
0
0
0
0
0
0
0
0
0
0
0
0
0
0
0
0
0
0
0
0
0
0
0
0
0
0
0
0
0
0
0
0
0
0
0
0
0
0
0
0
0
0
0
0
0
0
0
0
0
0
0
0
0
0
0
0
0
0
0
0
0
0
0
0
0
0
0
0
0
0
0
0
0
0
0
0
0
0
0
0
0
0
0
0
0
0
0
0
0
0
0
0
0
0
0
0
0
0
0
0
0
0
0
0
0
0
0
0
0
0
0
0
0
0
0
0
0
0
0
0
0
0
0
0
0
0
0
0
0
0
0
0
0
0
0
0
0
0
0
0
0
0
0
0
0
0
0
0
0
0
0
0
0
0
0
0
0
0
0
0
0
0
0
0
0
0
0
0
0
0
0
0
0
0
0
0
0
1000
700 1017
800 351
816 294
918 382
636 381
200 848
408 967
985 639
614 180
487 79
734 1007
971 562
584 512
965 28
548 160
245 926
394 258
289 322
648 413
504 493
387 310
736 406
57 265
383 925
217 395
322 748
773 609
723 169
235 43
905 861
679 1010
88 474
750 370
684 84
492 419
760 878
821 724
651 846
662 437
69 191
483 49
957 769
119 477
978 668
246 982
748 844
821 193
783 390
96 794
336 553
696 471
428 237
424 883
203 907
813 799
840 59
326 355
171 469
537 568
496 562
177 139
797 88
749 981
958 760
216 481
466 263
547 636
143 207
375 701
859 597
694 809
929 860
637 335
332 474
664 58
923 241
389 162
539 62
886 181
584 321
516 63
84 664
470 979
5 126
951 293
918 283
375 613
430 428
886 920
626 730
640 374
653 712
882 761
792 506
974 838
660 250
124 701
896 916
897 381
990 757
749 294
94 543
925 309
338 838
579 588
292 295
333 816
722 37
897 951
478 176
547 107
597 529
762 628
679 624
884 215
996 596
775 896
767 738
145 996
323 545
467 1003
583 968
389 53
207 763
320 5
309 412
174 416
465 154
144 646
747 271
563 598
855 104
78 632
790 407
331 455
327 605
422 94
325 422
975 444
579 725
818 211
75 257
384 925
932 152
476 161
868 365
267 488
891 572
350 20
378 398
430 861
896 407
135 246
430 442
261 834
599 995
586 142
790 534
350 1004
903 209
321 125
71 332
424 596
282 680
29 858
541 673
216 871
177 304
572 878
996 572
845 363
152 262
93 995
448 501
407 399
24 151
536 597
267 230
175 912
266 987
430 142
248 931
123 781
899 927
67 997
188 723
557 989
775 225
410 382
776 392
214 153
924 152
749 108
398 152
847 41
949 1006
362 113
491 976
820 246
716 190
386 478
41 445
418 542
794 485
258 195
426 629
765 206
970 686
688 899
573 400
985 409
926 109
725 636
934 824
477 874
723 279
255 60
731 4
57 885
448 350
986 912
197 786
1015 833
141 168
235 609
826 381
343 937
743 234
659 545
400 557
1000 366
408 53
919 67
748 167
29 453
623 389
34 761
830 332
401 754
460 542
252 70
639 315
544 718
982 135
608 776
170 950
689 739
539 494
179 916
900 714
823 877
288 650
525 778
558 154
76 105
46 314
69 625
266 641
368 391
92 645
2 75
888 757
982 931
670 692
512 298
892 741
573 36
862 675
118 382
573 745
823 91
228 648
871 155
762 145
1021 188
157 467
838 696
228 924
654 417
496 738
544 347
775 750
712 217
69 283
85 898
18 138
710 319
107 965
631 118
702 996
908 795
112 925
749 524
553 343
1018 516
941 266
615 211
88 396
112 656
908 97
822 628
946 800
672 1011
83 427
51 41
821 217
394 884
1005 215
172 306
946 573
642 328
906 834
906 662
837 66
219 63
907 787
175 923
746 910
641 857
5 194
55 977
217 355
157 540
748 716
24 385
262 56
38 601
921 883
347 248
1009 158
727 943
573 13
727 748
691 742
515 752
140 296
53 507
480 438
321 326
912 685
164 249
937 381
982 180
396 682
377 416
112 103
112 343
333 376
440 197
921 598
896 121
853 360
43 806
355 1015
342 101
970 30
658 899
265 1007
455 387
767 863
270 132
364 202
3 826
276 728
458 680
289 535
480 144
1019 63
408 64
392 743
701 645
479 711
749 814
860 918
715 956
188 713
379 488
463 136
89 713
677 537
358 766
45 856
370 587
265 367
434 34
164 917
234 944
1008 733
633 875
395 7
674 831
257 298
24 859
354 295
950 443
209 926
318 979
103 304
961 474
963 398
667 15
354 518
378 326
640 178
945 848
534 214
345 753
200 284
227 948
635 797
503 497
44 333
975 146
160 139
620 546
745 207
923 821
488 236
972 349
502 838
950 719
252 256
917 480
10 481
56 532
668 252
417 78
533 161
988 712
572 789
248 351
126 213
81 293
513 73
916 287
809 464
585 762
158 349
499 860
263 176
903 992
544 423
1021 667
697 947
482 476
916 299
427 190
655 382
749 855
61 808
627 554
736 80
191 320
425 524
854 534
650 258
268 448
729 378
40 96
542 332
141 464
352 714
350 764
763 178
356 419
541 66
138 744
94 795
1017 423
503 737
580 577
306 994
643 926
444 631
303 710
35 1009
47 258
792 889
599 518
561 307
421 452
821 434
19 503
738 361
344 16
633 722
309 682
951 569
733 930
903 892
799 881
906 1009
309 226
608 313
537 917
257 101
208 465
850 926
1016 124
562 741
692 112
28 617
495 221
558 542
760 51
98 615
800 610
1021 117
415 442
358 630
575 205
344 804
368 447
931 491
356 904
542 56
337 526
942 301
985 62
80 803
340 243
650 331
650 722
788 906
373 354
81 752
83 217
526 396
169 988
733 230
93 116
264 664
982 456
197 530
338 41
707 418
203 701
1012 667
247 786
92 308
571 263
417 939
158 654
421 456
628 80
95 245
859 65
359 601
837 839
932 746
4 271
858 268
578 676
758 91
351 870
89 376
362 481
406 479
2 258
22 484
212 920
605 320
474 496
592 118
748 324
547 716
64 148
97 312
358 1007
490 584
553 1001
658 365
485 249
152 227
210 815
912 150
522 5
769 360
499 1000
763 803
863 196
915 907
846 177
735 687
92 282
469 780
68 354
658 838
112 480
155 796
676 656
68 269
461 572
150 556
239 78
329 345
108 853
932 539
200 459
991 509
632 977
13 105
316 300
1008 356
801 112
389 492
296 191
807 450
384 178
167 285
738 102
842 355
532 77
77 518
747 982
179 505
505 1008
737 618
79 12
343 100
989 395
149 159
511 17
954 579
869 553
557 839
316 751
963 624
124 265
687 982
497 625
571 284
181 384
314 394
647 19
647 39
458 727
714 600
401 823
207 2
216 816
687 741
98 387
434 285
744 41
767 644
613 6
813 454
984 439
327 1003
457 380
351 1002
453 381
583 771
738 986
81 547
897 673
618 9
67 245
728 773
428 974
871 1000
633 997
344 401
661 753
544 382
754 647
483 331
475 1000
697 830
617 58
517 75
395 286
890 78
1006 172
318 334
809 730
496 34
607 868
494 927
989 949
105 819
746 604
321 603
954 640
189 842
997 971
344 108
219 912
1018 390
39 261
950 569
955 301
359 16
922 510
195 486
789 173
512 295
695 739
980 684
556 876
73 248
821 724
539 915
325 162
814 867
256 174
361 428
181 738
322 690
855 110
667 385
973 424
153 977
666 423
561 862
393 331
526 151
42 269
84 441
449 325
425 45
620 261
87 196
595 655
136 417
964 719
620 504
118 404
879 50
31 947
293 558
816 247
992 227
353 828
763 143
165 38
113 106
981 375
734 98
180 640
948 119
98 442
419 917
22 385
990 768
820 108
194 899
1020 577
28 497
537 980
452 329
727 53
808 395
693 476
67 694
972 249
413 834
352 611
876 175
768 666
276 726
579 885
609 893
441 941
12 800
772 658
485 370
516 539
302 930
40 984
53 979
605 880
860 1003
494 441
760 503
649 808
688 357
323 393
424 515
922 309
338 4
548 796
474 694
469 189
459 519
391 821
340 312
1002 206
818 684
402 640
194 455
958 651
618 921
975 90
146 462
435 512
584 85
412 671
47 433
42 183
850 778
1015 325
694 93
433 685
621 377
129 628
726 624
283 59
186 210
577 367
627 636
872 294
362 735
391 107
321 957
72 733
328 675
775 827
110 71
670 402
592 622
756 612
21 905
831 454
125 266
447 3
511 411
232 365
953 876
208 406
8 960
278 437
395 27
576 912
789 530
577 47
1013 320
892 336
638 571
166 973
411 518
859 481
594 695
932 3
548 948
262 915
474 506
593 507
119 702
445 602
585 125
709 417
825 937
90 649
113 144
89 514
685 901
543 836
753 617
449 577
492 847
305 470
307 723
190 537
12 392
449 176
569 638
488 684
155 214
981 715
248 961
938 552
419 619
45 436
724 99
142 615
13 667
940 622
892 169
359 166
533 467
334 770
40 200
235 506
554 980
912 96
778 389
741 524
875 753
717 482
620 130
511 855
926 176
759 421
461 157
970 488
331 259
954 637
500 611
911 856
867 256
735 571
979 92
267 138
663 468
390 140
167 726
287 858
829 77
399 158
182 612
789 78
383 312
324 356
158 47
518 502
29 630
29 535
1017 737
642 389
254 129
54 597
758 696
388 471
370 964
196 755
775 786
599 1008
702 248
683 624
458 892
491 420
618 891
259 403
996 533
721 232
108 68
36 675
86 208
461 20
23 1001
653 850
911 744
955 269
887 479
966 817
76 913
570 783
899 750
510 595
769 686
338 164
574 117
25 388
850 39
270 245
697 513
610 796
489 549
696 389
417 590
277 357
938 573
576 768
937 180
132 284
521 357
234 428
524 936
885 130
780 566
844 953
6 176
269 258
577 207
333 351
737 534
93 861
676 868
921 154
268 555
107 1012
72 580
702 1015
851 983
70 651
834 497
244 439
556 996
901 676
20 392
51 575
944 553
58 856
182 910
797 663
434 399
61 829
996 756
