5000
2 1 2
2 3 4
2 5 6
2 7 8
2 9 10
2 11 12
2 13 14
2 15 16
2 17 18
2 19 20
2 21 22
2 23 24
2 25 26
2 27 28
2 29 30
2 31 32
2 33 34
2 35 36
2 37 38
2 39 40
2 41 42
2 43 44
2 45 46
2 47 48
2 49 50
2 51 52
2 53 54
2 55 56
2 57 58
2 59 60
2 61 62
2 63 64
2 65 66
2 67 68
2 69 70
2 71 72
2 73 74
2 75 76
2 77 78
2 79 80
2 81 82
2 83 84
2 85 86
2 87 88
2 89 90
2 91 92
2 93 94
2 95 96
2 97 98
2 99 100
2 101 102
2 103 104
2 105 106
2 107 108
2 109 110
2 111 112
2 113 114
2 115 116
2 117 118
2 119 120
2 121 122
2 123 124
2 125 126
2 127 128
2 129 130
2 131 132
2 133 134
2 135 136
2 137 138
2 139 140
2 141 142
2 143 144
2 145 146
2 147 148
2 149 150
2 151 152
2 153 154
2 155 156
2 157 158
2 159 160
2 161 162
2 163 164
2 165 166
2 167 168
2 169 170
2 171 172
2 173 174
2 175 176
2 177 178
2 179 180
2 181 182
2 183 184
2 185 186
2 187 188
2 189 190
2 191 192
2 193 194
2 195 196
2 197 198
2 199 200
2 201 202
2 203 204
2 205 206
2 207 208
2 209 210
2 211 212
2 213 214
2 215 216
2 217 218
2 219 220
2 221 222
2 223 224
2 225 226
2 227 228
2 229 230
2 231 232
2 233 234
2 235 236
2 237 238
2 239 240
2 241 242
2 243 244
2 245 246
2 247 248
2 249 250
2 251 252
2 253 254
2 255 256
2 257 258
2 259 260
2 261 262
2 263 264
2 265 266
2 267 268
2 269 270
2 271 272
2 273 274
2 275 276
2 277 278
2 279 280
2 281 282
2 283 284
2 285 286
2 287 288
2 289 290
2 291 292
2 293 294
2 295 296
2 297 298
2 299 300
2 301 302
2 303 304
2 305 306
2 307 308
2 309 310
2 311 312
2 313 314
2 315 316
2 317 318
2 319 320
2 321 322
2 323 324
2 325 326
2 327 328
2 329 330
2 331 332
2 333 334
2 335 336
2 337 338
2 339 340
2 341 342
2 343 344
2 345 346
2 347 348
2 349 350
2 351 352
2 353 354
2 355 356
2 357 358
2 359 360
2 361 362
2 363 364
2 365 366
2 367 368
2 369 370
2 371 372
2 373 374
2 375 376
2 377 378
2 379 380
2 381 382
2 383 384
2 385 386
2 387 388
2 389 390
2 391 392
2 393 394
2 395 396
2 397 398
2 399 400
2 401 402
2 403 404
2 405 406
2 407 408
2 409 410
2 411 412
2 413 414
2 415 416
2 417 418
2 419 420
2 421 422
2 423 424
2 425 426
2 427 428
2 429 430
2 431 432
2 433 434
2 435 436
2 437 438
2 439 440
2 441 442
2 443 444
2 445 446
2 447 448
2 449 450
2 451 452
2 453 454
2 455 456
2 457 458
2 459 460
2 461 462
2 463 464
2 465 466
2 467 468
2 469 470
2 471 472
2 473 474
2 475 476
2 477 478
2 479 480
2 481 482
2 483 484
2 485 486
2 487 488
2 489 490
2 491 492
2 493 494
2 495 496
2 497 498
2 499 500
2 501 502
2 503 504
2 505 506
2 507 508
2 509 510
2 511 512
2 513 514
2 515 516
2 517 518
2 519 520
2 521 522
2 523 524
2 525 526
2 527 528
2 529 530
2 531 532
2 533 534
2 535 536
2 537 538
2 539 540
2 541 542
2 543 544
2 545 546
2 547 548
2 549 550
2 551 552
2 553 554
2 555 556
2 557 558
2 559 560
2 561 562
2 563 564
2 565 566
2 567 568
2 569 570
2 571 572
2 573 574
2 575 576
2 577 578
2 579 580
2 581 582
2 583 584
2 585 586
2 587 588
2 589 590
2 591 592
2 593 594
2 595 596
2 597 598
2 599 600
2 601 602
2 603 604
2 605 606
2 607 608
2 609 610
2 611 612
2 613 614
2 615 616
2 617 618
2 619 620
2 621 622
2 623 624
2 625 626
2 627 628
2 629 630
2 631 632
2 633 634
2 635 636
2 637 638
2 639 640
2 641 642
2 643 644
2 645 646
2 647 648
2 649 650
2 651 652
2 653 654
2 655 656
2 657 658
2 659 660
2 661 662
2 663 664
2 665 666
2 667 668
2 669 670
2 671 672
2 673 674
2 675 676
2 677 678
2 679 680
2 681 682
2 683 684
2 685 686
2 687 688
2 689 690
2 691 692
2 693 694
2 695 696
2 697 698
2 699 700
2 701 702
2 703 704
2 705 706
2 707 708
2 709 710
2 711 712
2 713 714
2 715 716
2 717 718
2 719 720
2 721 722
2 723 724
2 725 726
2 727 728
2 729 730
2 731 732
2 733 734
2 735 736
2 737 738
2 739 740
2 741 742
2 743 744
2 745 746
2 747 748
2 749 750
2 751 752
2 753 754
2 755 756
2 757 758
2 759 760
2 761 762
2 763 764
2 765 766
2 767 768
2 769 770
2 771 772
2 773 774
2 775 776
2 777 778
2 779 780
2 781 782
2 783 784
2 785 786
2 787 788
2 789 790
2 791 792
2 793 794
2 795 796
2 797 798
2 799 800
2 801 802
2 803 804
2 805 806
2 807 808
2 809 810
2 811 812
2 813 814
2 815 816
2 817 818
2 819 820
2 821 822
2 823 824
2 825 826
2 827 828
2 829 830
2 831 832
2 833 834
2 835 836
2 837 838
2 839 840
2 841 842
2 843 844
2 845 846
2 847 848
2 849 850
2 851 852
2 853 854
2 855 856
2 857 858
2 859 860
2 861 862
2 863 864
2 865 866
2 867 868
2 869 870
2 871 872
2 873 874
2 875 876
2 877 878
2 879 880
2 881 882
2 883 884
2 885 886
2 887 888
2 889 890
2 891 892
2 893 894
2 895 896
2 897 898
2 899 900
2 901 902
2 903 904
2 905 906
2 907 908
2 909 910
2 911 912
2 913 914
2 915 916
2 917 918
2 919 920
2 921 922
2 923 924
2 925 926
2 927 928
2 929 930
2 931 932
2 933 934
2 935 936
2 937 938
2 939 940
2 941 942
2 943 944
2 945 946
2 947 948
2 949 950
2 951 952
2 953 954
2 955 956
2 957 958
2 959 960
2 961 962
2 963 964
2 965 966
2 967 968
2 969 970
2 971 972
2 973 974
2 975 976
2 977 978
2 979 980
2 981 982
2 983 984
2 985 986
2 987 988
2 989 990
2 991 992
2 993 994
2 995 996
2 997 998
2 999 1000
2 1001 1002
2 1003 1004
2 1005 1006
2 1007 1008
2 1009 1010
2 1011 1012
2 1013 1014
2 1015 1016
2 1017 1018
2 1019 1020
2 1021 1022
2 1023 1024
2 1025 1026
2 1027 1028
2 1029 1030
2 1031 1032
2 1033 1034
2 1035 1036
2 1037 1038
2 1039 1040
2 1041 1042
2 1043 1044
2 1045 1046
2 1047 1048
2 1049 1050
2 1051 1052
2 1053 1054
2 1055 1056
2 1057 1058
2 1059 1060
2 1061 1062
2 1063 1064
2 1065 1066
2 1067 1068
2 1069 1070
2 1071 1072
2 1073 1074
2 1075 1076
2 1077 1078
2 1079 1080
2 1081 1082
2 1083 1084
2 1085 1086
2 1087 1088
2 1089 1090
2 1091 1092
2 1093 1094
2 1095 1096
2 1097 1098
2 1099 1100
2 1101 1102
2 1103 1104
2 1105 1106
2 1107 1108
2 1109 1110
2 1111 1112
2 1113 1114
2 1115 1116
2 1117 1118
2 1119 1120
2 1121 1122
2 1123 1124
2 1125 1126
2 1127 1128
2 1129 1130
2 1131 1132
2 1133 1134
2 1135 1136
2 1137 1138
2 1139 1140
2 1141 1142
2 1143 1144
2 1145 1146
2 1147 1148
2 1149 1150
2 1151 1152
2 1153 1154
2 1155 1156
2 1157 1158
2 1159 1160
2 1161 1162
2 1163 1164
2 1165 1166
2 1167 1168
2 1169 1170
2 1171 1172
2 1173 1174
2 1175 1176
2 1177 1178
2 1179 1180
2 1181 1182
2 1183 1184
2 1185 1186
2 1187 1188
2 1189 1190
2 1191 1192
2 1193 1194
2 1195 1196
2 1197 1198
2 1199 1200
2 1201 1202
2 1203 1204
2 1205 1206
2 1207 1208
2 1209 1210
2 1211 1212
2 1213 1214
2 1215 1216
2 1217 1218
2 1219 1220
2 1221 1222
2 1223 1224
2 1225 1226
2 1227 1228
2 1229 1230
2 1231 1232
2 1233 1234
2 1235 1236
2 1237 1238
2 1239 1240
2 1241 1242
2 1243 1244
2 1245 1246
2 1247 1248
2 1249 1250
2 1251 1252
2 1253 1254
2 1255 1256
2 1257 1258
2 1259 1260
2 1261 1262
2 1263 1264
2 1265 1266
2 1267 1268
2 1269 1270
2 1271 1272
2 1273 1274
2 1275 1276
2 1277 1278
2 1279 1280
2 1281 1282
2 1283 1284
2 1285 1286
2 1287 1288
2 1289 1290
2 1291 1292
2 1293 1294
2 1295 1296
2 1297 1298
2 1299 1300
2 1301 1302
2 1303 1304
2 1305 1306
2 1307 1308
2 1309 1310
2 1311 1312
2 1313 1314
2 1315 1316
2 1317 1318
2 1319 1320
2 1321 1322
2 1323 1324
2 1325 1326
2 1327 1328
2 1329 1330
2 1331 1332
2 1333 1334
2 1335 1336
2 1337 1338
2 1339 1340
2 1341 1342
2 1343 1344
2 1345 1346
2 1347 1348
2 1349 1350
2 1351 1352
2 1353 1354
2 1355 1356
2 1357 1358
2 1359 1360
2 1361 1362
2 1363 1364
2 1365 1366
2 1367 1368
2 1369 1370
2 1371 1372
2 1373 1374
2 1375 1376
2 1377 1378
2 1379 1380
2 1381 1382
2 1383 1384
2 1385 1386
2 1387 1388
2 1389 1390
2 1391 1392
2 1393 1394
2 1395 1396
2 1397 1398
2 1399 1400
2 1401 1402
2 1403 1404
2 1405 1406
2 1407 1408
2 1409 1410
2 1411 1412
2 1413 1414
2 1415 1416
2 1417 1418
2 1419 1420
2 1421 1422
2 1423 1424
2 1425 1426
2 1427 1428
2 1429 1430
2 1431 1432
2 1433 1434
2 1435 1436
2 1437 1438
2 1439 1440
2 1441 1442
2 1443 1444
2 1445 1446
2 1447 1448
2 1449 1450
2 1451 1452
2 1453 1454
2 1455 1456
2 1457 1458
2 1459 1460
2 1461 1462
2 1463 1464
2 1465 1466
2 1467 1468
2 1469 1470
2 1471 1472
2 1473 1474
2 1475 1476
2 1477 1478
2 1479 1480
2 1481 1482
2 1483 1484
2 1485 1486
2 1487 1488
2 1489 1490
2 1491 1492
2 1493 1494
2 1495 1496
2 1497 1498
2 1499 1500
2 1501 1502
2 1503 1504
2 1505 1506
2 1507 1508
2 1509 1510
2 1511 1512
2 1513 1514
2 1515 1516
2 1517 1518
2 1519 1520
2 1521 1522
2 1523 1524
2 1525 1526
2 1527 1528
2 1529 1530
2 1531 1532
2 1533 1534
2 1535 1536
2 1537 1538
2 1539 1540
2 1541 1542
2 1543 1544
2 1545 1546
2 1547 1548
2 1549 1550
2 1551 1552
2 1553 1554
2 1555 1556
2 1557 1558
2 1559 1560
2 1561 1562
2 1563 1564
2 1565 1566
2 1567 1568
2 1569 1570
2 1571 1572
2 1573 1574
2 1575 1576
2 1577 1578
2 1579 1580
2 1581 1582
2 1583 1584
2 1585 1586
2 1587 1588
2 1589 1590
2 1591 1592
2 1593 1594
2 1595 1596
2 1597 1598
2 1599 1600
2 1601 1602
2 1603 1604
2 1605 1606
2 1607 1608
2 1609 1610
2 1611 1612
2 1613 1614
2 1615 1616
2 1617 1618
2 1619 1620
2 1621 1622
2 1623 1624
2 1625 1626
2 1627 1628
2 1629 1630
2 1631 1632
2 1633 1634
2 1635 1636
2 1637 1638
2 1639 1640
2 1641 1642
2 1643 1644
2 1645 1646
2 1647 1648
2 1649 1650
2 1651 1652
2 1653 1654
2 1655 1656
2 1657 1658
2 1659 1660
2 1661 1662
2 1663 1664
2 1665 1666
2 1667 1668
2 1669 1670
2 1671 1672
2 1673 1674
2 1675 1676
2 1677 1678
2 1679 1680
2 1681 1682
2 1683 1684
2 1685 1686
2 1687 1688
2 1689 1690
2 1691 1692
2 1693 1694
2 1695 1696
2 1697 1698
2 1699 1700
2 1701 1702
2 1703 1704
2 1705 1706
2 1707 1708
2 1709 1710
2 1711 1712
2 1713 1714
2 1715 1716
2 1717 1718
2 1719 1720
2 1721 1722
2 1723 1724
2 1725 1726
2 1727 1728
2 1729 1730
2 1731 1732
2 1733 1734
2 1735 1736
2 1737 1738
2 1739 1740
2 1741 1742
2 1743 1744
2 1745 1746
2 1747 1748
2 1749 1750
2 1751 1752
2 1753 1754
2 1755 1756
2 1757 1758
2 1759 1760
2 1761 1762
2 1763 1764
2 1765 1766
2 1767 1768
2 1769 1770
2 1771 1772
2 1773 1774
2 1775 1776
2 1777 1778
2 1779 1780
2 1781 1782
2 1783 1784
2 1785 1786
2 1787 1788
2 1789 1790
2 1791 1792
2 1793 1794
2 1795 1796
2 1797 1798
2 1799 1800
2 1801 1802
2 1803 1804
2 1805 1806
2 1807 1808
2 1809 1810
2 1811 1812
2 1813 1814
2 1815 1816
2 1817 1818
2 1819 1820
2 1821 1822
2 1823 1824
2 1825 1826
2 1827 1828
2 1829 1830
2 1831 1832
2 1833 1834
2 1835 1836
2 1837 1838
2 1839 1840
2 1841 1842
2 1843 1844
2 1845 1846
2 1847 1848
2 1849 1850
2 1851 1852
2 1853 1854
2 1855 1856
2 1857 1858
2 1859 1860
2 1861 1862
2 1863 1864
2 1865 1866
2 1867 1868
2 1869 1870
2 1871 1872
2 1873 1874
2 1875 1876
2 1877 1878
2 1879 1880
2 1881 1882
2 1883 1884
2 1885 1886
2 1887 1888
2 1889 1890
2 1891 1892
2 1893 1894
2 1895 1896
2 1897 1898
2 1899 1900
2 1901 1902
2 1903 1904
2 1905 1906
2 1907 1908
2 1909 1910
2 1911 1912
2 1913 1914
2 1915 1916
2 1917 1918
2 1919 1920
2 1921 1922
2 1923 1924
2 1925 1926
2 1927 1928
2 1929 1930
2 1931 1932
2 1933 1934
2 1935 1936
2 1937 1938
2 1939 1940
2 1941 1942
2 1943 1944
2 1945 1946
2 1947 1948
2 1949 1950
2 1951 1952
2 1953 1954
2 1955 1956
2 1957 1958
2 1959 1960
2 1961 1962
2 1963 1964
2 1965 1966
2 1967 1968
2 1969 1970
2 1971 1972
2 1973 1974
2 1975 1976
2 1977 1978
2 1979 1980
2 1981 1982
2 1983 1984
2 1985 1986
2 1987 1988
2 1989 1990
2 1991 1992
2 1993 1994
2 1995 1996
2 1997 1998
2 1999 2000
2 2001 2002
2 2003 2004
2 2005 2006
2 2007 2008
2 2009 2010
2 2011 2012
2 2013 2014
2 2015 2016
2 2017 2018
2 2019 2020
2 2021 2022
2 2023 2024
2 2025 2026
2 2027 2028
2 2029 2030
2 2031 2032
2 2033 2034
2 2035 2036
2 2037 2038
2 2039 2040
2 2041 2042
2 2043 2044
2 2045 2046
2 2047 2048
2 2049 2050
2 2051 2052
2 2053 2054
2 2055 2056
2 2057 2058
2 2059 2060
2 2061 2062
2 2063 2064
2 2065 2066
2 2067 2068
2 2069 2070
2 2071 2072
2 2073 2074
2 2075 2076
2 2077 2078
2 2079 2080
2 2081 2082
2 2083 2084
2 2085 2086
2 2087 2088
2 2089 2090
2 2091 2092
2 2093 2094
2 2095 2096
2 2097 2098
2 2099 2100
2 2101 2102
2 2103 2104
2 2105 2106
2 2107 2108
2 2109 2110
2 2111 2112
2 2113 2114
2 2115 2116
2 2117 2118
2 2119 2120
2 2121 2122
2 2123 2124
2 2125 2126
2 2127 2128
2 2129 2130
2 2131 2132
2 2133 2134
2 2135 2136
2 2137 2138
2 2139 2140
2 2141 2142
2 2143 2144
2 2145 2146
2 2147 2148
2 2149 2150
2 2151 2152
2 2153 2154
2 2155 2156
2 2157 2158
2 2159 2160
2 2161 2162
2 2163 2164
2 2165 2166
2 2167 2168
2 2169 2170
2 2171 2172
2 2173 2174
2 2175 2176
2 2177 2178
2 2179 2180
2 2181 2182
2 2183 2184
2 2185 2186
2 2187 2188
2 2189 2190
2 2191 2192
2 2193 2194
2 2195 2196
2 2197 2198
2 2199 2200
2 2201 2202
2 2203 2204
2 2205 2206
2 2207 2208
2 2209 2210
2 2211 2212
2 2213 2214
2 2215 2216
2 2217 2218
2 2219 2220
2 2221 2222
2 2223 2224
2 2225 2226
2 2227 2228
2 2229 2230
2 2231 2232
2 2233 2234
2 2235 2236
2 2237 2238
2 2239 2240
2 2241 2242
2 2243 2244
2 2245 2246
2 2247 2248
2 2249 2250
2 2251 2252
2 2253 2254
2 2255 2256
2 2257 2258
2 2259 2260
2 2261 2262
2 2263 2264
2 2265 2266
2 2267 2268
2 2269 2270
2 2271 2272
2 2273 2274
2 2275 2276
2 2277 2278
2 2279 2280
2 2281 2282
2 2283 2284
2 2285 2286
2 2287 2288
2 2289 2290
2 2291 2292
2 2293 2294
2 2295 2296
2 2297 2298
2 2299 2300
2 2301 2302
2 2303 2304
2 2305 2306
2 2307 2308
2 2309 2310
2 2311 2312
2 2313 2314
2 2315 2316
2 2317 2318
2 2319 2320
2 2321 2322
2 2323 2324
2 2325 2326
2 2327 2328
2 2329 2330
2 2331 2332
2 2333 2334
2 2335 2336
2 2337 2338
2 2339 2340
2 2341 2342
2 2343 2344
2 2345 2346
2 2347 2348
2 2349 2350
2 2351 2352
2 2353 2354
2 2355 2356
2 2357 2358
2 2359 2360
2 2361 2362
2 2363 2364
2 2365 2366
2 2367 2368
2 2369 2370
2 2371 2372
2 2373 2374
2 2375 2376
2 2377 2378
2 2379 2380
2 2381 2382
2 2383 2384
2 2385 2386
2 2387 2388
2 2389 2390
2 2391 2392
2 2393 2394
2 2395 2396
2 2397 2398
2 2399 2400
2 2401 2402
2 2403 2404
2 2405 2406
2 2407 2408
2 2409 2410
2 2411 2412
2 2413 2414
2 2415 2416
2 2417 2418
2 2419 2420
2 2421 2422
2 2423 2424
2 2425 2426
2 2427 2428
2 2429 2430
2 2431 2432
2 2433 2434
2 2435 2436
2 2437 2438
2 2439 2440
2 2441 2442
2 2443 2444
2 2445 2446
2 2447 2448
2 2449 2450
2 2451 2452
2 2453 2454
2 2455 2456
2 2457 2458
2 2459 2460
2 2461 2462
2 2463 2464
2 2465 2466
2 2467 2468
2 2469 2470
2 2471 2472
2 2473 2474
2 2475 2476
2 2477 2478
2 2479 2480
2 2481 2482
2 2483 2484
2 2485 2486
2 2487 2488
2 2489 2490
2 2491 2492
2 2493 2494
2 2495 2496
2 2497 2498
2 2499 2500
2 2501 2502
2 2503 2504
2 2505 2506
2 2507 2508
2 2509 2510
2 2511 2512
2 2513 2514
2 2515 2516
2 2517 2518
2 2519 2520
2 2521 2522
2 2523 2524
2 2525 2526
2 2527 2528
2 2529 2530
2 2531 2532
2 2533 2534
2 2535 2536
2 2537 2538
2 2539 2540
2 2541 2542
2 2543 2544
2 2545 2546
2 2547 2548
2 2549 2550
2 2551 2552
2 2553 2554
2 2555 2556
2 2557 2558
2 2559 2560
2 2561 2562
2 2563 2564
2 2565 2566
2 2567 2568
2 2569 2570
2 2571 2572
2 2573 2574
2 2575 2576
2 2577 2578
2 2579 2580
2 2581 2582
2 2583 2584
2 2585 2586
2 2587 2588
2 2589 2590
2 2591 2592
2 2593 2594
2 2595 2596
2 2597 2598
2 2599 2600
2 2601 2602
2 2603 2604
2 2605 2606
2 2607 2608
2 2609 2610
2 2611 2612
2 2613 2614
2 2615 2616
2 2617 2618
2 2619 2620
2 2621 2622
2 2623 2624
2 2625 2626
2 2627 2628
2 2629 2630
2 2631 2632
2 2633 2634
2 2635 2636
2 2637 2638
2 2639 2640
2 2641 2642
2 2643 2644
2 2645 2646
2 2647 2648
2 2649 2650
2 2651 2652
2 2653 2654
2 2655 2656
2 2657 2658
2 2659 2660
2 2661 2662
2 2663 2664
2 2665 2666
2 2667 2668
2 2669 2670
2 2671 2672
2 2673 2674
2 2675 2676
2 2677 2678
2 2679 2680
2 2681 2682
2 2683 2684
2 2685 2686
2 2687 2688
2 2689 2690
2 2691 2692
2 2693 2694
2 2695 2696
2 2697 2698
2 2699 2700
2 2701 2702
2 2703 2704
2 2705 2706
2 2707 2708
2 2709 2710
2 2711 2712
2 2713 2714
2 2715 2716
2 2717 2718
2 2719 2720
2 2721 2722
2 2723 2724
2 2725 2726
2 2727 2728
2 2729 2730
2 2731 2732
2 2733 2734
2 2735 2736
2 2737 2738
2 2739 2740
2 2741 2742
2 2743 2744
2 2745 2746
2 2747 2748
2 2749 2750
2 2751 2752
2 2753 2754
2 2755 2756
2 2757 2758
2 2759 2760
2 2761 2762
2 2763 2764
2 2765 2766
2 2767 2768
2 2769 2770
2 2771 2772
2 2773 2774
2 2775 2776
2 2777 2778
2 2779 2780
2 2781 2782
2 2783 2784
2 2785 2786
2 2787 2788
2 2789 2790
2 2791 2792
2 2793 2794
2 2795 2796
2 2797 2798
2 2799 2800
2 2801 2802
2 2803 2804
2 2805 2806
2 2807 2808
2 2809 2810
2 2811 2812
2 2813 2814
2 2815 2816
2 2817 2818
2 2819 2820
2 2821 2822
2 2823 2824
2 2825 2826
2 2827 2828
2 2829 2830
2 2831 2832
2 2833 2834
2 2835 2836
2 2837 2838
2 2839 2840
2 2841 2842
2 2843 2844
2 2845 2846
2 2847 2848
2 2849 2850
2 2851 2852
2 2853 2854
2 2855 2856
2 2857 2858
2 2859 2860
2 2861 2862
2 2863 2864
2 2865 2866
2 2867 2868
2 2869 2870
2 2871 2872
2 2873 2874
2 2875 2876
2 2877 2878
2 2879 2880
2 2881 2882
2 2883 2884
2 2885 2886
2 2887 2888
2 2889 2890
2 2891 2892
2 2893 2894
2 2895 2896
2 2897 2898
2 2899 2900
2 2901 2902
2 2903 2904
2 2905 2906
2 2907 2908
2 2909 2910
2 2911 2912
2 2913 2914
2 2915 2916
2 2917 2918
2 2919 2920
2 2921 2922
2 2923 2924
2 2925 2926
2 2927 2928
2 2929 2930
2 2931 2932
2 2933 2934
2 2935 2936
2 2937 2938
2 2939 2940
2 2941 2942
2 2943 2944
2 2945 2946
2 2947 2948
2 2949 2950
2 2951 2952
2 2953 2954
2 2955 2956
2 2957 2958
2 2959 2960
2 2961 2962
2 2963 2964
2 2965 2966
2 2967 2968
2 2969 2970
2 2971 2972
2 2973 2974
2 2975 2976
2 2977 2978
2 2979 2980
2 2981 2982
2 2983 2984
2 2985 2986
2 2987 2988
2 2989 2990
2 2991 2992
2 2993 2994
2 2995 2996
2 2997 2998
2 2999 3000
2 3001 3002
2 3003 3004
2 3005 3006
2 3007 3008
2 3009 3010
2 3011 3012
2 3013 3014
2 3015 3016
2 3017 3018
2 3019 3020
2 3021 3022
2 3023 3024
2 3025 3026
2 3027 3028
2 3029 3030
2 3031 3032
2 3033 3034
2 3035 3036
2 3037 3038
2 3039 3040
2 3041 3042
2 3043 3044
2 3045 3046
2 3047 3048
2 3049 3050
2 3051 3052
2 3053 3054
2 3055 3056
2 3057 3058
2 3059 3060
2 3061 3062
2 3063 3064
2 3065 3066
2 3067 3068
2 3069 3070
2 3071 3072
2 3073 3074
2 3075 3076
2 3077 3078
2 3079 3080
2 3081 3082
2 3083 3084
2 3085 3086
2 3087 3088
2 3089 3090
2 3091 3092
2 3093 3094
2 3095 3096
2 3097 3098
2 3099 3100
2 3101 3102
2 3103 3104
2 3105 3106
2 3107 3108
2 3109 3110
2 3111 3112
2 3113 3114
2 3115 3116
2 3117 3118
2 3119 3120
2 3121 3122
2 3123 3124
2 3125 3126
2 3127 3128
2 3129 3130
2 3131 3132
2 3133 3134
2 3135 3136
2 3137 3138
2 3139 3140
2 3141 3142
2 3143 3144
2 3145 3146
2 3147 3148
2 3149 3150
2 3151 3152
2 3153 3154
2 3155 3156
2 3157 3158
2 3159 3160
2 3161 3162
2 3163 3164
2 3165 3166
2 3167 3168
2 3169 3170
2 3171 3172
2 3173 3174
2 3175 3176
2 3177 3178
2 3179 3180
2 3181 3182
2 3183 3184
2 3185 3186
2 3187 3188
2 3189 3190
2 3191 3192
2 3193 3194
2 3195 3196
2 3197 3198
2 3199 3200
2 3201 3202
2 3203 3204
2 3205 3206
2 3207 3208
2 3209 3210
2 3211 3212
2 3213 3214
2 3215 3216
2 3217 3218
2 3219 3220
2 3221 3222
2 3223 3224
2 3225 3226
2 3227 3228
2 3229 3230
2 3231 3232
2 3233 3234
2 3235 3236
2 3237 3238
2 3239 3240
2 3241 3242
2 3243 3244
2 3245 3246
2 3247 3248
2 3249 3250
2 3251 3252
2 3253 3254
2 3255 3256
2 3257 3258
2 3259 3260
2 3261 3262
2 3263 3264
2 3265 3266
2 3267 3268
2 3269 3270
2 3271 3272
2 3273 3274
2 3275 3276
2 3277 3278
2 3279 3280
2 3281 3282
2 3283 3284
2 3285 3286
2 3287 3288
2 3289 3290
2 3291 3292
2 3293 3294
2 3295 3296
2 3297 3298
2 3299 3300
2 3301 3302
2 3303 3304
2 3305 3306
2 3307 3308
2 3309 3310
2 3311 3312
2 3313 3314
2 3315 3316
2 3317 3318
2 3319 3320
2 3321 3322
2 3323 3324
2 3325 3326
2 3327 3328
2 3329 3330
2 3331 3332
2 3333 3334
2 3335 3336
2 3337 3338
2 3339 3340
2 3341 3342
2 3343 3344
2 3345 3346
2 3347 3348
2 3349 3350
2 3351 3352
2 3353 3354
2 3355 3356
2 3357 3358
2 3359 3360
2 3361 3362
2 3363 3364
2 3365 3366
2 3367 3368
2 3369 3370
2 3371 3372
2 3373 3374
2 3375 3376
2 3377 3378
2 3379 3380
2 3381 3382
2 3383 3384
2 3385 3386
2 3387 3388
2 3389 3390
2 3391 3392
2 3393 3394
2 3395 3396
2 3397 3398
2 3399 3400
2 3401 3402
2 3403 3404
2 3405 3406
2 3407 3408
2 3409 3410
2 3411 3412
2 3413 3414
2 3415 3416
2 3417 3418
2 3419 3420
2 3421 3422
2 3423 3424
2 3425 3426
2 3427 3428
2 3429 3430
2 3431 3432
2 3433 3434
2 3435 3436
2 3437 3438
2 3439 3440
2 3441 3442
2 3443 3444
2 3445 3446
2 3447 3448
2 3449 3450
2 3451 3452
2 3453 3454
2 3455 3456
2 3457 3458
2 3459 3460
2 3461 3462
2 3463 3464
2 3465 3466
2 3467 3468
2 3469 3470
2 3471 3472
2 3473 3474
2 3475 3476
2 3477 3478
2 3479 3480
2 3481 3482
2 3483 3484
2 3485 3486
2 3487 3488
2 3489 3490
2 3491 3492
2 3493 3494
2 3495 3496
2 3497 3498
2 3499 3500
2 3501 3502
2 3503 3504
2 3505 3506
2 3507 3508
2 3509 3510
2 3511 3512
2 3513 3514
2 3515 3516
2 3517 3518
2 3519 3520
2 3521 3522
2 3523 3524
2 3525 3526
2 3527 3528
2 3529 3530
2 3531 3532
2 3533 3534
2 3535 3536
2 3537 3538
2 3539 3540
2 3541 3542
2 3543 3544
2 3545 3546
2 3547 3548
2 3549 3550
2 3551 3552
2 3553 3554
2 3555 3556
2 3557 3558
2 3559 3560
2 3561 3562
2 3563 3564
2 3565 3566
2 3567 3568
2 3569 3570
2 3571 3572
2 3573 3574
2 3575 3576
2 3577 3578
2 3579 3580
2 3581 3582
2 3583 3584
2 3585 3586
2 3587 3588
2 3589 3590
2 3591 3592
2 3593 3594
2 3595 3596
2 3597 3598
2 3599 3600
2 3601 3602
2 3603 3604
2 3605 3606
2 3607 3608
2 3609 3610
2 3611 3612
2 3613 3614
2 3615 3616
2 3617 3618
2 3619 3620
2 3621 3622
2 3623 3624
2 3625 3626
2 3627 3628
2 3629 3630
2 3631 3632
2 3633 3634
2 3635 3636
2 3637 3638
2 3639 3640
2 3641 3642
2 3643 3644
2 3645 3646
2 3647 3648
2 3649 3650
2 3651 3652
2 3653 3654
2 3655 3656
2 3657 3658
2 3659 3660
2 3661 3662
2 3663 3664
2 3665 3666
2 3667 3668
2 3669 3670
2 3671 3672
2 3673 3674
2 3675 3676
2 3677 3678
2 3679 3680
2 3681 3682
2 3683 3684
2 3685 3686
2 3687 3688
2 3689 3690
2 3691 3692
2 3693 3694
2 3695 3696
2 3697 3698
2 3699 3700
2 3701 3702
2 3703 3704
2 3705 3706
2 3707 3708
2 3709 3710
2 3711 3712
2 3713 3714
2 3715 3716
2 3717 3718
2 3719 3720
2 3721 3722
2 3723 3724
2 3725 3726
2 3727 3728
2 3729 3730
2 3731 3732
2 3733 3734
2 3735 3736
2 3737 3738
2 3739 3740
2 3741 3742
2 3743 3744
2 3745 3746
2 3747 3748
2 3749 3750
2 3751 3752
2 3753 3754
2 3755 3756
2 3757 3758
2 3759 3760
2 3761 3762
2 3763 3764
2 3765 3766
2 3767 3768
2 3769 3770
2 3771 3772
2 3773 3774
2 3775 3776
2 3777 3778
2 3779 3780
2 3781 3782
2 3783 3784
2 3785 3786
2 3787 3788
2 3789 3790
2 3791 3792
2 3793 3794
2 3795 3796
2 3797 3798
2 3799 3800
2 3801 3802
2 3803 3804
2 3805 3806
2 3807 3808
2 3809 3810
2 3811 3812
2 3813 3814
2 3815 3816
2 3817 3818
2 3819 3820
2 3821 3822
2 3823 3824
2 3825 3826
2 3827 3828
2 3829 3830
2 3831 3832
2 3833 3834
2 3835 3836
2 3837 3838
2 3839 3840
2 3841 3842
2 3843 3844
2 3845 3846
2 3847 3848
2 3849 3850
2 3851 3852
2 3853 3854
2 3855 3856
2 3857 3858
2 3859 3860
2 3861 3862
2 3863 3864
2 3865 3866
2 3867 3868
2 3869 3870
2 3871 3872
2 3873 3874
2 3875 3876
2 3877 3878
2 3879 3880
2 3881 3882
2 3883 3884
2 3885 3886
2 3887 3888
2 3889 3890
2 3891 3892
2 3893 3894
2 3895 3896
2 3897 3898
2 3899 3900
2 3901 3902
2 3903 3904
2 3905 3906
2 3907 3908
2 3909 3910
2 3911 3912
2 3913 3914
2 3915 3916
2 3917 3918
2 3919 3920
2 3921 3922
2 3923 3924
2 3925 3926
2 3927 3928
2 3929 3930
2 3931 3932
2 3933 3934
2 3935 3936
2 3937 3938
2 3939 3940
2 3941 3942
2 3943 3944
2 3945 3946
2 3947 3948
2 3949 3950
2 3951 3952
2 3953 3954
2 3955 3956
2 3957 3958
2 3959 3960
2 3961 3962
2 3963 3964
2 3965 3966
2 3967 3968
2 3969 3970
2 3971 3972
2 3973 3974
2 3975 3976
2 3977 3978
2 3979 3980
2 3981 3982
2 3983 3984
2 3985 3986
2 3987 3988
2 3989 3990
2 3991 3992
2 3993 3994
2 3995 3996
2 3997 3998
2 3999 4000
2 4001 4002
2 4003 4004
2 4005 4006
2 4007 4008
2 4009 4010
2 4011 4012
2 4013 4014
2 4015 4016
2 4017 4018
2 4019 4020
2 4021 4022
2 4023 4024
2 4025 4026
2 4027 4028
2 4029 4030
2 4031 4032
2 4033 4034
2 4035 4036
2 4037 4038
2 4039 4040
2 4041 4042
2 4043 4044
2 4045 4046
2 4047 4048
2 4049 4050
2 4051 4052
2 4053 4054
2 4055 4056
2 4057 4058
2 4059 4060
2 4061 4062
2 4063 4064
2 4065 4066
2 4067 4068
2 4069 4070
2 4071 4072
2 4073 4074
2 4075 4076
2 4077 4078
2 4079 4080
2 4081 4082
2 4083 4084
2 4085 4086
2 4087 4088
2 4089 4090
2 4091 4092
2 4093 4094
2 4095 4096
2 4097 4098
2 4099 4100
2 4101 4102
2 4103 4104
2 4105 4106
2 4107 4108
2 4109 4110
2 4111 4112
2 4113 4114
2 4115 4116
2 4117 4118
2 4119 4120
2 4121 4122
2 4123 4124
2 4125 4126
2 4127 4128
2 4129 4130
2 4131 4132
2 4133 4134
2 4135 4136
2 4137 4138
2 4139 4140
2 4141 4142
2 4143 4144
2 4145 4146
2 4147 4148
2 4149 4150
2 4151 4152
2 4153 4154
2 4155 4156
2 4157 4158
2 4159 4160
2 4161 4162
2 4163 4164
2 4165 4166
2 4167 4168
2 4169 4170
2 4171 4172
2 4173 4174
2 4175 4176
2 4177 4178
2 4179 4180
2 4181 4182
2 4183 4184
2 4185 4186
2 4187 4188
2 4189 4190
2 4191 4192
2 4193 4194
2 4195 4196
2 4197 4198
2 4199 4200
2 4201 4202
2 4203 4204
2 4205 4206
2 4207 4208
2 4209 4210
2 4211 4212
2 4213 4214
2 4215 4216
2 4217 4218
2 4219 4220
2 4221 4222
2 4223 4224
2 4225 4226
2 4227 4228
2 4229 4230
2 4231 4232
2 4233 4234
2 4235 4236
2 4237 4238
2 4239 4240
2 4241 4242
2 4243 4244
2 4245 4246
2 4247 4248
2 4249 4250
2 4251 4252
2 4253 4254
2 4255 4256
2 4257 4258
2 4259 4260
2 4261 4262
2 4263 4264
2 4265 4266
2 4267 4268
2 4269 4270
2 4271 4272
2 4273 4274
2 4275 4276
2 4277 4278
2 4279 4280
2 4281 4282
2 4283 4284
2 4285 4286
2 4287 4288
2 4289 4290
2 4291 4292
2 4293 4294
2 4295 4296
2 4297 4298
2 4299 4300
2 4301 4302
2 4303 4304
2 4305 4306
2 4307 4308
2 4309 4310
2 4311 4312
2 4313 4314
2 4315 4316
2 4317 4318
2 4319 4320
2 4321 4322
2 4323 4324
2 4325 4326
2 4327 4328
2 4329 4330
2 4331 4332
2 4333 4334
2 4335 4336
2 4337 4338
2 4339 4340
2 4341 4342
2 4343 4344
2 4345 4346
2 4347 4348
2 4349 4350
2 4351 4352
2 4353 4354
2 4355 4356
2 4357 4358
2 4359 4360
2 4361 4362
2 4363 4364
2 4365 4366
2 4367 4368
2 4369 4370
2 4371 4372
2 4373 4374
2 4375 4376
2 4377 4378
2 4379 4380
2 4381 4382
2 4383 4384
2 4385 4386
2 4387 4388
2 4389 4390
2 4391 4392
2 4393 4394
2 4395 4396
2 4397 4398
2 4399 4400
2 4401 4402
2 4403 4404
2 4405 4406
2 4407 4408
2 4409 4410
2 4411 4412
2 4413 4414
2 4415 4416
2 4417 4418
2 4419 4420
2 4421 4422
2 4423 4424
2 4425 4426
2 4427 4428
2 4429 4430
2 4431 4432
2 4433 4434
2 4435 4436
2 4437 4438
2 4439 4440
2 4441 4442
2 4443 4444
2 4445 4446
2 4447 4448
2 4449 4450
2 4451 4452
2 4453 4454
2 4455 4456
2 4457 4458
2 4459 4460
2 4461 4462
2 4463 4464
2 4465 4466
2 4467 4468
2 4469 4470
2 4471 4472
2 4473 4474
2 4475 4476
2 4477 4478
2 4479 4480
2 4481 4482
2 4483 4484
2 4485 4486
2 4487 4488
2 4489 4490
2 4491 4492
2 4493 4494
2 4495 4496
2 4497 4498
2 4499 4500
2 4501 4502
2 4503 4504
2 4505 4506
2 4507 4508
2 4509 4510
2 4511 4512
2 4513 4514
2 4515 4516
2 4517 4518
2 4519 4520
2 4521 4522
2 4523 4524
2 4525 4526
2 4527 4528
2 4529 4530
2 4531 4532
2 4533 4534
2 4535 4536
2 4537 4538
2 4539 4540
2 4541 4542
2 4543 4544
2 4545 4546
2 4547 4548
2 4549 4550
2 4551 4552
2 4553 4554
2 4555 4556
2 4557 4558
2 4559 4560
2 4561 4562
2 4563 4564
2 4565 4566
2 4567 4568
2 4569 4570
2 4571 4572
2 4573 4574
2 4575 4576
2 4577 4578
2 4579 4580
2 4581 4582
2 4583 4584
2 4585 4586
2 4587 4588
2 4589 4590
2 4591 4592
2 4593 4594
2 4595 4596
2 4597 4598
2 4599 4600
2 4601 4602
2 4603 4604
2 4605 4606
2 4607 4608
2 4609 4610
2 4611 4612
2 4613 4614
2 4615 4616
2 4617 4618
2 4619 4620
2 4621 4622
2 4623 4624
2 4625 4626
2 4627 4628
2 4629 4630
2 4631 4632
2 4633 4634
2 4635 4636
2 4637 4638
2 4639 4640
2 4641 4642
2 4643 4644
2 4645 4646
2 4647 4648
2 4649 4650
2 4651 4652
2 4653 4654
2 4655 4656
2 4657 4658
2 4659 4660
2 4661 4662
2 4663 4664
2 4665 4666
2 4667 4668
2 4669 4670
2 4671 4672
2 4673 4674
2 4675 4676
2 4677 4678
2 4679 4680
2 4681 4682
2 4683 4684
2 4685 4686
2 4687 4688
2 4689 4690
2 4691 4692
2 4693 4694
2 4695 4696
2 4697 4698
2 4699 4700
2 4701 4702
2 4703 4704
2 4705 4706
2 4707 4708
2 4709 4710
2 4711 4712
2 4713 4714
2 4715 4716
2 4717 4718
2 4719 4720
2 4721 4722
2 4723 4724
2 4725 4726
2 4727 4728
2 4729 4730
2 4731 4732
2 4733 4734
2 4735 4736
2 4737 4738
2 4739 4740
2 4741 4742
2 4743 4744
2 4745 4746
2 4747 4748
2 4749 4750
2 4751 4752
2 4753 4754
2 4755 4756
2 4757 4758
2 4759 4760
2 4761 4762
2 4763 4764
2 4765 4766
2 4767 4768
2 4769 4770
2 4771 4772
2 4773 4774
2 4775 4776
2 4777 4778
2 4779 4780
2 4781 4782
2 4783 4784
2 4785 4786
2 4787 4788
2 4789 4790
2 4791 4792
2 4793 4794
2 4795 4796
2 4797 4798
2 4799 4800
2 4801 4802
2 4803 4804
2 4805 4806
2 4807 4808
2 4809 4810
2 4811 4812
2 4813 4814
2 4815 4816
2 4817 4818
2 4819 4820
2 4821 4822
2 4823 4824
2 4825 4826
2 4827 4828
2 4829 4830
2 4831 4832
2 4833 4834
2 4835 4836
2 4837 4838
2 4839 4840
2 4841 4842
2 4843 4844
2 4845 4846
2 4847 4848
2 4849 4850
2 4851 4852
2 4853 4854
2 4855 4856
2 4857 4858
2 4859 4860
2 4861 4862
2 4863 4864
2 4865 4866
2 4867 4868
2 4869 4870
2 4871 4872
2 4873 4874
2 4875 4876
2 4877 4878
2 4879 4880
2 4881 4882
2 4883 4884
2 4885 4886
2 4887 4888
2 4889 4890
2 4891 4892
2 4893 4894
2 4895 4896
2 4897 4898
2 4899 4900
2 4901 4902
2 4903 4904
2 4905 4906
2 4907 4908
2 4909 4910
2 4911 4912
2 4913 4914
2 4915 4916
2 4917 4918
2 4919 4920
2 4921 4922
2 4923 4924
2 4925 4926
2 4927 4928
2 4929 4930
2 4931 4932
2 4933 4934
2 4935 4936
2 4937 4938
2 4939 4940
2 4941 4942
2 4943 4944
2 4945 4946
2 4947 4948
2 4949 4950
2 4951 4952
2 4953 4954
2 4955 4956
2 4957 4958
2 4959 4960
2 4961 4962
2 4963 4964
2 4965 4966
2 4967 4968
2 4969 4970
2 4971 4972
2 4973 4974
2 4975 4976
2 4977 4978
2 4979 4980
2 4981 4982
2 4983 4984
2 4985 4986
2 4987 4988
2 4989 4990
2 4991 4992
2 4993 4994
2 4995 4996
2 4997 4998
1 4999
0
0
0
0
0
0
0
0
0
0
0
0
0
0
0
0
0
0
0
0
0
0
0
0
0
0
0
0
0
0
0
0
0
0
0
0
0
0
0
0
0
0
0
0
0
0
0
0
0
0
0
0
0
0
0
0
0
0
0
0
0
0
0
0
0
0
0
0
0
0
0
0
0
0
0
0
0
0
0
0
0
0
0
0
0
0
0
0
0
0
0
0
0
0
0
0
0
0
0
0
0
0
0
0
0
0
0
0
0
0
0
0
0
0
0
0
0
0
0
0
0
0
0
0
0
0
0
0
0
0
0
0
0
0
0
0
0
0
0
0
0
0
0
0
0
0
0
0
0
0
0
0
0
0
0
0
0
0
0
0
0
0
0
0
0
0
0
0
0
0
0
0
0
0
0
0
0
0
0
0
0
0
0
0
0
0
0
0
0
0
0
0
0
0
0
0
0
0
0
0
0
0
0
0
0
0
0
0
0
0
0
0
0
0
0
0
0
0
0
0
0
0
0
0
0
0
0
0
0
0
0
0
0
0
0
0
0
0
0
0
0
0
0
0
0
0
0
0
0
0
0
0
0
0
0
0
0
0
0
0
0
0
0
0
0
0
0
0
0
0
0
0
0
0
0
0
0
0
0
0
0
0
0
0
0
0
0
0
0
0
0
0
0
0
0
0
0
0
0
0
0
0
0
0
0
0
0
0
0
0
0
0
0
0
0
0
0
0
0
0
0
0
0
0
0
0
0
0
0
0
0
0
0
0
0
0
0
0
0
0
0
0
0
0
0
0
0
0
0
0
0
0
0
0
0
0
0
0
0
0
0
0
0
0
0
0
0
0
0
0
0
0
0
0
0
0
0
0
0
0
0
0
0
0
0
0
0
0
0
0
0
0
0
0
0
0
0
0
0
0
0
0
0
0
0
0
0
0
0
0
0
0
0
0
0
0
0
0
0
0
0
0
0
0
0
0
0
0
0
0
0
0
0
0
0
0
0
0
0
0
0
0
0
0
0
0
0
0
0
0
0
0
0
0
0
0
0
0
0
0
0
0
0
0
0
0
0
0
0
0
0
0
0
0
0
0
0
0
0
0
0
0
0
0
0
0
0
0
0
0
0
0
0
0
0
0
0
0
0
0
0
0
0
0
0
0
0
0
0
0
0
0
0
0
0
0
0
0
0
0
0
0
0
0
0
0
0
0
0
0
0
0
0
0
0
0
0
0
0
0
0
0
0
0
0
0
0
0
0
0
0
0
0
0
0
0
0
0
0
0
0
0
0
0
0
0
0
0
0
0
0
0
0
0
0
0
0
0
0
0
0
0
0
0
0
0
0
0
0
0
0
0
0
0
0
0
0
0
0
0
0
0
0
0
0
0
0
0
0
0
0
0
0
0
0
0
0
0
0
0
0
0
0
0
0
0
0
0
0
0
0
0
0
0
0
0
0
0
0
0
0
0
0
0
0
0
0
0
0
0
0
0
0
0
0
0
0
0
0
0
0
0
0
0
0
0
0
0
0
0
0
0
0
0
0
0
0
0
0
0
0
0
0
0
0
0
0
0
0
0
0
0
0
0
0
0
0
0
0
0
0
0
0
0
0
0
0
0
0
0
0
0
0
0
0
0
0
0
0
0
0
0
0
0
0
0
0
0
0
0
0
0
0
0
0
0
0
0
0
0
0
0
0
0
0
0
0
0
0
0
0
0
0
0
0
0
0
0
0
0
0
0
0
0
0
0
0
0
0
0
0
0
0
0
0
0
0
0
0
0
0
0
0
0
0
0
0
0
0
0
0
0
0
0
0
0
0
0
0
0
0
0
0
0
0
0
0
0
0
0
0
0
0
0
0
0
0
0
0
0
0
0
0
0
0
0
0
0
0
0
0
0
0
0
0
0
0
0
0
0
0
0
0
0
0
0
0
0
0
0
0
0
0
0
0
0
0
0
0
0
0
0
0
0
0
0
0
0
0
0
0
0
0
0
0
0
0
0
0
0
0
0
0
0
0
0
0
0
0
0
0
0
0
0
0
0
0
0
0
0
0
0
0
0
0
0
0
0
0
0
0
0
0
0
0
0
0
0
0
0
0
0
0
0
0
0
0
0
0
0
0
0
0
0
0
0
0
0
0
0
0
0
0
0
0
0
0
0
0
0
0
0
0
0
0
0
0
0
0
0
0
0
0
0
0
0
0
0
0
0
0
0
0
0
0
0
0
0
0
0
0
0
0
0
0
0
0
0
0
0
0
0
0
0
0
0
0
0
0
0
0
0
0
0
0
0
0
0
0
0
0
0
0
0
0
0
0
0
0
0
0
0
0
0
0
0
0
0
0
0
0
0
0
0
0
0
0
0
0
0
0
0
0
0
0
0
0
0
0
0
0
0
0
0
0
0
0
0
0
0
0
0
0
0
0
0
0
0
0
0
0
0
0
0
0
0
0
0
0
0
0
0
0
0
0
0
0
0
0
0
0
0
0
0
0
0
0
0
0
0
0
0
0
0
0
0
0
0
0
0
0
0
0
0
0
0
0
0
0
0
0
0
0
0
0
0
0
0
0
0
0
0
0
0
0
0
0
0
0
0
0
0
0
0
0
0
0
0
0
0
0
0
0
0
0
0
0
0
0
0
0
0
0
0
0
0
0
0
0
0
0
0
0
0
0
0
0
0
0
0
0
0
0
0
0
0
0
0
0
0
0
0
0
0
0
0
0
0
0
0
0
0
0
0
0
0
0
0
0
0
0
0
0
0
0
0
0
0
0
0
0
0
0
0
0
0
0
0
0
0
0
0
0
0
0
0
0
0
0
0
0
0
0
0
0
0
0
0
0
0
0
0
0
0
0
0
0
0
0
0
0
0
0
0
0
0
0
0
0
0
0
0
0
0
0
0
0
0
0
0
0
0
0
0
0
0
0
0
0
0
0
0
0
0
0
0
0
0
0
0
0
0
0
0
0
0
0
0
0
0
0
0
0
0
0
0
0
0
0
0
0
0
0
0
0
0
0
0
0
0
0
0
0
0
0
0
0
0
0
0
0
0
0
0
0
0
0
0
0
0
0
0
0
0
0
0
0
0
0
0
0
0
0
0
0
0
0
0
0
0
0
0
0
0
0
0
0
0
0
0
0
0
0
0
0
0
0
0
0
0
0
0
0
0
0
0
0
0
0
0
0
0
0
0
0
0
0
0
0
0
0
0
0
0
0
0
0
0
0
0
0
0
0
0
0
0
0
0
0
0
0
0
0
0
0
0
0
0
0
0
0
0
0
0
0
0
0
0
0
0
0
0
0
0
0
0
0
0
0
0
0
0
0
0
0
0
0
0
0
0
0
0
0
0
0
0
0
0
0
0
0
0
0
0
0
0
0
0
0
0
0
0
0
0
0
0
0
0
0
0
0
0
0
0
0
0
0
0
0
0
0
0
0
0
0
0
0
0
0
0
0
0
0
0
0
0
0
0
0
0
0
0
0
0
0
0
0
0
0
0
0
0
0
0
0
0
0
0
0
0
0
0
0
0
0
0
0
0
0
0
0
0
0
0
0
0
0
0
0
0
0
0
0
0
0
0
0
0
0
0
0
0
0
0
0
0
0
0
0
0
0
0
0
0
0
0
0
0
0
0
0
0
0
0
0
0
0
0
0
0
0
0
0
0
0
0
0
0
0
0
0
0
0
0
0
0
0
0
0
0
0
0
0
0
0
0
0
0
0
0
0
0
0
0
0
0
0
0
0
0
0
0
0
0
0
0
0
0
0
0
0
0
0
0
0
0
0
0
0
0
0
0
0
0
0
0
0
0
0
0
0
0
0
0
0
0
0
0
0
0
0
0
0
0
0
0
0
0
0
0
0
0
0
0
0
0
0
0
0
0
0
0
0
0
0
0
0
0
0
0
0
0
0
0
0
0
0
0
0
0
0
0
0
0
0
0
0
0
0
0
0
0
0
0
0
0
0
0
0
0
0
0
0
0
0
0
0
0
0
0
0
0
0
0
0
0
0
0
0
0
0
0
0
0
0
0
0
0
0
0
0
0
0
0
0
0
0
0
0
0
0
0
0
0
0
0
0
0
0
0
0
0
0
0
0
0
0
0
0
0
0
0
0
0
0
0
0
0
0
0
0
0
0
0
0
0
0
0
0
0
0
0
0
0
0
0
0
0
0
0
0
0
0
0
0
0
0
0
0
0
0
0
0
0
0
0
0
0
0
0
0
0
0
0
0
0
0
0
0
0
0
0
0
0
0
0
0
0
0
0
0
0
0
0
0
0
0
0
0
0
0
0
0
0
0
0
0
0
0
0
0
0
0
0
0
0
0
0
0
0
0
0
0
0
0
0
0
0
0
0
0
0
0
0
0
0
0
0
0
0
0
0
0
0
0
0
0
0
0
0
0
0
0
0
0
0
0
0
0
0
0
0
0
0
0
0
0
0
0
0
0
0
0
0
0
0
0
0
0
0
0
0
0
0
0
0
0
0
0
0
0
0
0
0
0
0
0
0
0
0
0
0
0
0
0
0
0
0
0
0
0
0
0
0
0
0
0
0
0
0
0
0
0
0
0
0
0
0
0
0
0
0
0
0
0
0
0
0
0
0
0
0
0
0
0
0
0
0
0
0
0
0
0
0
0
0
0
0
0
0
0
0
0
0
0
0
0
0
0
0
0
0
0
0
0
0
0
0
0
0
0
0
0
0
0
0
0
0
0
0
0
0
0
0
0
0
0
0
0
0
0
0
0
0
0
0
0
0
0
0
0
0
0
0
0
0
0
0
0
0
0
0
0
0
0
0
0
0
0
0
0
0
0
0
0
0
0
0
0
0
0
0
0
0
0
0
0
0
0
0
0
0
0
0
0
0
0
0
0
0
0
0
0
0
0
0
0
0
0
0
0
0
0
0
0
0
0
0
0
0
0
0
0
0
0
0
0
0
0
0
0
0
0
0
0
0
0
0
0
0
0
0
0
0
0
0
0
0
0
0
0
0
0
0
0
0
0
0
0
0
0
0
0
0
0
0
0
0
0
0
0
0
0
0
0
0
0
0
0
0
0
0
0
0
0
0
0
0
0
0
0
0
0
0
0
0
0
0
0
0
0
0
0
0
0
0
0
0
0
0
0
0
0
0
0
0
0
0
0
0
0
0
0
0
0
0
0
0
0
0
0
0
0
0
0
0
0
0
0
0
0
0
0
0
0
0
0
0
0
0
0
0
0
0
0
0
0
0
0
0
0
0
0
0
0
0
0
0
0
0
0
0
0
0
0
0
0
0
0
0
0
0
0
0
0
0
0
0
0
0
0
0
0
0
0
0
0
0
0
0
0
0
0
0
0
0
0
0
0
0
0
0
0
0
0
0
0
0
0
0
0
0
0
0
0
0
0
0
0
0
0
0
0
0
0
0
0
0
0
0
0
0
0
0
0
0
0
0
0
0
0
0
0
0
0
0
0
0
0
0
0
0
0
0
0
0
0
0
0
0
0
0
0
0
0
0
0
0
0
0
0
0
0
0
0
0
0
0
0
0
0
0
0
0
0
0
0
0
0
0
0
0
0
0
0
0
0
0
0
0
0
0
0
0
0
0
0
0
0
0
0
0
0
0
0
0
0
0
0
0
0
0
0
0
0
0
0
0
0
0
0
0
0
0
0
0
0
0
0
0
1000
2241 247
2548 103
1099 2837
2915 2879
149 260
1820 1431
302 1542
623 3228
4141 1857
3531 4270
364 1463
1051 2549
3007 2866
2174 3946
1290 492
806 3395
3186 1368
685 2878
4221 3029
3318 3832
3024 4165
4242 668
4391 80
773 2606
1693 3861
4380 1176
227 4232
4738 2947
4556 2430
3059 1403
2346 2794
1750 1483
691 4791
1960 2646
132 2752
4570 2593
3725 989
3210 1569
4321 2497
2163 2345
2282 956
759 3717
686 4422
2537 4492
1558 3434
606 2940
3133 4558
4343 4581
1119 1530
4026 1171
2150 617
3776 3189
4459 1877
3105 2412
4311 3224
1986 649
4062 2250
3648 1840
2645 2213
4446 3588
3711 2885
1102 448
2208 2668
618 1011
3917 1727
212 3158
1011 3362
482 2961
3197 4570
126 2138
45 2456
1862 4640
3653 279
2568 899
3518 2900
3394 1653
4135 2682
48 789
2940 942
24 4721
3043 2722
950 2077
4132 2015
1348 3658
3526 54
4293 938
2280 2423
638 1372
1354 3089
1752 4405
4443 4218
988 2595
3291 1921
436 2772
2299 1766
1038 210
1551 3977
843 369
4370 2932
1975 4749
3451 3534
463 3715
1670 1346
2271 451
462 367
2822 4702
3297 4387
2121 4630
1332 2669
2399 564
2513 389
115 1992
2785 4796
2311 397
1714 4976
4840 4625
3302 505
106 1923
3882 1118
883 1943
4837 4825
4429 2108
578 3171
1975 1034
2546 2679
4158 3435
732 1299
3879 1946
2519 4219
3316 3744
3651 3465
4926 4570
2652 2003
1746 4832
3533 829
1458 988
4131 1558
3243 638
27 888
2825 1005
1126 15
3446 2548
1895 690
618 2663
1666 899
2260 361
4745 607
4847 4787
877 1383
3882 2268
2986 795
4899 2597
1405 513
4627 731
1272 2190
34 3330
876 2888
506 3288
4656 3672
980 1289
998 3643
1553 2919
323 3261
4114 1733
3607 4144
3106 2994
766 101
4558 4261
3972 4622
1826 2342
1002 226
586 2645
3338 4064
866 2821
994 4096
1925 2800
864 1894
401 2338
1927 4409
1518 1296
3641 1741
4366 1967
4506 3638
950 4615
3845 666
1494 1427
3433 3089
2372 2987
4291 4316
1757 4469
4495 4180
2520 4639
1579 1892
4046 2755
102 781
3341 2491
4721 106
4025 1452
3453 2909
4573 133
878 371
1811 2184
1453 842
1212 2436
2635 279
4165 1474
2445 682
507 2713
1389 2123
4619 933
992 2350
4100 1616
1884 2400
2013 2818
3112 1181
4523 3670
2158 2199
368 1642
1886 1335
3341 3558
1703 4416
3206 3751
3835 3065
4525 386
4369 4661
2267 4688
1672 3705
2721 2520
2396 4995
1394 3616
2190 2570
489 3431
2853 2946
895 4591
3995 2833
2885 2693
1686 2608
1658 242
3086 2375
226 4809
3368 317
2395 4635
866 1421
2930 2605
40 4241
3272 1576
3958 1428
2902 3986
2108 2590
4700 1419
2055 1185
2530 394
4991 3015
349 870
1571 3473
1732 4209
1105 637
2369 1060
248 3075
3396 3272
3742 1668
1009 671
3711 1827
4163 3259
4401 788
180 2506
4516 1459
3891 3414
664 1500
1289 3455
1362 1983
3150 4559
1690 589
933 3343
1699 713
3990 2207
2345 3671
1168 3284
4094 4687
916 2996
1866 1611
1071 4730
2602 2390
2487 2993
3356 874
701 1047
2467 3073
4782 2027
1104 4768
2445 4730
2052 2102
2037 1399
3097 3435
4137 2258
686 2953
2547 1513
540 2698
1337 4917
2490 1926
1770 2361
2937 3492
2833 4287
335 4761
1835 3736
2035 971
4718 1371
2121 4751
2223 852
4160 4087
1908 761
4131 4651
1456 37
3190 1809
4322 561
1043 4346
3865 633
957 1478
3223 3018
260 3927
2120 46
975 4144
2910 120
2211 4662
96 2425
4462 4620
1996 1459
562 4672
775 1458
1656 2871
255 46
4573 3154
2004 676
3677 356
3415 181
381 1339
115 4180
2014 2274
1384 483
2197 115
2257 1197
2972 628
1462 1779
2623 4712
1076 2844
3139 2615
1106 2029
1746 2735
3169 3827
884 4249
2315 2459
2459 538
3416 3704
1109 2004
2936 1096
4295 1299
3970 1258
2393 1145
3935 3410
4875 98
4412 413
4531 1623
1204 3097
4608 3142
4955 1135
3414 119
771 3885
2587 3695
3294 3367
3750 2429
3549 3549
3719 3333
2039 2337
3158 847
1719 324
2599 3054
761 2130
3713 3620
1716 549
4770 2775
1047 3869
274 1469
3429 4544
28 2972
819 3063
693 2089
1598 1974
2503 3436
357 1252
2652 1248
277 4584
97 1183
878 817
3343 26
1800 3011
2661 4311
4975 4392
948 2255
4156 1442
2075 3030
580 207
3567 4356
4805 405
4969 1311
3186 1319
1232 2773
4127 3606
1888 3546
3644 37
277 2826
4200 2815
4416 3573
4948 1654
2740 3464
4548 959
3108 1858
3907 504
86 3858
1392 4629
149 4293
4722 2786
4085 3920
1392 860
2805 614
2248 736
3947 4887
4828 2800
4074 2360
4870 841
1424 2178
1672 3529
237 143
388 994
4588 1036
623 411
363 3916
564 4317
2677 2187
1990 2972
320 3136
3981 589
4001 2436
1812 4347
4822 1502
4070 4406
2228 2593
34 4661
320 2159
3314 1928
423 4152
1961 4058
3684 3552
273 1048
4221 3522
71 2905
1866 3697
4571 3471
4963 818
3982 4941
1818 3257
3423 740
4819 1973
3222 4346
780 523
1890 2413
203 2050
1145 722
3618 2288
4491 2587
3318 3147
696 656
3971 4662
4401 225
930 4488
4013 3045
3018 2227
2610 531
1927 2731
2587 4358
2920 4708
1585 1908
3983 1385
478 3901
359 3611
481 1687
1046 3464
3218 1971
2842 1972
3766 4933
3704 3525
3613 1124
842 4600
3197 2956
4683 2457
3534 539
195 3841
1689 3869
2441 4446
4193 1000
3745 322
1070 815
2674 1420
43 1322
1963 661
3985 3704
2517 1858
4677 435
2817 1979
2068 4490
714 3454
3869 4159
3106 4264
294 3993
1030 1218
855 1579
4449 1079
127 3762
2323 1048
3574 3181
4208 4594
258 3689
2230 791
4557 4066
2706 4873
805 1292
4263 4198
1119 555
1317 2179
2918 4933
3214 3824
4647 55
1163 4522
114 3950
3723 4867
3992 1029
2190 4494
3962 1304
4272 470
2551 1875
2795 3818
2253 3666
3859 4937
2652 1029
3294 1742
1711 131
1517 3155
4567 477
3935 387
4928 2154
3173 534
201 2339
1681 4940
4283 2610
3329 21
2203 4041
3758 3742
1984 2419
3943 4881
4990 304
1958 4563
752 3292
39 3901
4360 1902
702 2098
3866 3511
1008 2596
3788 3906
3390 4797
547 3416
2783 2803
1955 2730
4598 2171
816 49
3727 73
3859 2132
3237 3970
1081 1487
862 3406
131 1541
2279 2540
3111 633
4794 3308
4381 2687
4554 4241
4325 2989
4655 1380
4022 3534
3984 4877
2182 3038
4925 1055
3558 2681
4309 3457
2200 3852
288 3958
747 4832
3607 1159
3569 2271
4599 2054
3413 1066
1411 385
2556 2230
1133 448
666 1651
4265 4350
4053 2372
312 624
490 2126
2865 1595
1576 1377
4284 3415
1050 1733
4079 164
61 4770
4452 3138
69 4942
3585 4053
1556 3705
2748 2419
2043 2385
679 397
2304 4316
4194 16
2524 345
4766 2543
3485 2897
141 4877
3922 2592
1150 1381
2327 3195
622 2649
3861 1644
1287 3087
2101 4599
392 128
2024 2302
2151 3027
698 584
4620 4326
1259 3722
2604 2408
2989 4764
2553 1450
1306 2096
3989 2300
1715 2500
332 3517
1088 3095
835 843
3794 347
1776 2425
2469 4951
3821 1799
1371 3543
1897 3260
886 1873
3697 3771
2459 807
2475 3015
4168 2257
3177 3612
3901 4241
1845 58
4119 1707
3374 4313
305 4152
3841 1188
4564 996
2352 2010
1589 579
166 32
2123 320
3233 1393
4753 3820
2426 2599
1965 1660
242 4147
2280 1145
4604 3320
1912 3256
448 2074
263 3361
1008 211
3766 4752
3938 3501
4972 2000
3340 3733
3952 404
2492 795
1001 1402
1171 3712
4461 137
2160 964
4394 420
78 3865
2235 2389
827 4443
4622 3904
4721 4261
3624 525
486 4039
4762 1065
2605 2947
1050 1237
2036 4908
2309 4395
2314 2797
2199 1182
133 2907
4658 1922
198 68
3145 4353
2393 3552
2683 3655
4798 74
3641 1505
2963 3444
695 2071
3497 3040
4871 40
2673 1142
367 1564
4329 721
1202 4920
12 2434
2257 1507
1328 3246
3945 3964
3579 1087
3573 4723
1716 3150
1225 4401
4653 89
1012 2263
3861 271
1081 3323
3937 684
2550 1558
929 3057
2056 4268
3944 1304
102 1151
4911 1896
1513 4460
3565 4303
3427 2835
561 1935
2052 3992
778 2162
4686 4917
818 4500
1697 3176
3207 303
4193 1369
4567 4011
1789 82
2279 784
913 17
2222 3320
4544 997
1905 1973
3225 918
2291 4507
3669 966
4071 1476
2053 2088
2257 4187
358 3654
3822 4728
1697 2150
2555 1941
2441 1912
68 4215
1959 4207
1298 4535
1828 1579
303 1195
3989 4465
1228 4983
3111 4746
370 2063
2 4962
2304 2246
1514 4954
3761 2369
2638 2834
4812 3993
4068 689
882 3438
187 3257
530 2161
4981 2562
3110 2661
2424 598
1211 3709
711 389
3762 1427
2662 729
4181 1156
3368 2526
4289 456
3083 4414
1961 2200
4384 449
4036 3271
1663 2772
3557 4285
1821 2895
4272 2240
3139 694
2663 30
3414 1622
666 3996
4396 1981
2686 1203
86 4786
728 698
4943 4131
1155 3152
97 416
994 4059
3033 25
3433 4075
2874 521
630 256
1644 2462
576 4592
356 2645
1931 3880
3534 630
2740 3220
4635 2656
3399 1943
3191 2641
4224 408
4122 953
3652 2817
3721 605
1613 2738
3524 3376
4836 2725
4497 3630
1992 4621
2239 4255
4398 3940
3218 695
3085 2164
3862 2485
1721 2008
256 2109
1444 134
3170 2959
4944 1674
788 195
2980 2228
3741 793
4921 4689
1256 2635
3952 402
3394 1797
3263 3199
1643 746
2702 572
1684 3
2626 1
1141 527
187 257
3788 1446
3896 3568
2434 32
2922 4898
1554 2194
942 3625
3584 3348
4743 1378
4107 1299
4821 2022
874 1887
4412 1008
2388 4084
3887 4676
3711 514
1996 1211
1334 3402
3499 4614
2451 627
1468 161
1917 1696
271 2903
1513 2785
2983 1292
1741 218
4006 702
1313 4944
2446 265
3506 115
3889 3244
2677 2028
2001 4693
4497 3465
3124 2913
3882 3694
2888 4585
1844 1873
3210 769
1095 3685
2171 4986
4429 901
2958 3575
1927 1307
3979 739
2670 2461
2958 3161
3840 3236
156 2411
1774 4241
639 3419
1523 4684
3307 1892
2556 1310
3930 1032
596 3419
2303 2222
3064 3070
3646 3012
373 4076
2910 3976
2841 279
4789 4742
3023 3912
2183 1465
1482 3127
1111 752
2782 358
3203 4432
907 3273
4390 2590
2876 4860
2880 1119
619 3267
3904 152
3677 2148
1148 2680
4644 4314
548 1620
3292 1179
3739 463
2538 2455
2842 4866
233 1489
1131 2301
4174 3207
2122 460
1097 212
1244 3356
1573 995
3936 2740
1888 1056
995 2393
2006 2706
272 73
2768 165
1988 130
2408 1226
2902 2943
4914 829
3441 3407
920 3576
4145 3600
2262 4083
4829 426
4936 1576
2405 1396
3853 38
4513 1984
3065 2135
2688 2009
2205 4402
613 3040
951 4746
2276 554
1824 3571
2575 81
3948 4547
403 3663
3497 2943
353 2210
3133 681
2373 2312
572 4958
3112 4021
4786 1764
4005 72
3461 692
2534 1683
1211 2343
4288 2983
2985 1835
3886 4729
4792 4448
3751 716
4160 1974
