199732
195332
119009
99037
54693
148901
191204
197778
125684
194685
0
179550
77534
141572
91743
0
130585
27192
191243
29002
102903
89733
95356
149879
26568
185745
157611
48871
0
64476
114250
0
0
199867
103047
56829
0
72779
182124
72509
62614
0
40371
0
190844
58385
0
174307
123544
0
27721
13287
149292
107194
139274
56014
154757
139117
0
26607
72315
56580
0
20180
0
0
0
140184
0
161367
0
0
0
81235
0
73805
58010
22196
199960
0
69298
0
116613
121298
0
85192
182652
114121
6870
0
0
60707
0
187391
0
0
0
196816
186264
0
130057
38027
8216
2735
176056
191068
0
180140
120740
6891
2986
26315
196841
45416
134906
0
31242
31926
0
133440
34775
43536
0
0
67813
77107
194614
66944
0
6878
0
0
87361
0
0
191992
0
16300
199456
39193
146283
0
199828
82059
46371
56379
198439
126620
135697
0
0
196013
0
135909
177144
59341
66579
104973
0
23124
120427
130228
128553
0
85797
76244
153544
147019
96456
169202
108611
45749
93483
62780
96924
162894
107323
156639
87168
0
35894
29808
110309
0
0
9679
98408
21283
90129
199852
39793
87252
0
117326
158717
105857
82177
124949
0
61055
167747
0
193114
194530
0
0
139482
0
86815
42532
156625
0
17413
172089
0
141645
75538
0
47761
68622
64164
132557
0
868
119070
110700
0
74247
0
47793
82083
199380
19130
108795
10864
102648
0
142873
0
54589
53803
81807
68537
198997
40607
16487
15566
23920
0
167792
191855
51589
0
93881
140150
0
14413
0
162296
97049
13931
0
0
0
65583
30783
73561
84824
0
85983
0
156000
199945
0
52704
0
99976
0
0
0
124660
148903
0
17897
16479
0
0
199090
158856
148434
63319
134598
81899
6001
0
199951
46741
82271
31584
0
53876
3599
0
115826
182234
0
89845
114091
192975
69027
5074
117167
0
158866
0
0
0
0
0
199379
0
6135
152607
0
186193
68283
157560
165435
68104
85481
23436
153385
187533
199088
0
139555
10219
0
14725
197912
101463
64045
96564
1030
100539
4292
188372
9356
0
148263
199418
0
0
0
38181
0
42761
198165
0
78766
147432
0
0
165820
61963
0
74541
38656
169952
172590
98800
118372
0
0
86207
4734
40989
6136
90961
85672
55412
26579
180342
53570
72606
0
187132
66700
0
0
18929
102069
189258
123758
186274
0
0
157637
59421
166416
117825
194174
67313
0
21631
67560
33006
12138
95566
192305
193123
61933
32523
14858
105813
98466
79976
140398
0
86542
83788
101146
84047
0
143718
0
0
147034
174413
93162
17067
2877
0
0
18524
42272
166351
164112
83783
78524
37010
165464
91326
199695
0
145426
138150
0
99093
124225
25491
109805
117904
0
100322
168516
145193
95657
19170
3384
154161
0
192450
70810
22757
197437
193844
50380
33632
0
0
199492
0
95812
112170
16143
128526
133777
178998
0
0
187451
138911
199149
0
6623
141902
91116
124926
43453
89482
21325
0
0
199957
152645
129424
0
61338
0
147010
88641
0
135865
149495
145864
27186
125253
113999
11989
99750
27101
0
0
13160
52767
57381
0
17505
62964
0
118769
0
78540
15369
52620
164133
46415
0
0
24638
155980
141513
0
128940
56681
137239
58517
104161
144835
0
106730
0
0
119617
74056
75907
174255
161148
0
0
0
188422
122447
587
87666
168477
197826
119403
32322
37998
50149
38701
0
65328
78377
53526
0
103191
143282
65962
335
180167
0
19222
94684
149678
188187
193526
0
101003
13760
10033
64062
0
34412
0
158647
13471
44099
11099
64593
13542
194069
116562
71646
169145
197765
43663
68870
0
65808
32125
143801
0
0
77594
155572
23161
171975
36128
47783
0
29902
136863
123335
20662
0
124813
55683
0
61765
36429
166899
0
189878
40259
0
0
979
6099
168615
169261
0
0
199708
0
102778
181738
0
29683
129316
195837
0
104156
4049
13563
0
0
199170
108020
58239
62851
113795
14884
159288
22702
50105
0
0
52851
1140
84570
74251
0
171165
40239
5227
0
199726
45804
191833
32891
169346
81751
121630
78093
3209
166801
0
166395
0
27788
65884
30780
156803
4297
8058
73426
41764
0
102887
53447
0
4420
92313
49649
115915
0
39790
35284
138499
37607
190133
149046
137538
21230
20693
9043
31037
0
116348
62802
198656
0
124691
107529
0
297
113800
155249
161797
0
108671
0
174710
78345
155251
17161
175923
123482
167088
133174
548
106750
183146
43538
126963
1660
3907
0
199964
0
126014
30873
63749
179704
0
162381
181257
173384
0
93580
96977
55303
11061
94625
0
143708
182850
99237
0
108574
193668
197137
0
67797
0
29722
135325
123922
133862
0
37979
18224
85109
22587
113644
197701
6889
7573
31580
155852
0
132354
0
108905
199968
21263
0
109411
102410
47519
0
0
186504
144844
106160
110369
0
127240
144703
90357
62062
125134
0
0
174773
0
186688
41215
184541
55186
7270
95442
168206
0
1428
60777
0
969
0
156672
147881
0
96501
23368
118879
0
32132
38352
1606
0
197280
150139
138003
137914
81495
0
181379
0
75891
153717
198817
0
31348
128880
47605
153239
188978
0
141147
198948
17159
173726
22058
2735
85856
0
0
0
49780
159061
0
38770
12083
199633
90864
0
182374
0
0
189957
196304
71076
56670
0
144900
0
0
147205
0
0
98935
181424
197397
163932
160530
192122
0
15013
51914
48046
0
64370
76991
0
45168
0
27460
174339
6233
110196
199809
0
139575
83046
102239
179884
0
29838
36819
186795
196838
148535
59862
0
0
0
0
87483
0
0
0
53222
75041
0
74717
1991
57864
83626
38511
53982
123641
154654
114193
144110
178429
16788
7534
198932
47924
101807
0
19414
0
199850
62514
74342
0
0
195143
68576
109874
17692
101449
145687
119815
0
172072
52783
192830
1092
143126
91025
54698
0
87219
127503
153704
102693
147409
197493
7982
108920
6294
199491
186370
137441
3973
175634
154414
163971
76571
0
23789
77828
101063
176467
156574
0
99905
188364
58843
181845
46231
36583
199966
199970
199985
