26711
0
0
0
196157
36557
108576
0
70402
157627
0
17703
0
143829
0
69812
54345
125202
40686
58873
71176
154755
0
0
0
0
0
199881
29859
0
192497
42386
67544
109254
189714
198406
199238
46107
0
119553
169733
158001
90884
14954
0
0
0
11528
163946
644
74064
50232
0
72998
81641
191747
0
4412
43503
175876
88286
72752
198431
88667
0
95284
22449
199583
81975
106481
13481
137696
0
0
199986
199068
95442
153817
22215
135161
69823
0
184614
0
64151
187925
92946
163101
199147
155299
169780
23545
183479
197872
141077
59572
109878
199995
104681
56565
182567
0
41201
10753
0
0
0
105627
74041
0
74762
112549
0
129771
196851
51768
25260
11025
129279
48519
156900
47075
113411
20341
62421
108760
21940
0
22048
0
0
34332
58238
163829
0
179268
73801
0
27543
83363
0
176606
117892
0
108930
51657
0
0
0
198029
46915
199967
176966
186142
64434
0
56258
0
155647
0
0
153885
156879
0
107723
8582
51711
99254
100860
172014
33452
108138
76363
159338
74853
196907
173278
101171
85850
0
140111
144388
43034
50874
61248
195011
70603
0
18858
0
59673
199903
104507
85104
187935
5119
102679
67698
15815
4560
93369
199950
124869
0
170104
0
90522
199932
79488
195300
0
140120
0
84523
0
188649
53355
0
0
116785
111325
199378
0
130823
51169
0
72014
0
53321
0
59263
199741
105671
60103
195372
171385
42625
90496
108329
117701
0
159106
100648
0
166954
133757
26957
110751
169335
199712
22508
142206
84346
179270
189828
0
13332
9061
28543
170989
0
34376
138415
8745
89879
0
130523
68864
189750
173141
199902
0
0
17252
129868
187643
0
167167
0
77316
109382
113164
136229
0
67962
83720
53909
173073
145753
109229
8698
0
0
48517
107659
173122
29283
73608
150256
0
0
3612
100902
0
84658
188473
0
119724
0
169804
193930
167629
28808
0
98777
22730
38877
15231
133934
63665
0
173658
199503
52729
146779
197035
135736
0
8736
0
187055
5934
7111
0
48006
74797
44552
25874
133492
0
184634
0
55430
27706
0
0
166268
0
0
54589
84781
23938
58033
0
143761
195265
0
158727
5361
66472
12979
198849
0
61059
59356
199656
7650
9747
0
0
0
72824
62503
199452
96296
199181
198772
0
26636
78337
34285
167892
114674
33319
99838
0
79021
98391
173286
42927
35432
16840
6400
21173
0
0
0
9794
0
91300
30048
86869
139615
129992
11546
174382
199442
0
147542
0
0
17087
0
90085
141018
0
0
26035
192466
151278
65750
199905
76116
0
147281
147403
0
72274
28665
196360
5498
169215
106816
199968
52044
64447
70328
73617
179602
61717
152941
91245
83062
155397
195677
0
170243
20095
8561
158757
94704
35991
159370
0
105638
120590
80241
166866
70464
0
130465
0
123916
91024
0
59109
199961
0
90493
0
38390
0
65543
189563
107252
152658
26677
40929
198390
195990
29986
0
24100
89534
189611
127383
0
0
199878
143933
199694
165685
0
0
135945
5527
140246
31424
0
82821
0
103274
176836
17181
80201
0
22008
19934
160762
173271
115903
29057
26957
70784
195141
4611
9777
0
0
159980
0
50153
21895
135607
104220
141437
173246
55862
98531
4999
130002
195603
164656
119138
0
21154
102426
30868
0
174078
83515
0
0
2389
180660
122442
0
0
25977
87769
0
118063
45874
58190
2396
0
0
29671
0
0
161992
76802
146401
185256
83746
16871
96949
11409
125427
177594
76257
0
63118
30334
98791
39788
73867
0
199890
0
193926
189425
58141
116833
80490
99488
198019
24388
172814
68850
137511
199567
0
22302
93195
16495
0
8454
23239
17736
0
0
66859
0
152414
80975
166395
93418
0
856
0
154876
0
177324
0
46826
0
175041
47248
199824
196807
0
0
176855
183000
141383
0
169506
122225
194115
0
143321
34258
91204
0
126849
60078
0
0
40093
33562
106414
153149
89116
2447
0
0
0
0
119447
0
0
68285
13876
27346
62511
159576
56345
0
167831
175694
0
0
0
146652
40751
126360
51000
0
199939
28220
199922
0
30797
65484
61067
136967
100638
142313
170998
990
26511
56492
199590
0
0
34475
0
0
18142
0
0
60949
128248
0
0
0
117438
190213
0
21696
116929
58158
37527
108626
146220
88312
102802
0
40653
2362
122657
197558
0
78114
55126
0
170239
183388
23142
198426
107343
81209
179930
90768
0
68974
158958
90617
132190
190139
51218
88656
0
85432
61039
185836
136263
180542
117400
153879
71881
85430
65310
169752
89021
94816
163005
146875
0
0
75523
0
0
188366
8276
2956
0
195687
60903
199970
72435
96023
191591
6353
93562
139995
3042
89199
134064
187718
0
25860
69529
0
47142
0
170136
0
20975
93910
100182
150594
79581
112607
0
5424
197893
29382
93863
0
132424
113371
52759
146593
87901
69789
121897
25329
199499
83579
6420
54023
15159
177537
20527
120884
104759
47795
22647
0
44100
50239
199153
11798
197482
117815
116091
0
95305
31969
11428
84157
64398
0
124676
0
62860
18087
92096
0
26090
167256
0
108199
29098
199973
0
0
105723
0
41056
194696
0
15779
0
0
50195
19922
199390
0
59952
11712
102458
198812
56598
53887
46326
73495
63607
0
79966
171765
198999
83321
158794
0
194746
161985
70671
31316
6950
143556
31621
190801
0
179293
19181
52524
0
57056
12089
93075
48144
73273
5301
5904
95241
0
47085
12971
0
0
0
8074
111742
0
44597
883
34284
144706
140523
13269
75719
38946
84015
62559
26497
90881
0
177419
33563
0
61554
153790
143359
150511
22910
0
76057
104676
87522
34370
177511
37157
166795
9024
116105
67898
0
128635
33629
85730
160734
199942
0
154562
0
177174
33810
108812
145820
111275
80700
0
0
41567
0
177309
84610
38717
199309
0
0
28011
199949
194371
199605
0
160072
5815
109617
0
145186
166624
112278
0
97544
84435
73599
141126
165677
57872
20738
4493
162573
199696
139933
28624
13823
149224
13540
43422
35617
43747
1835
0
84497
116014
187224
145644
47667
0
198740
199793
0
40840
0
172088
57323
