20483
142084
73412
116720
50163
21106
96075
115097
0
74928
0
94908
196505
171386
30138
0
100675
139816
187343
7413
0
0
14901
0
59568
169803
5690
31339
124537
190619
0
0
180314
147734
51568
0
21595
190720
70641
20807
30305
6448
130625
179517
137324
199628
161624
53359
199955
0
0
58494
0
0
166350
74225
199940
0
50100
68056
132961
80024
151719
0
113657
170926
156798
116333
76916
181379
18211
195072
0
85357
163997
6053
73027
0
198451
156170
115692
114082
22994
197930
91513
199947
199817
111960
197066
0
68024
0
0
177341
18108
0
116085
74471
0
102581
78447
43635
0
78449
53100
97036
168579
155289
92131
199579
122592
0
0
23194
157992
0
124736
48360
0
0
0
0
179756
19287
123783
112724
16450
76023
135175
66835
199889
0
99337
46381
0
133818
17537
35595
123467
38181
73056
181405
127829
186544
23119
0
75770
27368
31674
61206
105161
46384
25875
185043
0
140699
0
25254
633
0
189621
88683
150056
99866
32725
0
111222
0
175141
2817
128093
32553
63657
186872
137872
79455
175842
182204
184324
32660
64295
0
67183
0
92826
170921
15179
3519
0
22042
76504
0
116795
0
7095
90096
0
187559
124628
31115
36593
128982
38257
188219
0
55196
137710
131542
0
193131
0
127402
0
5648
105384
85589
106855
0
179892
161069
111995
156799
34587
0
58256
60352
0
178438
67822
0
146741
175873
84976
49950
45152
0
168657
44951
0
16754
144229
0
0
0
62318
0
17291
193186
163365
0
125323
155424
0
146480
93019
135030
96460
199575
163088
175622
112989
177546
160564
0
134547
71762
0
0
199607
22208
199492
0
0
199925
195279
168032
149922
28093
103559
144007
70184
0
199507
0
0
135614
0
27036
505
127730
30943
148625
0
0
198846
136622
32387
0
10685
74268
187791
86529
92094
84470
13431
194288
199486
3618
0
195305
152389
98757
160926
117435
21266
110246
0
120745
0
166510
21025
143552
165580
0
79366
9581
76303
0
146569
0
126454
0
124443
76154
86699
164871
136912
199947
1268
0
0
101655
35305
108775
0
0
196601
184535
199988
166753
0
156561
0
83771
93008
67079
88552
199967
158763
78969
0
100891
0
28059
190447
90023
173376
5561
0
191706
193956
114974
65655
0
199922
160311
120039
69564
78366
49234
0
11256
197619
8357
49912
0
115311
154176
49140
0
77062
0
180321
198826
20311
150537
0
32013
0
141473
45516
94615
0
6033
165324
102401
42571
0
129453
0
41225
4647
109192
185576
32138
16543
29355
183732
34390
175273
49974
0
159611
199134
15557
164664
101424
64605
52054
183192
139449
93674
0
198692
74067
199808
59273
35084
64284
194241
0
176646
49141
7328
173126
0
0
181287
2542
162204
0
77362
68776
82136
64281
20923
0
0
161182
12791
199554
56946
108965
93282
109973
78500
142143
0
9977
37051
4346
165946
141154
75570
86695
123585
159505
192113
78644
0
0
185908
77521
138136
33996
0
2189
125972
0
20801
178089
39905
99467
21934
63518
51562
88740
0
76368
57564
101501
187050
91555
0
0
0
44044
30430
62845
156610
0
43855
6220
166563
27186
0
10446
0
113033
44396
194798
156395
145623
104167
38607
0
22963
0
24704
139971
87595
199954
147151
159524
156019
151859
29455
0
27756
72377
0
171699
0
13996
54244
83587
25337
157217
199370
188470
67995
117041
197961
25284
80262
0
193950
51177
158224
0
80420
166296
199915
8637
174563
0
127213
0
105932
20893
0
28621
59905
108546
0
0
0
43096
0
188033
183091
129512
174025
156253
196519
171193
0
0
13326
69433
77588
76489
0
110817
0
0
60448
188982
40878
0
144680
118639
103784
145229
27030
2400
141510
162405
171367
0
174659
41610
0
11222
39617
66422
0
158021
196356
0
78060
70450
5902
45140
1875
23357
0
189936
0
20671
159786
45922
173813
122292
198671
0
61006
60086
5241
54292
133071
169746
0
49739
169822
0
32641
0
96057
89654
138004
87881
163913
45414
11668
132904
0
179699
0
41364
125626
0
197870
0
102030
0
199471
50778
0
105342
54308
199974
45690
0
0
68974
129322
116041
74752
108115
175188
50617
0
21031
89858
152108
43597
189496
181876
176880
0
5801
9386
7834
82160
108077
0
135828
97411
0
173459
84335
141435
0
13924
198527
170222
199963
115679
22287
49934
153575
32450
0
30125
43792
0
21850
158717
17277
101135
0
0
59297
189094
42165
195287
149645
111780
0
81399
61027
199379
0
0
147855
18896
12401
158124
67153
0
0
0
66100
23058
71237
36582
187585
0
161762
199531
0
107553
0
43949
174921
0
86375
0
0
188356
30037
0
172115
194829
0
49945
171638
30653
47802
85989
158088
0
72778
77182
63863
18665
146786
1022
0
40363
91400
152992
30820
52737
199948
137188
195842
49900
189058
120192
138900
93835
85830
65576
74147
4817
0
190740
31689
0
170953
34494
78327
96319
127583
194901
0
166867
127923
106170
80928
0
36831
52055
48398
43484
78621
0
96695
135447
0
132449
199963
31328
199657
33481
139767
88626
0
52065
150199
0
144640
13393
199959
0
0
148191
120703
106473
28980
0
119351
89649
131735
8421
89952
63811
189700
138218
75302
40051
89836
90469
182967
30688
175322
120307
0
22939
43802
0
0
17498
198747
36024
189606
158066
5288
0
52592
43369
363
18989
192376
24121
56907
0
36585
0
16648
199898
12630
3834
82378
5423
24863
175803
57472
62943
30205
31530
71083
24875
199498
45072
5940
0
91334
0
0
170578
64227
110849
44408
0
184378
52740
0
148275
137779
0
158990
0
179628
63699
151191
193119
0
0
65060
199920
113277
124846
114746
28939
11603
0
92230
175621
119838
158280
0
176491
18381
84946
418
158265
9717
0
45931
0
0
118702
51981
152107
0
0
187261
0
1869
65673
23220
65909
195679
141069
70103
728
17026
89810
0
19432
58120
16555
0
0
0
70855
0
15510
83852
199665
0
141512
199952
81146
65527
101031
101461
38985
0
169100
0
125343
188601
0
183832
0
12832
198932
135198
0
140843
21077
100080
125431
176833
0
101181
