66880
159914
79834
82383
0
36902
0
0
199548
67989
137952
0
0
17067
32964
0
196164
0
12455
44788
52053
117574
0
70952
198530
0
27309
115876
21744
0
0
0
110981
0
0
0
38454
0
0
39123
20921
154104
162969
54148
98686
0
198650
12730
33315
26634
42139
38744
3116
199571
114976
0
47584
113443
9151
0
199925
56778
91979
33713
163709
59615
0
15945
123415
27581
6006
154736
0
0
65985
0
0
156994
0
105616
168026
7334
160822
21307
61003
196535
0
88365
159457
67547
114143
38105
0
1921
149680
37368
196232
24278
77170
87205
92250
199282
92910
110909
144852
96333
46688
122652
0
194455
184546
173882
2631
19827
52021
36427
175584
170627
90338
112887
127983
51982
198562
0
172009
0
97329
169782
0
199956
43433
0
0
21647
0
0
0
85201
54942
39422
0
0
99110
60164
115842
127899
0
127439
0
71322
142398
101575
186685
107377
64343
164282
0
88621
61452
82875
166177
199936
96370
170959
167462
99587
157585
23947
0
68646
198536
0
0
189452
0
21381
50898
34025
168094
60813
132857
171868
81011
176227
364
91221
14311
191742
51231
62361
173160
138718
0
48289
15
133533
153592
0
168105
87667
33803
28694
0
0
87712
171832
14155
48770
0
134210
18206
41205
0
112619
0
199979
0
90500
141701
183016
37918
98104
195014
175967
141211
119527
54187
32863
175586
184398
154152
44509
3641
56012
0
83677
69440
172543
51758
0
0
197406
22848
70807
132361
84384
1658
197290
173962
21601
25001
125094
166817
78148
50086
0
0
87857
81566
153108
0
185145
33838
101751
0
199626
163353
53645
33928
167978
145194
59060
43210
0
199328
100634
171006
0
0
0
156804
172567
198988
3931
80123
103028
16780
45423
60833
64579
44073
128636
0
181171
122294
20480
45183
0
150086
199943
0
0
0
106079
0
0
13364
0
77870
168684
99602
0
0
70846
145900
39443
197707
194704
69364
172748
181723
122920
55246
116348
59720
12333
29909
101751
189557
0
16735
92850
78478
0
199904
38460
0
0
39623
193357
0
81940
4346
0
11939
199700
0
125308
137497
191257
152457
42899
187696
35739
184177
180661
0
0
52844
61892
83346
188409
131015
38862
0
122960
30364
0
140112
81205
34667
133551
191868
77585
163008
9737
0
45380
178116
61305
9660
0
96581
199919
169238
0
140519
99330
192929
185281
71909
165492
48870
181762
179103
52863
17083
197363
162807
167706
0
22865
84931
140157
86008
0
183898
0
35236
0
199276
13749
24808
25953
0
0
74779
157341
12584
147567
32079
124725
22793
110151
90431
63806
15981
90493
0
26586
120424
22836
72532
189078
115663
44163
131189
0
0
57347
17793
0
179223
75136
3022
38735
31038
28491
145510
0
199322
165346
75865
13392
42062
136371
147784
102530
55458
0
144219
59206
33921
105056
17088
56344
0
80575
155775
62858
0
136722
897
13744
6301
82652
0
100222
88083
0
144340
75354
128038
0
127755
3904
15377
6319
91590
47054
86474
0
0
174588
70242
156998
147148
25732
116118
0
28359
64328
178456
0
130810
0
0
143013
64863
4199
41616
0
0
148076
44884
37533
32090
66711
77504
0
4766
0
62721
57538
0
199704
17277
15821
124218
107220
116804
98177
0
0
101031
159018
0
68732
62913
0
50517
199613
0
128394
170988
92935
66793
190168
89677
63312
197665
0
0
4829
177319
154557
74655
0
171059
49040
0
0
166012
25244
272
108563
95375
143655
94017
0
34542
45205
169196
22592
0
186071
134551
120057
129599
187151
68640
142615
39911
199245
31393
199993
79300
198436
0
0
14945
139039
21906
14227
80956
174403
0
198714
68787
25374
51089
198841
183360
78449
91125
15509
109593
197646
187186
89544
10985
83010
138188
198285
154249
22089
138209
162794
116637
20303
187860
89781
199231
87262
54863
65151
121708
96799
175958
127112
140642
0
199088
199678
117390
81769
0
56685
39262
42283
132406
117433
104485
5360
57024
113491
76748
0
83594
35469
0
0
127945
199479
168998
0
0
27886
51116
162227
0
43417
24673
195874
0
0
153663
29619
74171
121499
144332
136823
78817
84137
1984
135222
0
194202
0
153918
14708
0
0
197800
0
73638
82939
0
10455
0
138215
169852
36369
196253
0
151041
0
146555
132161
0
190346
0
19817
119650
94005
79972
0
0
12833
167997
139955
0
57989
199648
50613
121053
97325
17335
47542
2972
135561
0
0
199696
9863
66802
49151
199125
72799
58051
0
34228
0
11193
0
127362
3986
198158
56365
0
0
25694
0
0
0
164769
199912
29999
199784
112944
8365
198579
78163
95047
32318
104357
0
19242
119534
33529
113183
194815
67876
0
149826
0
173496
94412
31354
101289
3098
124252
53349
90977
130146
150272
0
89593
0
93003
28905
61751
123476
0
75357
34439
9418
158275
198843
103819
121120
199877
44228
172473
68689
149370
10370
36193
94504
61576
0
199967
62889
73651
128176
73263
175881
54169
0
0
87376
158770
152834
32669
91094
0
90076
89142
117801
0
0
0
158956
70148
0
43805
0
78347
0
0
0
99267
170341
0
40002
153322
114969
12626
68555
58591
50220
122934
169520
169507
84549
129305
198193
29317
120765
0
20738
157581
46951
183932
185398
8284
0
4274
9303
24298
0
20940
56171
0
116180
47589
50368
90274
163351
0
0
80754
113014
141129
71305
0
0
0
11781
0
0
116950
153525
56168
8926
114096
199649
148657
199927
33205
130035
73118
0
120017
0
0
95335
88126
198686
19402
57422
80936
185759
49845
0
0
46977
75202
0
78800
74237
124267
193757
119846
0
0
129317
0
77714
75724
149153
198858
121997
117464
184912
0
0
0
0
140745
173882
26763
117545
189967
72739
123622
24592
198391
37278
42293
28942
0
178572
23684
174684
144938
199239
146944
0
174406
199978
109768
38424
8940
106019
120214
46115
0
168890
56003
0
0
92850
173618
30222
199969
141867
109525
11083
0
0
127742
0
199349
199310
150810
80771
125445
0
199385
131675
0
197665
91099
0
121504
37088
17282
87304
198753
105864
96977
0
75333
3895
163293
158217
99133
0
7037
