5348
180326
13157
2723
66118
0
0
28634
128236
0
79139
0
61146
131731
0
26090
180629
49104
0
7970
26636
199393
69813
198499
99369
186740
0
93880
199972
144406
186266
20003
199999
116142
0
91931
111110
0
48345
0
65977
6850
140090
73009
153714
32924
198107
61132
51064
134761
0
0
0
156359
0
0
42825
147353
101775
86199
16768
0
199957
37834
0
0
1252
75818
0
61114
10908
114962
120430
74218
118920
80651
0
165410
6826
37546
199645
0
176789
154786
0
153351
149858
0
45827
0
194020
0
75192
0
0
72115
0
84727
2506
128690
32917
27620
18866
0
41917
197094
109371
163056
24607
52970
0
40169
0
32157
70418
110586
67912
180232
58146
197858
75643
30916
20204
141440
75990
164827
74196
75022
0
3475
162407
133645
0
11259
24823
31999
124599
139816
115762
73331
165961
55442
0
155173
135452
91258
191521
174638
0
0
74427
48568
0
0
0
0
60478
164768
143012
63660
36358
0
45439
0
43089
0
54843
90918
198466
0
134714
103783
170447
92277
18653
76413
143613
0
89184
62588
89896
91454
93492
107895
0
69207
74794
159560
58060
36637
136682
199517
46560
0
123230
0
40058
86190
10606
0
80334
131808
41604
163077
141312
24727
63794
30184
50767
83654
24410
0
0
0
0
82086
0
192732
6417
183895
199964
141184
72554
51622
186312
155263
155708
0
0
0
81878
0
58393
144010
57033
196610
101218
96374
37666
68271
13002
199779
40976
0
50427
183143
21240
74740
11423
187264
26672
0
55983
0
78886
19540
0
114005
0
0
110795
181791
103461
190313
191469
22801
78008
88836
0
177816
0
139708
31180
75567
154777
0
140834
7703
92414
30135
162234
135320
0
0
26640
41432
196999
308
106317
30604
0
129216
82045
73190
0
175769
30196
26882
9890
74964
0
0
0
0
0
0
48930
62883
18375
190772
199902
16455
110728
13717
110155
42252
17155
112901
168765
78512
101261
131094
0
120473
0
4832
103819
58178
181123
0
92699
0
0
164215
102266
65691
21534
53589
0
16908
161155
44359
9089
100120
115936
153829
0
26205
122174
19698
26228
50754
199760
0
39377
32773
0
41791
12106
22307
0
5132
175973
98041
21446
126998
127546
171387
43718
37194
0
186319
175817
99559
79697
160507
103850
175095
181674
168289
41254
144415
78168
146286
38687
45709
59062
193267
67271
130018
128229
43067
35991
120503
115506
187106
0
158811
2968
151890
0
0
90096
69434
0
42793
174303
175912
100948
0
135551
69484
0
63126
40816
86524
148859
78296
101641
0
190142
182466
2854
24625
185710
65112
63627
86664
0
145902
0
139427
0
135636
188770
63416
127803
85824
160030
17989
69119
0
0
152366
53157
42135
46009
168430
106931
0
9544
40988
0
193289
111190
198349
110015
65601
34649
0
170501
0
130540
190671
42361
169124
40783
132052
102870
199723
7380
0
79716
127298
142659
30716
72877
120550
137089
14566
133504
17595
19155
0
0
0
75574
140611
43311
199874
0
178484
0
14632
48639
9381
199954
153008
147475
13186
190972
0
193056
0
66101
13152
52660
199765
93716
56967
136496
133707
74865
65667
46236
94608
2253
85379
53358
156802
38037
191721
173325
195556
106547
194581
47603
58022
168933
133883
104524
0
25294
21241
91941
5942
147569
19688
168087
186784
0
47404
0
15139
41040
187696
62483
54919
0
95419
199261
0
0
650
149730
133355
138369
51178
65670
0
92867
0
0
103812
9188
103993
135259
1766
0
102937
0
141249
161809
198952
173457
62476
195296
100211
0
0
180512
30787
189928
60844
95098
0
119207
0
159468
0
192183
105710
0
175775
49124
0
35735
0
96982
0
2243
90900
160269
0
0
0
31368
0
95085
0
114380
195485
99128
73569
0
124325
0
0
199965
63636
123309
158684
51262
0
0
109488
6743
1711
0
115053
139021
199979
34446
166192
128334
25527
25048
180154
0
102141
199321
164554
0
6989
84021
127501
140061
143228
0
0
5580
66523
119694
197592
137396
118201
160286
5743
17256
10724
0
47410
0
0
173502
167531
97572
44230
181232
55760
82581
143926
145170
62704
0
0
81084
65722
123507
127782
0
0
157584
0
133886
2285
0
48335
0
58133
182445
111089
141152
192118
75544
199835
194023
119358
157519
0
159357
8592
122380
199256
190881
199492
166251
190725
91085
83889
0
121419
0
0
131054
55857
6858
0
0
94462
152967
32353
72442
87757
118679
125635
155842
199952
179826
48080
0
162768
170930
101870
199446
196315
58120
73302
0
40532
164765
43823
19783
43944
0
0
24940
0
0
181365
3532
83634
56805
125912
22164
0
82844
16883
44632
197790
0
0
0
59070
15529
123292
189565
0
0
82747
85269
76245
0
194171
188761
0
0
0
27795
0
164081
88794
0
0
186471
199045
143886
101001
17379
83389
196894
162184
0
0
0
169411
144052
150634
17919
103511
76166
2735
0
182682
24932
153823
0
120164
41427
131056
152456
0
190460
64980
199982
0
195556
165820
18123
151475
182223
178439
58685
26508
76788
0
102438
11854
198525
97307
40197
0
0
11157
77472
0
17565
112049
81612
0
0
40980
30507
0
71198
198146
178137
0
0
152021
20579
0
128660
95302
162248
0
102684
122371
67722
91150
168707
93149
155450
162799
92042
80140
130114
0
0
25520
0
95340
0
91408
23215
122243
177557
199852
86793
63039
0
61600
51018
141226
0
0
0
62641
0
134933
0
30751
39641
95024
14963
0
198595
129368
117749
10863
0
79629
50054
174052
0
199960
6414
138283
0
0
0
0
563
97625
151771
75840
32983
26018
16516
188821
165245
36558
112015
102293
189443
58185
154388
197507
122976
199844
0
26716
0
90815
4861
53332
27549
161278
35579
25780
27416
181248
191764
184170
0
748
0
22098
64588
199870
5921
24123
0
39197
0
6139
169221
5738
66004
103264
0
47190
84477
159311
117397
0
199962
0
0
179334
190763
47965
102442
15720
171823
65977
199043
107162
108201
120083
50994
14053
0
82513
50898
143562
190412
115668
13802
20288
114657
90159
85838
17334
157823
0
85744
78576
0
170949
