1000 1998
0 0 1
1 276 882
0 1 2
1 785 982
0 2 3
1 985 223
0 3 4
1 621 173
0 4 5
1 150 320
0 5 6
1 134 602
0 6 7
1 592 939
0 7 8
1 636 986
0 8 9
1 892 654
0 9 10
1 893 685
0 10 11
1 162 102
0 11 12
1 829 129
0 12 13
1 122 597
0 13 14
1 351 960
0 14 15
1 986 379
0 15 16
1 4 309
0 16 17
1 423 545
0 17 18
1 688 784
0 18 19
1 332 971
0 19 20
1 217 691
0 20 21
1 528 291
0 21 22
1 239 369
0 22 23
1 238 913
0 23 24
1 62 737
0 24 25
1 660 235
0 25 26
1 162 6
0 26 27
1 999 482
0 27 28
1 442 413
0 28 29
1 112 314
0 29 30
1 559 863
0 30 31
1 21 185
0 31 32
1 157 0
0 32 33
1 385 146
0 33 34
1 25 623
0 34 35
1 356 121
0 35 36
1 125 324
0 36 37
1 958 518
0 37 38
1 885 175
0 38 39
1 209 927
0 39 40
1 253 559
0 40 41
1 689 305
0 41 42
1 748 524
0 42 43
1 488 120
0 43 44
1 15 568
0 44 45
1 606 912
0 45 46
1 30 140
0 46 47
1 249 493
0 47 48
1 485 838
0 48 49
1 908 711
0 49 50
1 14 89
0 50 51
1 376 745
0 51 52
1 253 213
0 52 53
1 529 532
0 53 54
1 775 181
0 54 55
1 559 658
0 55 56
1 871 621
0 56 57
1 673 118
0 57 58
1 351 731
0 58 59
1 911 601
0 59 60
1 370 257
0 60 61
1 282 543
0 61 62
1 482 131
0 62 63
1 607 820
0 63 64
1 664 386
0 64 65
1 539 721
0 65 66
1 442 713
0 66 67
1 525 881
0 67 68
1 930 786
0 68 69
1 55 247
0 69 70
1 582 261
0 70 71
1 206 208
0 71 72
1 685 557
0 72 73
1 916 159
0 73 74
1 408 486
0 74 75
1 393 788
0 75 76
1 653 505
0 76 77
1 543 836
0 77 78
1 587 445
0 78 79
1 426 525
0 79 80
1 921 550
0 80 81
1 424 993
0 81 82
1 837 906
0 82 83
1 542 315
0 83 84
1 17 191
0 84 85
1 935 598
0 85 86
1 376 21
0 86 87
1 270 164
0 87 88
1 629 956
0 88 89
1 97 596
0 89 90
1 489 69
0 90 91
1 498 646
0 91 92
1 72 269
0 92 93
1 820 142
0 93 94
1 302 906
0 94 95
1 453 64
0 95 96
1 807 880
0 96 97
1 857 576
0 97 98
1 468 977
0 98 99
1 731 430
0 99 100
1 366 722
0 100 101
1 269 772
0 101 102
1 485 682
0 102 103
1 424 390
0 103 104
1 92 429
0 104 105
1 215 721
0 105 106
1 303 462
0 106 107
1 338 16
0 107 108
1 579 951
0 108 109
1 8 777
0 109 110
1 125 276
0 110 111
1 450 941
0 111 112
1 861 691
0 112 113
1 882 785
0 113 114
1 403 545
0 114 115
1 898 213
0 115 116
1 217 551
0 116 117
1 779 761
0 117 118
1 28 368
0 118 119
1 185 642
0 119 120
1 987 869
0 120 121
1 5 977
0 121 122
1 271 262
0 122 123
1 579 405
0 123 124
1 279 582
0 124 125
1 565 533
0 125 126
1 431 360
0 126 127
1 680 48
0 127 128
1 776 104
0 128 129
1 484 494
0 129 130
1 988 875
0 130 131
1 913 65
0 131 132
1 650 963
0 132 133
1 804 823
0 133 134
1 184 268
0 134 135
1 537 554
0 135 136
1 625 231
0 136 137
1 636 933
0 137 138
1 197 675
0 138 139
1 873 559
0 139 140
1 922 981
0 140 141
1 326 194
0 141 142
1 790 934
0 142 143
1 990 818
0 143 144
1 554 633
0 144 145
1 219 687
0 145 146
1 240 369
0 146 147
1 29 294
0 147 148
1 719 283
0 148 149
1 140 220
0 149 150
1 441 914
0 150 151
1 434 263
0 151 152
1 457 461
0 152 153
1 0 505
0 153 154
1 835 62
0 154 155
1 710 663
0 155 156
1 933 889
0 156 157
1 213 43
0 157 158
1 792 80
0 158 159
1 853 774
0 159 160
1 925 675
0 160 161
1 13 871
0 161 162
1 105 85
0 162 163
1 692 130
0 163 164
1 335 87
0 164 165
1 127 495
0 165 166
1 384 544
0 166 167
1 932 455
0 167 168
1 348 708
0 168 169
1 117 102
0 169 170
1 325 807
0 170 171
1 691 882
0 171 172
1 987 669
0 172 173
1 732 285
0 173 174
1 619 438
0 174 175
1 747 795
0 175 176
1 412 198
0 176 177
1 380 177
0 177 178
1 615 137
0 178 179
1 268 134
0 179 180
1 779 392
0 180 181
1 692 224
0 181 182
1 909 696
0 182 183
1 126 914
0 183 184
1 632 180
0 184 185
1 813 146
0 185 186
1 32 85
0 186 187
1 264 341
0 187 188
1 128 514
0 188 189
1 397 571
0 189 190
1 315 221
0 190 191
1 981 761
0 191 192
1 596 293
0 192 193
1 916 232
0 193 194
1 574 826
0 194 195
1 601 238
0 195 196
1 874 34
0 196 197
1 212 391
0 197 198
1 783 579
0 198 199
1 138 17
0 199 200
1 25 626
0 200 201
1 207 163
0 201 202
1 241 16
0 202 203
1 937 112
0 203 204
1 388 660
0 204 205
1 208 888
0 205 206
1 921 366
0 206 207
1 150 576
0 207 208
1 216 22
0 208 209
1 271 523
0 209 210
1 148 690
0 210 211
1 210 850
0 211 212
1 214 853
0 212 213
1 43 753
0 213 214
1 806 287
0 214 215
1 482 706
0 215 216
1 446 572
0 216 217
1 881 35
0 217 218
1 743 395
0 218 219
1 207 398
0 219 220
1 804 480
0 220 221
1 143 89
0 221 222
1 536 257
0 222 223
1 719 878
0 223 224
1 514 342
0 224 225
1 812 557
0 225 226
1 23 895
0 226 227
1 177 320
0 227 228
1 288 119
0 228 229
1 913 602
0 229 230
1 453 8
0 230 231
1 65 864
0 231 232
1 356 283
0 232 233
1 469 6
0 233 234
1 633 673
0 234 235
1 769 702
0 235 236
1 621 498
0 236 237
1 264 748
0 237 238
1 973 88
0 238 239
1 833 34
0 239 240
1 175 206
0 240 241
1 943 980
0 241 242
1 522 899
0 242 243
1 743 290
0 243 244
1 926 350
0 244 245
1 739 386
0 245 246
1 998 43
0 246 247
1 605 393
0 247 248
1 384 223
0 248 249
1 136 655
0 249 250
1 913 537
0 250 251
1 40 603
0 251 252
1 61 268
0 252 253
1 518 793
0 253 254
1 512 239
0 254 255
1 782 431
0 255 256
1 259 692
0 256 257
1 192 177
0 257 258
1 221 376
0 258 259
1 481 90
0 259 260
1 198 330
0 260 261
1 899 832
0 261 262
1 921 5
0 262 263
1 811 491
0 263 264
1 234 266
0 264 265
1 638 577
0 265 266
1 837 919
0 266 267
1 398 23
0 267 268
1 583 339
0 268 269
1 819 739
0 269 270
1 881 903
0 270 271
1 544 607
0 271 272
1 852 104
0 272 273
1 926 189
0 273 274
1 185 901
0 274 275
1 196 280
0 275 276
1 809 257
0 276 277
1 969 404
0 277 278
1 65 801
0 278 279
1 693 609
0 279 280
1 660 133
0 280 281
1 160 433
0 281 282
1 348 486
0 282 283
1 259 880
0 283 284
1 179 540
0 284 285
1 996 570
0 285 286
1 599 529
0 286 287
1 211 422
0 287 288
1 492 574
0 288 289
1 117 532
0 289 290
1 336 16
0 290 291
1 732 434
0 291 292
1 286 549
0 292 293
1 388 548
0 293 294
1 41 797
0 294 295
1 8 181
0 295 296
1 897 298
0 296 297
1 238 624
0 297 298
1 74 164
0 298 299
1 886 914
0 299 300
1 377 190
0 300 301
1 144 392
0 301 302
1 358 269
0 302 303
1 791 665
0 303 304
1 662 963
0 304 305
1 505 617
0 305 306
1 417 30
0 306 307
1 973 817
0 307 308
1 393 562
0 308 309
1 823 622
0 309 310
1 111 420
0 310 311
1 156 9
0 311 312
1 450 702
0 312 313
1 879 573
0 313 314
1 501 569
0 314 315
1 127 283
0 315 316
1 554 755
0 316 317
1 309 102
0 317 318
1 99 568
0 318 319
1 258 729
0 319 320
1 146 695
0 320 321
1 845 281
0 321 322
1 311 818
0 322 323
1 264 453
0 323 324
1 985 989
0 324 325
1 154 909
0 325 326
1 714 821
0 326 327
1 60 744
0 327 328
1 700 663
0 328 329
1 421 136
0 329 330
1 150 619
0 330 331
1 646 782
0 331 332
1 699 904
0 332 333
1 535 90
0 333 334
1 868 812
0 334 335
1 212 754
0 335 336
1 846 615
0 336 337
1 29 988
0 337 338
1 936 398
0 338 339
1 884 8
0 339 340
1 556 910
0 340 341
1 338 842
0 341 342
1 360 920
0 342 343
1 726 469
0 343 344
1 438 981
0 344 345
1 949 468
0 345 346
1 440 106
0 346 347
1 5 208
0 347 348
1 798 933
0 348 349
1 174 623
0 349 350
1 759 7
0 350 351
1 533 315
0 351 352
1 938 351
0 352 353
1 727 879
0 353 354
1 617 553
0 354 355
1 785 757
0 355 356
1 145 248
0 356 357
1 126 17
0 357 358
1 198 207
0 358 359
1 359 116
0 359 360
1 160 856
0 360 361
1 994 939
0 361 362
1 157 417
0 362 363
1 208 830
0 363 364
1 439 560
0 364 365
1 162 136
0 365 366
1 795 149
0 366 367
1 843 57
0 367 368
1 494 299
0 368 369
1 232 581
0 369 370
1 13 925
0 370 371
1 598 697
0 371 372
1 641 239
0 372 373
1 893 802
0 373 374
1 608 976
0 374 375
1 431 623
0 375 376
1 944 360
0 376 377
1 852 849
0 377 378
1 478 870
0 378 379
1 562 944
0 379 380
1 757 788
0 380 381
1 737 805
0 381 382
1 39 418
0 382 383
1 815 960
0 383 384
1 985 105
0 384 385
1 908 370
0 385 386
1 969 199
0 386 387
1 290 786
0 387 388
1 821 106
0 388 389
1 928 367
0 389 390
1 279 415
0 390 391
1 142 141
0 391 392
1 4 165
0 392 393
1 545 223
0 393 394
1 784 191
0 394 395
1 932 651
0 395 396
1 193 274
0 396 397
1 842 512
0 397 398
1 824 294
0 398 399
1 355 958
0 399 400
1 143 167
0 400 401
1 3 194
0 401 402
1 79 767
0 402 403
1 994 890
0 403 404
1 345 237
0 404 405
1 643 708
0 405 406
1 775 730
0 406 407
1 480 670
0 407 408
1 337 602
0 408 409
1 457 960
0 409 410
1 486 948
0 410 411
1 818 875
0 411 412
1 950 366
0 412 413
1 994 663
0 413 414
1 272 372
0 414 415
1 460 492
0 415 416
1 189 113
0 416 417
1 609 93
0 417 418
1 987 223
0 418 419
1 866 685
0 419 420
1 194 793
0 420 421
1 126 839
0 421 422
1 16 471
0 422 423
1 41 62
0 423 424
1 200 119
0 424 425
1 141 503
0 425 426
1 209 720
0 426 427
1 407 911
0 427 428
1 114 106
0 428 429
1 317 31
0 429 430
1 600 225
0 430 431
1 73 488
0 431 432
1 296 467
0 432 433
1 249 162
0 433 434
1 509 108
0 434 435
1 978 716
0 435 436
1 638 281
0 436 437
1 941 648
0 437 438
1 289 384
0 438 439
1 902 742
0 439 440
1 133 652
0 440 441
1 391 536
0 441 442
1 943 761
0 442 443
1 638 788
0 443 444
1 201 26
0 444 445
1 50 267
0 445 446
1 396 636
0 446 447
1 480 856
0 447 448
1 364 911
0 448 449
1 760 629
0 449 450
1 675 165
0 450 451
1 153 483
0 451 452
1 588 718
0 452 453
1 415 12
0 453 454
1 364 156
0 454 455
1 349 406
0 455 456
1 817 442
0 456 457
1 293 485
0 457 458
1 72 8
0 458 459
1 276 735
0 459 460
1 660 661
0 460 461
1 557 724
0 461 462
1 797 846
0 462 463
1 789 213
0 463 464
1 286 858
0 464 465
1 888 336
0 465 466
1 444 877
0 466 467
1 782 862
0 467 468
1 167 515
0 468 469
1 483 11
0 469 470
1 488 379
0 470 471
1 635 279
0 471 472
1 398 623
0 472 473
1 107 398
0 473 474
1 895 331
0 474 475
1 162 13
0 475 476
1 732 768
0 476 477
1 524 610
0 477 478
1 795 933
0 478 479
1 220 506
0 479 480
1 862 523
0 480 481
1 878 473
0 481 482
1 569 429
0 482 483
1 135 250
0 483 484
1 793 379
0 484 485
1 896 966
0 485 486
1 487 260
0 486 487
1 81 544
0 487 488
1 135 656
0 488 489
1 342 70
0 489 490
1 174 380
0 490 491
1 981 104
0 491 492
1 376 64
0 492 493
1 871 689
0 493 494
1 919 782
0 494 495
1 444 975
0 495 496
1 583 766
0 496 497
1 327 331
0 497 498
1 586 480
0 498 499
1 976 605
0 499 500
1 628 668
0 500 501
1 696 109
0 501 502
1 710 674
0 502 503
1 810 113
0 503 504
1 2 688
0 504 505
1 741 776
0 505 506
1 421 531
0 506 507
1 118 328
0 507 508
1 366 313
0 508 509
1 73 991
0 509 510
1 5 209
0 510 511
1 723 818
0 511 512
1 940 117
0 512 513
1 897 531
0 513 514
1 553 635
0 514 515
1 707 833
0 515 516
1 645 375
0 516 517
1 42 8
0 517 518
1 10 974
0 518 519
1 314 588
0 519 520
1 12 460
0 520 521
1 451 24
0 521 522
1 542 149
0 522 523
1 764 755
0 523 524
1 350 14
0 524 525
1 621 853
0 525 526
1 871 643
0 526 527
1 233 965
0 527 528
1 425 783
0 528 529
1 485 778
0 529 530
1 740 86
0 530 531
1 46 268
0 531 532
1 492 453
0 532 533
1 105 479
0 533 534
1 326 96
0 534 535
1 442 344
0 535 536
1 569 920
0 536 537
1 775 260
0 537 538
1 85 480
0 538 539
1 211 107
0 539 540
1 275 613
0 540 541
1 999 816
0 541 542
1 779 790
0 542 543
1 339 715
0 543 544
1 341 425
0 544 545
1 888 16
0 545 546
1 98 57
0 546 547
1 683 109
0 547 548
1 768 693
0 548 549
1 573 294
0 549 550
1 528 976
0 550 551
1 633 626
0 551 552
1 711 699
0 552 553
1 956 543
0 553 554
1 239 783
0 554 555
1 61 339
0 555 556
1 653 390
0 556 557
1 337 545
0 557 558
1 452 741
0 558 559
1 463 292
0 559 560
1 362 392
0 560 561
1 562 907
0 561 562
1 761 789
0 562 563
1 114 419
0 563 564
1 550 790
0 564 565
1 725 104
0 565 566
1 729 68
0 566 567
1 183 492
0 567 568
1 872 102
0 568 569
1 331 549
0 569 570
1 614 639
0 570 571
1 805 198
0 571 572
1 123 927
0 572 573
1 821 510
0 573 574
1 276 798
0 574 575
1 360 666
0 575 576
1 202 8
0 576 577
1 502 965
0 577 578
1 136 546
0 578 579
1 737 152
0 579 580
1 930 422
0 580 581
1 166 972
0 581 582
1 74 556
0 582 583
1 709 192
0 583 584
1 828 721
0 584 585
1 125 302
0 585 586
1 429 285
0 586 587
1 222 582
0 587 588
1 543 821
0 588 589
1 669 458
0 589 590
1 558 155
0 590 591
1 52 268
0 591 592
1 447 445
0 592 593
1 704 626
0 593 594
1 605 833
0 594 595
1 423 134
0 595 596
1 456 227
0 596 597
1 803 909
0 597 598
1 441 18
0 598 599
1 4 319
0 599 600
1 0 588
0 600 601
1 559 692
0 601 602
1 92 575
0 602 603
1 144 751
0 603 604
1 146 369
0 604 605
1 548 467
0 605 606
1 505 755
0 606 607
1 195 119
0 607 608
1 208 325
0 608 609
1 333 463
0 609 610
1 531 48
0 610 611
1 165 653
0 611 612
1 924 582
0 612 613
1 928 465
0 613 614
1 762 424
0 614 615
1 926 931
0 615 616
1 727 787
0 616 617
1 854 255
0 617 618
1 616 590
0 618 619
1 672 966
0 619 620
1 255 819
0 620 621
1 135 271
0 621 622
1 13 566
0 622 623
1 222 381
0 623 624
1 414 607
0 624 625
1 4 739
0 625 626
1 685 474
0 626 627
1 43 315
0 627 628
1 785 136
0 628 629
1 365 236
0 629 630
1 96 652
0 630 631
1 217 740
0 631 632
1 205 595
0 632 633
1 504 475
0 633 634
1 828 310
0 634 635
1 68 834
0 635 636
1 582 662
0 636 637
1 861 648
0 637 638
1 487 671
0 638 639
1 478 670
0 639 640
1 170 477
0 640 641
1 562 255
0 641 642
1 971 434
0 642 643
1 334 974
0 643 644
1 550 758
0 644 645
1 620 463
0 645 646
1 417 881
0 646 647
1 69 727
0 647 648
1 100 264
0 648 649
1 428 450
0 649 650
1 872 277
0 650 651
1 530 701
0 651 652
1 649 920
0 652 653
1 455 193
0 653 654
1 752 108
0 654 655
1 86 316
0 655 656
1 188 93
0 656 657
1 995 688
0 657 658
1 990 157
0 658 659
1 515 632
0 659 660
1 781 543
0 660 661
1 847 616
0 661 662
1 87 872
0 662 663
1 381 107
0 663 664
1 62 223
0 664 665
1 928 986
0 665 666
1 83 838
0 666 667
1 798 704
0 667 668
1 659 827
0 668 669
1 933 563
0 669 670
1 23 259
0 670 671
1 749 628
0 671 672
1 939 453
0 672 673
1 933 919
0 673 674
1 657 394
0 674 675
1 638 952
0 675 676
1 368 750
0 676 677
1 889 900
0 677 678
1 528 693
0 678 679
1 132 766
0 679 680
1 848 367
0 680 681
1 529 341
0 681 682
1 822 410
0 682 683
1 281 43
0 683 684
1 920 308
0 684 685
1 678 4
0 685 686
1 102 506
0 686 687
1 406 433
0 687 688
1 829 482
0 688 689
1 662 802
0 689 690
1 877 522
0 690 691
1 539 42
0 691 692
1 157 877
0 692 693
1 430 442
0 693 694
1 238 64
0 694 695
1 259 29
0 695 696
1 736 161
0 696 697
1 73 614
0 697 698
1 981 261
0 698 699
1 836 174
0 699 700
1 952 949
0 700 701
1 146 107
0 701 702
1 871 583
0 702 703
1 564 35
0 703 704
1 604 937
0 704 705
1 717 464
0 705 706
1 286 82
0 706 707
1 608 621
0 707 708
1 130 559
0 708 709
1 105 677
0 709 710
1 160 427
0 710 711
1 369 234
0 711 712
1 333 599
0 712 713
1 97 767
0 713 714
1 74 19
0 714 715
1 273 80
0 715 716
1 669 696
0 716 717
1 886 960
0 717 718
1 245 631
0 718 719
1 755 652
0 719 720
1 79 661
0 720 721
1 909 863
0 721 722
1 341 90
0 722 723
1 33 174
0 723 724
1 492 953
0 724 725
1 314 572
0 725 726
1 174 524
0 726 727
1 654 783
0 727 728
1 371 232
0 728 729
1 934 766
0 729 730
1 679 328
0 730 731
1 768 850
0 731 732
1 302 41
0 732 733
1 915 483
0 733 734
1 366 163
0 734 735
1 108 804
0 735 736
1 538 167
0 736 737
1 629 952
0 737 738
1 682 533
0 738 739
1 978 926
0 739 740
1 314 372
0 740 741
1 481 942
0 741 742
1 618 389
0 742 743
1 457 394
0 743 744
1 433 136
0 744 745
1 287 884
0 745 746
1 445 810
0 746 747
1 459 864
0 747 748
1 581 542
0 748 749
1 339 910
0 749 750
1 652 824
0 750 751
1 922 12
0 751 752
1 21 205
0 752 753
1 836 494
0 753 754
1 915 310
0 754 755
1 662 789
0 755 756
1 513 415
0 756 757
1 723 388
0 757 758
1 152 455
0 758 759
1 411 962
0 759 760
1 545 533
0 760 761
1 228 701
0 761 762
1 755 30
0 762 763
1 720 652
0 763 764
1 972 502
0 764 765
1 521 512
0 765 766
1 210 56
0 766 767
1 251 567
0 767 768
1 230 528
0 768 769
1 249 61
0 769 770
1 203 965
0 770 771
1 898 578
0 771 772
1 938 358
0 772 773
1 791 795
0 773 774
1 813 159
0 774 775
1 262 358
0 775 776
1 372 524
0 776 777
1 699 48
0 777 778
1 957 381
0 778 779
1 564 17
0 779 780
1 775 282
0 780 781
1 492 413
0 781 782
1 642 503
0 782 783
1 771 920
0 783 784
1 204 872
0 784 785
1 368 652
0 785 786
1 769 654
0 786 787
1 60 162
0 787 788
1 320 448
0 788 789
1 331 899
0 789 790
1 787 371
0 790 791
1 145 101
0 791 792
1 209 90
0 792 793
1 500 837
0 793 794
1 143 348
0 794 795
1 986 626
0 795 796
1 845 674
0 796 797
1 872 810
0 797 798
1 930 794
0 798 799
1 30 645
0 799 800
1 578 715
0 800 801
1 943 339
0 801 802
1 283 95
0 802 803
1 211 754
0 803 804
1 742 721
0 804 805
1 65 885
0 805 806
1 818 191
0 806 807
1 841 329
0 807 808
1 259 469
0 808 809
1 132 188
0 809 810
1 756 592
0 810 811
1 529 382
0 811 812
1 680 766
0 812 813
1 137 465
0 813 814
1 19 779
0 814 815
1 136 217
0 815 816
1 510 975
0 816 817
1 119 197
0 817 818
1 157 567
0 818 819
1 748 955
0 819 820
1 238 899
0 820 821
1 992 604
0 821 822
1 928 261
0 822 823
1 587 128
0 823 824
1 870 145
0 824 825
1 366 64
0 825 826
1 853 228
0 826 827
1 849 961
0 827 828
1 989 382
0 828 829
1 148 476
0 829 830
1 162 473
0 830 831
1 552 280
0 831 832
1 375 536
0 832 833
1 127 589
0 833 834
1 992 184
0 834 835
1 381 657
0 835 836
1 238 176
0 836 837
1 321 645
0 837 838
1 216 483
0 838 839
1 158 883
0 839 840
1 575 278
0 840 841
1 661 930
0 841 842
1 470 186
0 842 843
1 563 145
0 843 844
1 167 535
0 844 845
1 771 255
0 845 846
1 791 998
0 846 847
1 604 372
0 847 848
1 274 803
0 848 849
1 906 532
0 849 850
1 600 810
0 850 851
1 280 641
0 851 852
1 615 864
0 852 853
1 896 283
0 853 854
1 919 312
0 854 855
1 600 824
0 855 856
1 735 349
0 856 857
1 293 991
0 857 858
1 279 909
0 858 859
1 350 20
0 859 860
1 358 155
0 860 861
1 836 300
0 861 862
1 361 51
0 862 863
1 104 183
0 863 864
1 168 169
0 864 865
1 209 565
0 865 866
1 273 686
0 866 867
1 726 381
0 867 868
1 240 282
0 868 869
1 107 809
0 869 870
1 71 874
0 870 871
1 578 764
0 871 872
1 21 122
0 872 873
1 512 800
0 873 874
1 421 841
0 874 875
1 779 899
0 875 876
1 423 986
0 876 877
1 687 593
0 877 878
1 602 752
0 878 879
1 371 314
0 879 880
1 359 918
0 880 881
1 683 49
0 881 882
1 262 918
0 882 883
1 99 39
0 883 884
1 528 177
0 884 885
1 826 587
0 885 886
1 798 603
0 886 887
1 599 274
0 887 888
1 158 730
0 888 889
1 446 472
0 889 890
1 50 817
0 890 891
1 976 510
0 891 892
1 230 121
0 892 893
1 657 192
0 893 894
1 44 675
0 894 895
1 140 3
0 895 896
1 157 463
0 896 897
1 657 580
0 897 898
1 573 167
0 898 899
1 458 136
0 899 900
1 363 628
0 900 901
1 578 777
0 901 902
1 367 739
0 902 903
1 13 288
0 903 904
1 140 340
0 904 905
1 293 590
0 905 906
1 502 926
0 906 907
1 351 524
0 907 908
1 752 133
0 908 909
1 912 186
0 909 910
1 65 64
0 910 911
1 964 236
0 911 912
1 596 41
0 912 913
1 910 21
0 913 914
1 961 292
0 914 915
1 160 420
0 915 916
1 485 848
0 916 917
1 639 742
0 917 918
1 925 953
0 918 919
1 213 377
0 919 920
1 361 780
0 920 921
1 439 545
0 921 922
1 320 281
0 922 923
1 490 726
0 923 924
1 205 347
0 924 925
1 148 447
0 925 926
1 688 623
0 926 927
1 624 8
0 927 928
1 927 653
0 928 929
1 979 801
0 929 930
1 451 26
0 930 931
1 596 964
0 931 932
1 939 251
0 932 933
1 534 71
0 933 934
1 806 509
0 934 935
1 255 669
0 935 936
1 144 723
0 936 937
1 66 192
0 937 938
1 232 607
0 938 939
1 312 121
0 939 940
1 348 430
0 940 941
1 342 842
0 941 942
1 170 780
0 942 943
1 64 769
0 943 944
1 842 408
0 944 945
1 280 438
0 945 946
1 780 13
0 946 947
1 728 176
0 947 948
1 26 958
0 948 949
1 860 179
0 949 950
1 794 844
0 950 951
1 947 853
0 951 952
1 218 946
0 952 953
1 920 582
0 953 954
1 947 185
0 954 955
1 351 63
0 955 956
1 441 780
0 956 957
1 41 514
0 957 958
1 106 507
0 958 959
1 806 756
0 959 960
1 663 703
0 960 961
1 198 779
0 961 962
1 417 135
0 962 963
1 506 456
0 963 964
1 425 463
0 964 965
1 838 321
0 965 966
1 51 261
0 966 967
1 388 989
0 967 968
1 450 683
0 968 969
1 47 186
0 969 970
1 297 232
0 970 971
1 264 9
0 971 972
1 458 693
0 972 973
1 610 463
0 973 974
1 169 333
0 974 975
1 986 7
0 975 976
1 28 247
0 976 977
1 73 490
0 977 978
1 641 645
0 978 979
1 26 208
0 979 980
1 17 345
0 980 981
1 525 241
0 981 982
1 493 512
0 982 983
1 793 370
0 983 984
1 86 320
0 984 985
1 100 250
0 985 986
1 397 260
0 986 987
1 48 284
0 987 988
1 465 495
0 988 989
1 453 150
0 989 990
1 182 568
0 990 991
1 267 778
0 991 992
1 295 416
0 992 993
1 74 149
0 993 994
1 877 943
0 994 995
1 538 870
0 995 996
1 918 679
0 996 997
1 341 136
0 997 998
1 460 328
0 998 999
1 847 723
