500 800
1 483 283
0 15 96
0 34 151
0 213 389
1 385 397
0 215 349
0 13 388
0 279 82
0 366 46
0 163 422
0 45 236
1 399 185
1 317 492
0 98 131
1 184 186
1 302 204
0 77 187
1 292 278
1 287 119
1 387 57
1 53 388
1 285 175
1 309 353
1 97 69
0 168 238
0 483 144
1 100 442
1 85 402
1 145 19
0 44 169
0 260 197
0 477 125
1 278 350
1 294 180
1 456 26
0 475 296
0 417 108
0 345 282
0 466 36
1 304 143
1 255 369
1 323 379
0 207 239
0 123 418
1 97 253
0 269 334
1 120 406
0 180 70
1 262 375
1 114 244
1 326 43
1 223 57
1 418 461
0 311 266
1 339 74
0 302 322
1 422 236
1 347 234
0 311 9
1 437 317
1 150 103
1 287 491
1 55 205
1 168 129
0 311 250
0 145 391
0 274 64
1 458 353
0 174 283
0 407 8
0 256 263
0 249 395
0 406 49
1 449 353
0 239 64
0 73 143
1 59 47
1 476 152
1 404 348
1 265 10
0 497 466
0 383 128
0 345 95
1 49 419
0 229 78
0 183 74
0 38 406
1 292 391
1 290 16
0 263 17
1 441 448
0 386 222
1 225 194
0 47 483
0 47 390
0 64 395
1 77 417
0 115 110
1 385 414
1 306 153
0 398 244
1 405 123
1 280 80
0 158 170
0 351 443
0 338 173
1 352 34
1 362 298
1 439 498
1 384 373
0 316 143
0 174 437
1 415 71
1 57 135
1 292 48
0 291 364
0 208 355
1 273 225
1 426 65
1 299 224
0 449 210
1 23 358
1 2 155
1 106 287
1 3 382
0 487 310
0 270 461
0 201 48
1 375 241
0 480 176
1 133 354
0 355 170
0 322 153
1 23 378
0 20 42
1 152 390
0 475 59
0 72 142
1 262 494
0 275 424
0 106 279
1 7 166
0 142 177
1 274 434
0 17 292
0 348 357
1 120 14
0 411 105
0 389 278
1 217 215
1 460 5
1 54 111
1 369 31
0 234 86
1 16 445
1 327 376
0 100 79
0 59 151
0 245 153
1 251 18
1 483 461
0 220 365
1 341 375
1 243 247
1 120 196
0 346 187
1 201 69
1 132 478
1 346 135
0 247 452
1 395 227
0 421 113
0 217 336
1 86 117
1 340 227
1 386 117
1 447 218
0 129 425
1 71 89
0 80 251
0 173 139
1 210 90
0 262 47
0 184 217
1 417 266
0 215 347
0 417 265
1 440 370
0 400 134
1 85 477
0 481 179
1 92 362
1 338 288
0 375 456
0 328 304
1 135 387
0 194 463
0 309 50
0 249 473
1 8 167
0 289 194
0 491 386
0 228 334
0 460 35
1 69 395
1 426 455
1 66 110
0 31 198
1 79 490
0 281 199
1 239 42
1 192 97
1 58 241
1 310 492
0 367 299
0 19 410
0 456 258
1 433 268
1 232 456
0 228 23
0 478 115
0 255 402
1 308 165
1 1 466
0 358 352
0 413 63
0 134 42
0 260 20
0 476 226
1 321 469
1 214 199
1 494 338
0 0 51
1 111 143
1 7 357
1 40 417
0 272 144
1 41 116
0 431 249
1 100 360
1 201 160
1 1 311
1 442 52
0 416 320
0 411 281
1 294 244
1 187 111
1 194 214
1 177 475
1 0 186
0 281 22
0 269 497
0 316 145
0 294 463
1 50 134
0 78 467
0 230 23
0 316 225
0 337 286
1 243 54
0 49 448
1 220 444
0 306 32
1 47 343
1 182 382
0 325 490
0 28 458
0 298 361
0 154 112
1 197 455
1 298 23
0 394 161
1 56 83
0 384 413
0 157 65
0 153 480
1 472 321
0 253 8
0 472 133
1 467 84
0 246 122
0 397 439
0 391 162
1 58 347
0 400 153
1 393 127
0 346 243
0 459 413
1 441 187
0 254 341
1 233 282
1 330 322
0 142 378
0 394 473
1 428 175
0 326 171
0 116 178
0 439 390
0 211 404
1 191 340
1 164 443
1 455 16
1 304 412
0 241 130
0 21 177
1 73 379
0 431 192
0 13 20
1 389 347
1 242 195
1 477 162
1 433 25
0 16 260
1 239 458
1 201 293
0 65 279
0 478 482
1 286 165
1 146 144
0 36 88
1 27 199
1 291 426
0 303 219
0 432 285
0 431 105
1 201 461
0 443 369
0 181 430
0 34 292
0 252 284
1 193 323
1 453 265
0 63 342
1 269 420
0 316 6
1 88 297
0 402 294
0 391 59
0 88 44
1 359 266
1 284 287
0 393 453
1 347 57
1 127 256
1 409 491
1 196 393
0 281 39
1 364 41
1 142 366
0 342 132
0 249 190
1 170 143
0 356 11
0 107 386
1 114 304
1 197 304
0 430 399
1 33 343
0 217 17
0 85 272
0 80 397
1 261 218
1 439 391
0 460 20
0 196 4
1 325 250
1 149 324
0 40 292
0 321 373
1 422 411
0 289 5
1 70 419
0 478 1
1 329 485
1 50 63
0 330 322
0 79 486
0 364 499
1 37 434
0 147 311
0 277 369
0 361 0
1 394 204
1 196 218
1 228 105
1 38 32
1 145 363
0 415 200
0 68 372
0 120 164
0 111 329
1 93 196
0 20 397
0 350 374
0 186 67
1 485 475
1 125 339
0 454 386
1 62 85
1 45 170
1 59 164
0 307 254
1 228 351
1 226 192
1 111 467
0 88 440
1 13 166
0 399 319
0 303 161
1 402 253
1 192 414
1 415 157
1 408 3
1 150 28
0 261 492
1 45 469
1 249 195
0 36 493
0 303 227
0 238 126
0 137 105
1 261 62
1 31 475
1 193 435
1 186 276
0 172 429
0 146 140
1 492 445
1 108 255
1 361 88
1 444 381
0 417 202
1 224 283
0 53 185
1 2 356
0 31 133
1 356 223
0 205 329
0 188 460
0 479 449
0 115 298
0 431 483
0 90 117
1 292 214
0 349 276
1 61 457
0 0 261
1 32 359
1 469 399
1 381 42
1 13 345
1 444 471
0 308 1
1 82 71
0 373 483
0 400 444
0 169 194
0 418 290
1 410 138
1 373 58
1 419 417
1 360 253
0 216 419
0 286 137
1 415 129
1 236 441
0 355 152
0 308 198
1 21 376
0 155 287
1 77 468
1 80 244
0 482 197
1 478 25
0 497 427
1 375 412
0 187 374
1 371 443
1 435 312
1 275 1
0 214 263
0 495 452
0 74 415
0 142 457
1 60 295
0 416 28
0 333 29
0 166 393
1 490 493
1 111 354
0 382 231
1 103 307
1 476 345
1 168 147
0 47 370
1 149 269
1 409 180
1 240 0
1 469 295
1 128 460
0 497 250
0 134 497
0 368 283
0 116 412
0 225 179
0 58 387
0 452 65
1 109 40
0 376 445
0 21 112
1 191 285
0 146 317
1 194 53
0 31 392
1 144 463
0 72 424
1 188 296
0 352 255
0 140 471
0 262 332
1 383 124
1 172 336
1 363 26
0 242 100
1 172 261
1 321 8
0 64 354
0 324 277
0 75 405
1 223 158
0 360 244
0 45 335
0 183 234
0 204 362
1 88 84
0 256 207
1 444 288
0 281 148
1 391 475
1 141 297
1 298 149
0 428 296
0 58 40
0 49 280
0 304 419
0 374 341
0 374 475
1 284 390
1 98 279
0 53 333
1 424 7
0 443 151
1 405 113
1 198 125
0 200 403
1 435 15
1 469 372
0 472 376
1 80 443
1 459 17
1 51 247
1 187 336
0 393 348
1 169 461
1 364 165
0 104 395
1 435 76
1 444 487
0 104 327
0 147 374
1 259 406
1 309 43
0 399 443
0 258 77
0 234 164
0 139 120
0 426 204
1 21 62
0 231 250
1 335 437
1 29 472
1 397 485
0 408 89
0 325 294
0 244 147
0 487 20
0 127 289
1 371 178
0 359 152
1 66 32
1 198 448
0 12 320
1 284 288
0 193 467
1 315 26
0 203 255
1 392 339
1 150 469
0 150 360
1 187 202
1 120 4
1 332 65
0 381 175
0 140 20
1 487 423
1 99 97
0 412 469
1 468 311
1 430 395
0 37 329
1 466 183
0 381 22
1 397 243
1 123 420
1 190 380
1 416 432
0 268 75
1 213 421
1 278 231
0 241 275
1 314 106
0 368 484
0 466 356
1 133 33
0 348 370
1 465 329
1 379 377
0 314 449
1 435 443
0 327 142
1 27 91
0 311 332
0 407 388
1 380 141
1 409 359
0 76 101
1 8 383
1 443 308
1 21 63
1 416 310
1 94 43
0 461 143
1 365 172
1 90 404
1 128 329
1 294 270
1 482 321
1 283 5
0 388 224
0 353 498
0 340 120
1 135 379
1 486 134
0 76 172
0 432 448
0 8 385
0 273 17
1 463 42
0 247 220
1 213 325
0 126 331
0 40 272
0 337 478
1 151 296
0 325 367
1 76 262
0 63 321
1 272 181
1 80 166
1 395 234
1 169 245
0 17 355
1 287 198
0 123 79
1 329 245
0 450 79
1 433 329
0 456 93
0 195 155
0 338 168
1 157 163
1 382 392
1 351 323
1 215 55
0 12 396
0 343 28
1 116 255
1 417 280
0 488 172
1 329 439
0 200 372
1 457 97
1 311 201
0 49 141
0 480 465
1 168 357
0 343 336
0 449 366
1 177 222
1 273 409
0 88 194
1 331 380
1 200 376
1 240 447
0 47 294
1 301 359
0 470 423
1 63 217
1 385 208
1 121 223
0 3 360
1 49 11
1 449 291
1 170 95
1 488 125
1 278 52
1 112 117
0 318 231
1 413 161
0 103 42
1 247 263
1 429 193
1 337 350
1 18 314
0 76 399
0 153 68
0 458 86
0 128 113
0 170 8
1 368 3
1 8 347
1 374 295
1 180 425
1 122 150
0 238 248
0 11 423
0 115 88
1 282 199
1 367 69
0 462 494
0 416 275
1 438 76
1 396 338
1 59 307
1 445 107
1 416 185
0 21 185
1 171 313
0 457 196
1 388 366
0 207 402
0 207 106
1 4 434
1 192 473
0 94 23
1 387 124
1 69 60
1 13 60
1 275 208
1 357 307
0 286 316
1 403 382
1 9 443
0 39 157
1 119 94
1 237 374
1 4 350
1 494 271
0 34 309
1 50 62
0 41 478
0 308 92
0 371 176
0 451 276
1 303 349
1 331 439
1 317 366
1 372 93
1 402 197
1 43 74
1 194 448
1 250 395
0 476 19
0 93 237
1 169 249
0 486 123
0 130 447
0 280 324
0 481 78
1 438 285
0 407 442
0 430 188
0 72 79
0 362 494
0 149 80
0 75 9
0 126 459
0 39 19
0 89 137
1 189 83
