10000 2000
0 5018 8438
1 8648 368
0 4251 7861
1 6053 5143
0 8809 1837
1 7701 4075
1 2044 7262
1 6793 51
0 7837 5772
1 9000 5605
0 7003 6446
0 2800 2107
1 6149 5678
1 9503 9151
1 6185 2513
1 1128 80
0 315 1960
1 2315 8879
1 2662 5587
1 9412 7339
1 5751 4079
1 9232 8439
1 9084 4053
0 2873 4455
0 904 6825
1 1940 4212
1 7976 3942
1 3968 6858
0 3548 6501
1 3334 3777
1 7868 9710
1 4609 6376
1 5279 744
1 3964 8353
0 647 306
1 9144 550
1 2251 4935
0 9135 6928
0 9114 435
0 270 1214
1 8684 7449
1 5774 251
0 7258 8180
0 9645 2287
0 2889 2603
0 2454 2155
0 4722 724
1 9925 9477
1 4353 9996
1 3005 8329
1 3125 5187
0 7929 4429
1 5642 4940
1 5016 4593
0 9608 6675
1 8545 367
0 5504 6577
1 570 6047
1 8055 1622
0 3396 2927
0 1269 4346
0 942 9115
1 7246 369
1 7361 9000
1 5675 2847
1 6455 1436
0 3412 9637
0 7897 6775
1 5438 5002
0 7951 6528
0 6103 7120
0 7557 4930
0 8324 2334
1 2414 7541
1 1075 3157
0 1417 7580
0 5922 451
0 5167 9603
0 2810 5427
0 5308 739
0 523 5254
0 6905 4935
0 9199 6270
0 7178 9738
1 9199 2123
1 1910 9152
1 3493 8415
0 6793 7160
1 4852 3444
1 691 6118
0 8973 9518
1 4545 8248
0 6928 3114
0 8975 6747
1 4621 3934
1 9187 28
0 7324 5566
0 5390 3578
1 8456 7805
0 4286 7765
0 9057 100
1 3866 3667
0 4156 8566
1 1870 2410
1 8837 6474
0 6181 202
0 6251 716
0 1338 1721
0 6335 2976
0 8447 5218
1 509 6081
0 9666 1021
1 3674 7224
1 6501 3244
1 8240 3155
0 9889 887
0 4088 7944
0 1819 1859
1 4182 4568
0 6244 8178
0 1785 5202
0 9804 629
0 5155 1212
1 9518 571
0 38 562
0 1240 2272
0 521 7541
0 6731 6154
1 8923 6602
0 8256 9767
0 4092 8070
1 7943 9789
1 1324 3867
1 1231 9625
0 8706 984
0 6299 7147
0 7010 1794
0 7607 5417
1 6744 5963
1 9373 2081
1 8448 2731
0 6210 8256
1 1751 4213
0 9686 6013
1 1062 1818
1 4016 970
1 4660 9517
1 9000 2674
0 4451 2813
0 2163 4481
1 690 4655
0 9477 5357
0 2218 4046
0 715 7438
0 8668 1940
0 3311 5347
1 8252 7103
0 4414 8556
1 9476 378
0 8914 7332
1 7109 229
0 3442 5499
0 749 3610
0 5899 4230
1 7998 8859
1 632 3879
0 55 9840
1 5004 8915
1 2802 8090
0 2052 2966
0 970 3850
0 2211 4703
0 2513 5877
1 5060 1727
0 1148 9594
1 9081 5137
1 5078 7182
1 8465 2574
0 5719 884
0 5033 1769
1 2092 1560
0 584 6224
0 3739 1612
0 7921 1989
1 1633 3263
0 8385 7474
0 7002 5316
0 8888 9762
0 2899 1206
1 9400 6268
0 9137 7064
0 8521 868
0 2226 2530
1 5321 9077
1 6190 7381
0 2958 6976
1 2720 2508
0 5886 6472
0 3949 3469
0 5690 8784
0 5320 3395
1 9464 1936
1 9750 6522
1 6021 916
0 7474 6592
0 3627 7008
1 6920 4033
0 8727 4946
0 3770 6336
1 2720 6921
1 2217 5159
0 6644 7652
1 7548 8454
1 979 7038
0 9770 8575
0 3460 6398
0 1247 6407
1 2364 608
0 6888 2051
1 6123 9750
0 7961 8290
0 584 264
1 8219 9425
1 3065 1877
0 3058 9564
1 4773 774
1 1705 3011
0 2096 1241
1 3289 6225
0 3498 2116
1 1008 2759
1 3629 9374
0 8604 3009
0 7019 1951
1 3793 2024
0 4309 3958
1 4418 1823
0 8371 4872
1 7137 2343
0 4594 8237
0 3816 1976
0 5856 8122
1 831 6963
0 3425 4434
0 7568 4701
1 3484 9788
0 1418 4785
0 8607 9131
0 4121 8701
1 1145 6710
1 3732 9506
0 5296 3174
1 6445 5880
1 216 2921
1 5793 8995
0 6199 3851
1 6743 1775
0 3766 8249
0 613 1479
1 7507 4344
0 8414 8349
0 7271 3757
0 5313 2001
0 3405 539
1 3029 792
0 5783 3179
0 262 846
1 9188 6102
1 7402 4583
1 7461 4089
0 8583 5683
0 3712 5234
0 4884 416
1 5015 1846
0 7558 4383
0 1918 3856
0 8136 9896
1 6753 1048
1 6142 4456
0 6091 7674
0 7232 1383
0 5367 4262
0 796 5652
0 2803 4920
1 9567 90
1 6990 9954
1 6478 5431
0 261 1104
0 5309 7044
0 5873 6269
1 6034 2522
1 9577 2331
1 5457 5808
0 5828 1812
1 4753 1900
1 1090 7189
0 8148 2497
1 4666 7881
0 9814 2212
1 2093 5645
1 6901 3264
1 8163 1919
0 9276 8057
0 5387 311
1 1802 2096
1 3676 1814
1 6835 5063
1 7827 3268
1 5368 923
1 643 2346
0 8831 438
1 9326 2668
1 4220 6280
0 7481 5782
0 1860 712
1 2758 8800
0 7939 5815
0 7836 7580
1 7733 6373
1 4516 893
0 1125 2904
1 2249 4883
1 851 8141
1 965 1242
0 6669 415
1 4037 9259
1 8972 8245
1 3689 917
0 6127 5548
0 5811 3187
1 3867 900
0 6991 4305
0 5626 6909
0 4177 3015
0 8398 5037
1 5111 2090
0 3158 7317
1 2542 9134
0 8023 1858
1 1784 7031
1 2012 4854
1 267 246
1 3444 7854
1 7208 2963
1 1540 2896
1 8854 3488
1 194 18
1 4022 6053
1 5652 9053
0 3829 5554
0 2009 2486
1 6567 7586
1 3679 5050
0 9213 7824
1 5092 7835
0 7828 2714
1 6330 8738
1 8679 5748
0 991 3948
1 6293 3269
1 4311 3440
0 7097 82
0 1466 2747
1 9591 8839
1 8599 6261
0 6259 1549
0 7583 8835
1 3313 689
1 867 9566
1 9407 1143
1 5297 2944
0 9984 6990
1 8362 4567
1 7610 1745
0 1821 805
0 6905 3781
1 3789 6674
1 6861 4651
0 5256 7576
1 8360 1264
1 8449 5260
0 9934 5765
0 2695 8034
1 7618 9813
1 5911 147
0 9199 8561
1 8075 2158
0 7302 3454
0 9661 4792
1 8209 4583
1 3094 2132
1 5487 8542
0 6598 3889
0 6875 8568
0 8677 8906
0 7497 9604
0 157 9213
1 8766 8594
0 3540 4421
0 740 6960
0 7233 9589
1 4572 5387
0 3084 6866
1 9007 2392
0 9985 7754
0 4398 8463
1 2572 404
1 6930 559
1 2476 5365
0 4149 6885
1 8750 1097
0 9376 8594
1 6409 7256
0 9439 5917
0 4837 5770
1 4320 3428
0 519 7357
1 9406 316
1 1901 7595
0 4377 5590
0 285 727
1 3431 816
1 3941 7251
1 4380 6030
0 9209 9884
1 1700 9594
1 1115 7354
1 9469 305
1 2758 7557
1 2012 9240
0 4251 5792
0 5942 6985
1 2848 1977
0 7773 5839
1 5400 6854
0 973 4034
0 7970 8827
1 9295 4008
1 1056 9448
0 4951 8565
1 1866 9348
0 1203 5593
0 6314 6104
0 3488 5439
1 674 9051
1 4581 8924
0 3347 5890
0 5507 7193
0 1627 1396
0 5282 2479
0 8472 1994
1 5138 9960
1 4898 655
1 7801 9590
1 3855 1416
1 8554 4728
0 2358 3967
0 5320 4123
0 6927 301
0 2628 3961
0 6977 6892
1 1710 5803
0 4260 2024
0 737 6234
1 6394 9223
0 9749 8873
0 727 7997
1 1893 6453
1 3336 7436
1 9896 4315
0 8878 6840
1 6511 3127
1 8772 2371
0 5734 5135
1 9759 5221
0 1052 1722
1 3090 7861
0 388 896
1 2125 1799
0 9095 5419
0 4819 2584
1 6867 2554
0 159 4597
1 3046 523
0 345 7950
1 3241 3720
0 8053 2425
1 9702 7349
1 3065 7512
1 6283 3655
0 5570 1055
0 313 8255
0 9484 2754
0 1102 572
1 1119 731
1 3647 904
1 1182 3478
0 8503 6431
0 5904 2122
1 6921 5998
0 2291 4002
0 8513 9690
1 8427 2099
0 6392 1120
0 6139 7615
1 238 3395
1 5809 7419
0 4218 4141
0 9500 2210
0 9612 7156
0 7218 3761
0 3584 4893
0 2272 7599
0 7416 919
0 980 6859
0 5448 3663
0 7413 4479
1 1994 9522
1 7468 2039
1 8782 601
0 8545 7575
1 5683 3785
0 9519 4508
1 8721 6159
0 622 3464
1 1376 4188
0 7924 2532
0 2893 2006
0 4711 5583
1 1960 7790
0 5743 3032
0 3650 3900
1 4565 7274
1 248 7973
1 1000 6037
0 1035 8105
1 7918 4815
0 1774 5200
0 2003 9603
1 3749 6867
1 203 775
1 9366 66
1 7260 7236
0 5379 3655
1 7937 2183
0 8171 7908
0 4511 8912
1 1839 4215
0 4947 5500
0 6499 380
0 3371 4753
1 7776 4562
0 8113 3968
1 9797 1000
1 3700 1035
1 7137 1582
1 2192 7975
1 4820 8419
0 173 8329
0 2545 3154
0 554 762
0 3709 7557
0 8463 7031
0 102 9443
0 8806 4971
1 3519 1202
0 3000 9335
0 3465 5980
0 9490 3496
1 9273 4584
0 4463 742
1 4943 8227
0 9766 9514
0 2521 440
1 5198 7234
0 593 6638
1 3640 3222
1 4502 3232
1 6031 7091
0 6306 4887
0 4375 1076
0 8705 9763
1 5454 9780
0 7005 7820
1 8181 2878
1 7964 6064
1 4729 9591
0 6094 3983
1 1754 812
1 5609 2811
1 3774 1328
0 2055 4350
1 8654 2723
0 3091 2638
1 3536 5617
1 4950 1708
1 2900 4981
1 6702 4920
1 9824 8994
0 7057 5765
0 3659 8129
0 25 5104
0 6992 5313
1 6867 1352
1 1554 4254
0 5502 4372
1 4748 2269
1 9567 2467
1 2742 4289
1 3150 3249
1 1625 4395
0 6207 8873
1 3973 984
1 6329 5680
0 7784 1454
0 4142 5201
0 6260 2694
1 6219 2893
1 8273 1837
1 1421 1793
0 7290 9101
0 6928 7420
0 5204 9648
1 583 3162
1 8358 937
0 4826 6683
1 452 8062
1 385 8351
0 6553 5079
0 6328 6748
1 1962 8498
1 3776 8373
1 5257 8767
0 6511 4168
0 4592 8961
1 7096 7215
0 5748 5096
0 7165 3519
0 2787 6090
0 1475 3431
1 1125 1305
1 1436 5200
0 1580 2877
1 3932 1719
0 1293 959
0 3516 8054
1 9593 1054
0 4258 7038
0 4715 1987
1 4361 69
0 332 9006
1 297 1351
0 1340 3644
1 249 949
1 6169 2036
0 7155 6235
0 8585 5827
0 1694 1741
0 4632 9680
0 71 6502
1 2054 1102
1 1451 2372
1 3733 149
1 7476 6593
1 1585 236
0 5494 2330
1 1547 5806
1 4367 8173
0 1264 4674
1 6721 3042
0 6646 2706
1 8025 8952
0 963 6192
0 5237 2515
1 2168 6988
1 8649 2124
0 5281 5242
0 6227 5384
0 8088 1964
1 9394 3746
1 4701 2929
0 4235 2208
1 6038 5285
1 7570 356
0 6876 9750
1 9869 6292
1 5603 5388
1 8428 9211
1 4482 2147
0 7509 1917
1 4238 6315
0 9739 3313
0 5439 7481
1 3247 3609
1 2059 1280
0 7502 2521
0 6997 5334
1 3027 5820
1 9454 8259
1 7051 8762
1 357 9322
1 5277 6920
0 8344 805
0 325 6620
0 8907 7256
0 5783 1400
0 8900 3260
1 2142 3171
1 4867 5507
1 4234 4632
1 9341 5218
0 2226 5057
1 9604 873
0 5042 628
1 9552 6532
1 9279 576
1 3526 88
0 2952 4306
1 9468 1519
0 6741 7678
0 1236 9202
0 7073 7274
0 552 3171
0 3171 2056
0 6306 9035
1 607 2745
1 7565 4944
0 6739 3205
1 5826 4501
0 6362 6225
0 2145 5208
1 8174 813
0 3087 8552
0 650 6528
0 356 5962
1 8690 7112
0 5295 7690
0 6978 3981
1 9726 2515
0 9572 9245
1 4908 5487
0 3417 6043
1 9916 8662
1 4646 2744
1 1170 7331
0 6651 2495
1 5274 2614
0 6563 4474
1 8231 3294
1 6479 9615
1 3131 653
1 3537 3087
1 4149 2777
1 9972 6032
0 5633 3314
0 6652 1529
0 8403 5609
1 5189 6648
0 2509 5337
0 5999 6475
1 4501 5801
0 3356 4816
0 4191 5666
0 3982 2402
1 6009 6666
0 6411 76
1 6760 3587
1 73 5871
0 1778 434
0 2994 1211
1 656 1533
0 6627 177
1 1097 116
1 7740 7528
0 9902 5304
1 8351 6698
0 4761 6394
1 21 4510
0 7405 7576
1 652 1465
0 3207 3033
0 1909 8982
0 2335 99
0 2232 422
0 7226 9327
1 383 483
0 136 85
0 5757 7296
1 6052 4611
1 9566 7526
0 6294 4495
0 7863 6701
1 9690 7501
0 2653 9438
0 9711 1
1 662 6107
0 5395 1054
0 990 5931
0 8911 6846
0 4221 4676
1 4433 8902
1 3446 5631
1 1904 8714
0 3090 7866
0 9490 7285
1 4354 8239
1 2798 4420
0 6017 1786
1 5588 783
0 3905 5948
1 3891 2018
1 9237 94
0 9756 7261
1 9908 8572
1 5578 6106
1 7 3896
1 6657 5756
1 2200 7706
0 6598 5873
0 356 1652
1 2451 7312
1 8012 5484
0 9353 2577
1 650 8288
1 7505 1146
1 5317 1657
1 4914 9400
0 9191 1296
0 5004 6973
1 1455 6335
0 3035 9096
1 1395 9933
0 6768 2132
1 4529 5590
1 4817 4116
0 9933 8643
0 7094 7082
1 2881 1366
0 2796 2246
0 8899 2210
0 8689 5241
0 4933 9385
1 7684 6607
1 6378 9320
0 3901 8469
0 5034 4954
1 2153 410
0 9509 4189
0 1818 1738
0 1175 4645
1 4127 4341
1 5551 5469
0 2287 3490
1 5337 2993
1 1541 3135
0 6116 6201
0 7821 5720
0 3599 6895
1 5051 1945
0 1963 8786
1 7983 9279
1 9386 2380
0 2768 1981
1 3968 6006
0 7825 2103
0 2909 9477
1 3542 9201
0 8199 4142
0 4885 7166
0 7752 6288
1 8783 7226
1 8499 7763
1 6141 2564
1 363 6706
0 1071 4524
1 2520 9763
1 8183 6086
1 609 9715
0 9808 5277
0 7730 5016
0 3009 8
0 5182 7773
0 1255 940
1 9928 4194
0 3348 8250
1 4231 9033
1 9650 7209
1 2225 9187
1 5771 7169
0 1519 4622
1 917 5965
1 8615 3744
0 3273 3392
1 9820 8638
0 6764 9918
0 3691 8127
0 6800 6313
0 1018 2805
1 5016 6576
0 8055 4847
1 4391 4482
0 1868 4567
1 890 9647
1 3813 3543
0 8554 3884
1 6569 6449
0 2706 6187
0 1505 4381
1 5685 7068
0 8377 7700
0 6961 8063
1 2795 4840
1 4581 1487
0 5974 6201
1 1597 8958
1 8075 366
1 1417 9942
0 2660 5693
1 1928 5062
0 730 3469
0 6012 4082
0 3202 7096
1 5926 6961
0 9519 5732
0 1718 7518
1 2532 8693
1 6001 7004
1 2082 1941
0 8219 1153
1 2883 3962
1 2589 5075
0 5249 9766
0 8716 3102
1 2243 9864
0 8169 3689
1 744 4482
1 2223 2981
1 204 5536
1 6361 6807
1 3100 9668
1 2962 7301
0 9332 8520
1 9035 323
1 2906 4506
1 2427 4652
0 1123 9851
0 8549 226
0 5477 4079
1 1747 5190
1 7275 6389
1 3455 2544
1 9454 7857
1 3583 3005
1 2223 5535
0 1008 8892
0 8034 1995
1 8984 5358
1 3563 4591
0 3906 7458
0 762 4490
1 9054 1708
0 3981 5794
0 9979 6584
1 5425 7657
1 6654 9399
0 1087 2093
0 3255 5778
0 4070 2184
1 5404 6500
1 5295 1049
1 9730 9937
0 1706 4750
1 5976 361
1 2861 4036
1 8430 4707
0 3323 2937
0 5341 9723
0 2326 7911
0 2482 450
1 8057 9071
1 690 8910
1 6036 1170
1 5507 8586
0 7969 8416
0 1198 4525
0 6556 1905
1 7313 4045
0 8339 9373
0 4325 1836
1 4556 9378
1 3065 8883
0 8097 3507
0 9579 5510
0 2685 3256
0 3270 82
1 4628 3134
1 9892 2876
0 7584 3253
1 2412 5054
1 7239 3178
1 135 5565
0 4649 715
1 25 5736
0 3602 5235
0 886 7010
1 9829 6549
0 5881 7778
1 1529 7269
0 7100 9042
1 4014 5984
0 6945 7291
1 9183 9723
0 2814 2198
0 459 9800
0 8483 3024
1 7226 3948
0 1107 7940
1 9055 768
0 7063 7679
0 9143 8077
0 3375 2716
0 2191 9843
0 4133 8617
0 9438 8462
1 2022 9862
1 2838 2837
1 4532 4505
0 2882 9492
0 3380 8955
1 9195 7711
1 4518 1755
0 3601 9195
0 7496 3334
1 198 6952
1 7895 1526
1 2586 1832
1 4814 9823
0 1881 6579
0 1781 1390
0 9176 2894
0 3045 6137
1 5036 7410
0 6163 110
0 8600 8335
0 4684 8462
0 702 2521
0 1508 2443
0 3037 5759
1 7654 595
0 7388 4907
1 2035 8094
1 9368 4590
1 9851 5633
1 2520 8855
0 4705 350
0 809 9518
0 4127 247
1 8862 7173
0 3315 3979
0 7561 6992
0 4577 2994
1 2168 8645
1 7890 9812
0 9647 8352
0 8814 539
0 6175 93
0 6914 9621
1 4662 6921
1 9545 9472
1 882 6672
1 8090 2098
0 6717 3085
1 2591 6837
0 8579 4522
0 2628 2294
0 6096 6290
1 9868 2142
1 9150 7068
1 3621 7216
1 9447 5992
1 2982 5236
1 7612 1626
1 2410 4387
0 7095 7022
1 6384 5033
0 8710 244
1 8126 6201
1 2838 9718
0 3960 447
1 7918 5987
1 2898 8045
1 8920 5924
1 8821 4641
1 853 8693
1 5142 9059
0 7197 5415
1 3388 7422
1 8565 6461
0 2450 927
1 9048 6562
0 1882 6959
0 2377 8082
0 1197 7113
1 9080 1215
1 3842 3330
0 1819 1247
0 249 6581
0 9805 1196
0 3153 6395
0 9287 6283
0 4351 7127
1 495 4022
0 5313 8851
0 7328 5178
0 8628 9801
1 9965 5617
0 7776 7314
1 2393 3699
0 9984 5137
0 988 2049
1 2310 4866
1 6374 7140
0 5309 3794
1 6659 8473
0 2730 7341
0 6457 6458
0 3291 5330
0 1918 6015
1 6755 6056
1 4141 8328
0 6738 6355
0 3669 41
0 6334 9725
1 2325 3833
0 874 9247
1 3635 1488
1 7700 1791
0 4275 4769
1 4007 1692
1 1528 3602
1 1370 4742
0 8282 2778
1 535 6102
0 6032 9135
0 3201 4735
0 3868 1695
0 8692 6578
0 9184 1803
0 2559 6414
0 4291 3461
1 3477 3695
0 5701 8332
0 9397 5599
1 4413 9200
1 2342 7029
1 9863 9723
0 2886 831
0 1922 184
0 5289 6158
1 347 7191
0 5292 511
1 9174 8745
1 6336 6403
1 3334 1914
1 1649 9173
0 1106 6526
1 4044 1588
0 6389 8609
0 3373 5696
1 3187 606
0 7840 3269
1 7109 2705
1 4448 7294
1 1637 9428
0 5153 7609
0 7264 3403
1 8356 5766
0 5775 6937
0 9267 3651
0 2832 3912
0 6494 8768
0 5209 8784
1 7472 8161
1 4686 1122
1 7683 7607
0 2964 3321
1 8223 2083
1 4713 179
1 3631 9050
1 7102 3701
1 8895 3403
1 9849 4980
0 1072 1155
1 4216 3328
0 980 730
1 5307 7677
1 8905 9360
1 4655 4297
1 5623 2044
0 192 6681
0 8393 8966
0 8014 7390
0 5626 9022
0 6959 1079
1 4602 1686
0 5588 2865
0 6144 9810
0 3548 8686
1 1366 127
0 3221 6084
0 28 9466
1 6334 1161
1 3320 1873
0 2965 7141
1 6850 1963
1 639 2323
0 7358 3771
1 7990 6699
0 5045 3673
1 7387 766
1 5519 1228
1 4614 5956
0 589 9984
0 4071 7372
1 3415 7588
0 1944 2935
0 8714 9929
0 3433 789
0 3602 4533
0 8594 7742
0 7175 3427
0 5226 5413
0 3214 5210
0 6369 6781
1 1913 403
0 7075 3293
1 2781 7203
1 1025 7523
0 1917 1321
1 2245 4866
0 830 7384
0 5316 6264
0 7328 6480
1 7516 9691
0 7258 1555
1 1577 671
1 3510 9499
0 2533 8561
0 7674 5202
1 9343 7747
1 824 8374
1 7114 3898
1 8148 5614
0 2997 540
0 5934 3360
0 914 5713
1 6331 577
1 7418 499
0 3229 9344
1 5473 389
0 8231 4380
1 554 4403
1 7312 7599
0 2392 8046
1 7010 722
1 7436 5925
0 9821 278
0 84 1119
1 2434 2765
1 7190 1903
1 4128 7266
0 7327 4883
1 8995 5479
1 1828 6643
0 2582 1497
1 8973 1957
1 6747 2865
1 7473 8491
1 4827 2405
0 6396 953
0 5273 3111
0 5128 9061
0 2744 1053
0 6325 6910
0 9296 3862
1 2087 7478
1 1652 504
1 695 6905
1 4487 4764
1 8032 102
0 3219 8041
1 2481 8432
0 5035 4272
0 8160 9025
0 2979 9937
0 3141 5928
1 1631 5781
0 9165 4632
0 7671 7181
0 3216 8603
1 4515 3399
0 1522 4311
0 4703 6715
1 5676 263
1 5418 302
0 5198 8047
0 9170 2936
1 1644 1773
0 7768 97
0 8868 8702
0 8971 8990
0 9643 3436
1 5998 8814
0 62 334
0 7627 8153
1 8412 9816
0 8994 9180
0 1820 7956
0 1456 2896
1 197 5498
1 3008 6221
1 3153 2337
1 8464 6206
0 209 3675
1 4918 3487
0 4409 7028
1 5473 1973
0 9954 4722
0 9474 6824
1 6791 7577
0 295 4743
0 2940 9526
0 7585 1897
0 2232 7765
0 144 2464
1 788 3269
0 6622 6765
0 6108 8911
1 1872 8798
1 8809 2614
1 5408 8856
1 1206 4391
0 6632 8598
1 6279 3386
0 3964 8374
1 7264 1321
0 9180 6731
0 1056 3487
1 1486 6745
0 5419 4941
0 108 1185
1 3758 4901
0 1662 9809
0 7238 7273
1 4586 1355
1 5310 8592
1 4314 7744
0 2234 656
1 9383 7993
1 6713 8400
0 6269 4918
1 830 3017
0 946 8284
0 5949 7048
0 1042 8075
0 449 1970
0 7658 991
0 9808 6231
1 4251 418
0 4192 2585
1 1470 6624
0 5324 9478
0 4345 8058
0 8285 9138
0 8517 1120
0 2442 9980
0 3111 2903
1 4165 5224
1 831 8434
1 4858 4006
1 8505 8171
0 4643 5717
0 1605 259
0 3897 9834
1 3368 1852
1 2208 4803
0 7243 5693
0 2018 4991
0 6961 9249
0 8823 5410
1 5815 6412
1 9467 6547
1 4542 7900
0 8177 9580
0 5569 6542
1 99 8984
0 5353 3101
0 8754 5620
1 3358 3973
0 8052 251
0 1319 6800
1 4882 8494
1 3365 6374
0 6330 3190
0 6928 8076
1 4669 4213
1 3728 959
1 5565 2685
1 4989 1370
0 7896 1281
0 433 6151
0 1770 6642
0 9874 8470
0 6107 7961
0 4774 2787
1 2454 7226
1 649 1951
1 4376 7372
1 76 7449
1 9135 4209
0 2871 4220
0 8088 5008
0 9702 4064
1 7400 1794
1 1367 1649
0 7509 6535
1 406 6526
1 7745 6625
1 9537 707
0 6344 6629
0 3387 7715
0 8230 3156
1 2237 5176
1 1683 5959
0 3429 6256
1 2771 2743
1 5373 7208
1 1680 6459
1 9308 3514
0 6930 8518
0 9503 4342
1 5634 7128
1 926 3459
0 6856 593
0 7870 1239
1 4345 2744
0 6035 5281
1 8014 8940
1 2707 8405
0 5584 2614
1 7493 5015
0 2634 7771
1 6993 8870
0 7049 7566
0 47 2747
0 4046 3098
0 285 5250
0 7372 5515
1 4153 4941
1 8971 674
0 868 4606
0 207 9680
0 7361 1251
1 4623 4047
0 8087 6469
1 1569 1837
1 9500 6340
1 5560 44
0 5250 6892
0 7861 666
1 6906 6450
0 1039 181
1 7640 3684
1 8342 9749
0 3596 6414
0 681 8041
1 1471 3970
1 8910 285
1 3567 436
1 7463 4056
1 4783 8363
0 4984 7390
1 6224 6573
0 8162 6441
1 6586 707
1 9788 5804
1 8325 3660
0 5722 6894
1 9965 4984
1 531 537
1 3665 1485
1 5435 6817
0 7386 8853
1 6352 6775
0 5188 1842
0 9197 3043
1 2615 4118
0 1158 9010
1 6786 1553
0 8521 5399
1 4960 5664
1 3443 7042
0 7893 7740
1 4677 2186
0 9166 6913
1 3012 4325
0 4694 3876
0 1519 6752
1 1006 9916
0 3646 713
0 3417 2861
1 2739 4577
1 5645 5834
1 6317 156
0 6 7447
0 8959 6830
0 3595 4986
0 4924 6480
1 5574 539
0 3148 2316
1 6664 1754
1 8775 3442
1 96 9747
0 1503 8942
1 2911 8307
1 8296 7248
0 6457 8860
1 2228 1299
1 963 1592
1 6554 3550
0 7861 8774
1 7642 6403
1 1720 9331
0 5017 1923
0 4796 4217
0 8622 4912
1 8470 7762
0 236 2636
1 2916 1381
0 5708 2662
0 264 6995
1 893 6349
1 1112 8838
1 9379 5504
1 5902 7601
1 957 5173
1 5464 4322
1 1828 228
0 8568 1938
1 3631 621
1 5545 986
1 8360 7471
0 4639 4444
1 1988 3728
1 8712 6810
1 1807 789
0 5359 2170
1 2422 8989
1 6288 3251
0 8672 7566
1 4634 1470
1 3849 3478
0 5007 9532
0 8627 4936
1 8686 577
1 2722 5802
0 1976 2919
1 6725 1605
0 2530 6241
1 6290 6916
0 457 1207
1 9137 4398
1 8887 2633
0 8628 1349
1 9119 1928
0 1084 4430
0 8940 1410
1 1000 1246
1 5708 7527
1 6756 1776
1 3765 6999
1 8534 3214
1 8855 9097
0 809 699
0 5754 4885
1 682 1148
0 9802 9685
0 2013 2378
1 8463 8182
1 2651 6298
0 1453 5101
1 7178 2344
1 8359 3868
0 9841 6057
1 4480 351
1 2197 4910
1 470 8885
1 9561 2938
0 1835 7426
0 5650 1143
0 6342 4420
1 2347 2999
0 7638 4138
1 8277 4346
0 6811 369
1 6898 367
1 2125 9240
0 5894 7786
1 7026 4693
1 4035 8765
0 7620 7651
0 224 85
1 6564 4797
1 5218 258
1 3605 5562
1 3551 4475
1 2515 1533
1 751 8318
0 3311 4976
1 1160 5446
1 600 5742
1 2212 9601
0 3362 6746
0 740 1906
0 928 6500
0 2261 6775
1 5245 2043
1 3128 9105
1 2142 7320
0 1445 3730
0 2265 9221
1 3356 2429
0 888 3355
1 8580 6967
0 6028 262
1 4819 3748
0 114 2818
1 3293 3657
0 4067 7838
1 8653 5465
0 9676 6634
1 9784 5243
0 3414 9492
1 3548 8353
0 2047 7008
1 5524 548
1 1390 491
1 1224 1572
0 1743 8707
0 6270 9425
0 801 7410
1 589 4431
0 975 2293
1 9347 9400
1 7306 6848
1 7395 9110
0 1195 506
0 8463 8461
1 6021 801
1 8734 3355
0 5178 2116
1 321 2959
1 5039 5695
0 8593 7985
1 6678 3669
0 3439 9449
1 4193 9651
0 783 2728
1 4056 3129
0 7286 8378
1 9713 4501
0 6951 4301
1 9341 9102
0 3946 5160
0 7405 8494
0 8047 5143
0 8912 9175
1 7873 9014
0 5661 4689
1 4909 870
1 1980 1098
0 540 9585
1 8531 433
0 10 3633
0 7330 7503
0 2087 475
1 755 5415
1 2441 2000
0 6381 102
0 9556 1789
0 6349 1528
1 4906 7282
0 2375 8601
0 8794 5007
1 287 1602
0 7969 8632
0 7840 66
1 2539 4831
0 6138 6453
0 4405 3804
0 5531 5612
0 3995 488
0 5883 4186
1 5778 4479
0 7624 4023
0 1943 983
0 1916 6491
1 4103 2313
0 4250 5188
0 6544 5258
0 4264 9479
0 9972 6512
0 5477 3712
1 4999 8693
1 4976 3762
1 1117 5993
1 8270 2800
1 6764 8597
0 1223 7117
0 4780 248
0 6447 4771
0 83 4972
1 3210 2335
0 2713 4348
1 4528 2794
0 4964 6095
1 1116 5831
0 903 3856
1 6950 9634
1 7825 3328
1 7784 2
1 4940 2559
1 2984 9801
0 2790 6888
1 6764 4501
0 4953 9641
0 9629 5677
0 3608 4171
0 6330 543
0 6987 2784
0 489 7897
0 3247 2893
0 3366 7595
1 676 6414
0 2962 1199
0 1276 9958
0 7969 7338
1 9485 8992
1 4590 6800
1 9180 2665
1 4598 9768
1 3129 9996
1 9823 4039
0 8999 7095
0 4058 719
0 9339 3297
0 5517 6388
0 1129 834
0 2656 864
0 6018 5365
1 5196 1530
1 6359 712
0 3967 800
1 3194 1054
0 9716 9582
0 5522 1859
0 358 2803
0 8098 2768
1 4113 933
0 6357 508
0 8368 3737
1 1032 1287
1 1379 8938
1 7304 417
1 8751 4618
1 7191 5362
1 9069 9771
0 885 7996
1 1544 6403
0 1730 3891
1 4978 6730
1 7428 2541
0 34 2792
1 5215 3243
0 1967 158
1 2270 6721
1 1840 4812
0 4757 3693
1 8997 5964
0 5215 6654
1 4361 5127
0 4353 2768
0 1705 8341
0 8982 8505
0 2626 4077
0 6676 7168
1 9798 8355
1 4189 7459
1 6897 7997
0 9367 4415
0 2152 8856
1 2902 5221
1 8398 6036
1 8138 6105
1 4219 7595
0 6794 7317
1 6530 9303
1 553 7182
1 7502 569
0 4542 694
0 8138 3502
1 5088 1966
0 5015 4147
1 5299 54
1 3093 6712
0 3641 9998
0 220 6818
1 6740 2090
1 6140 7323
0 7038 3183
0 8130 4660
0 6388 405
1 3201 7940
1 7118 174
0 9918 4693
1 3766 1438
0 5580 7819
1 4959 7906
1 3780 4323
1 1303 8781
0 5288 5083
1 3055 3006
0 6354 3700
1 470 7834
0 757 1260
1 2107 3971
0 4405 1463
1 9637 2979
0 2016 6469
1 8063 3563
1 7094 6430
0 7781 5447
1 7820 192
0 1221 6887
1 3509 2056
0 1467 3903
1 3424 7041
0 4892 594
1 9789 5960
0 9978 8619
0 5460 2718
0 6821 6448
0 8016 4330
0 1974 9629
0 5913 2222
0 8673 6011
1 7378 9143
0 6931 3503
0 3050 4118
0 1269 5436
1 119 7626
1 5047 2777
1 8650 3968
1 3513 914
0 8672 4829
0 1540 6391
1 2693 1884
0 5043 2821
0 7138 1277
1 582 2197
1 5989 887
1 6979 5611
1 5050 3346
1 7086 586
0 1350 4171
0 7659 3142
0 2441 5024
0 1416 3076
1 4050 3740
1 7402 2547
0 2359 8183
1 228 4047
0 9011 746
0 658 9825
0 9204 9503
0 866 6157
1 7110 6586
1 5718 6044
0 7676 3411
0 2815 8667
0 1638 2611
0 7781 4049
1 9449 185
0 7885 7726
1 5695 1795
1 8486 817
1 4034 7519
0 9908 950
0 2596 8468
0 1183 9002
1 1737 2216
0 7449 1700
1 2692 6336
0 4348 9528
0 2742 307
1 4451 3620
1 7524 8186
1 7322 576
0 4010 1825
1 4798 8475
1 352 9381
0 7859 9779
1 9194 9654
1 9057 7662
0 4462 377
0 4599 3537
0 2744 929
1 5447 8996
0 3875 9922
1 1098 7014
0 1433 8447
1 8517 3304
0 3663 1942
0 6518 8356
0 9057 615
0 4546 1657
0 5608 7995
0 5825 1998
1 9551 1120
0 6053 9899
1 2953 4550
0 7068 9888
1 9012 4716
0 2480 7695
1 8657 7813
0 3020 3159
0 7474 8020
1 6822 9368
1 6652 6327
1 2138 6993
0 2233 9264
0 125 8962
0 1492 8377
1 2007 9913
0 3674 2415
1 279 7413
1 352 6233
1 5141 1752
1 9265 805
0 8503 6566
1 372 6738
0 9552 6912
1 4043 1778
0 6328 6726
1 8821 9760
1 4166 3059
0 5912 3041
1 3084 4172
0 433 4375
0 7967 8163
0 9792 4244
0 4893 2300
1 8614 6303
1 7280 9588
1 2021 7704
1 4047 9700
1 9719 4036
1 8787 3486
0 6369 435
0 4981 1681
0 4667 6731
0 9688 5079
0 2711 7122
1 3359 339
0 373 622
0 3450 3415
0 380 7251
0 6198 1397
1 7427 3235
1 7290 7090
1 9152 8597
0 6777 5141
1 2043 6605
1 9554 8626
0 3363 2981
1 649 9756
0 7378 7233
0 2914 8214
1 5493 5393
0 9580 7698
1 3461 6346
0 1357 1165
0 4202 1676
1 2497 1453
1 9920 5043
1 1255 2379
0 3607 8797
0 7025 3934
0 6840 430
1 7504 7584
