36 100
1 34 12
1 2 14
0 9 8
1 5 31
0 28 29
0 27 28
1 28 25
0 25 31
0 2 1
0 35 34
1 24 21
0 16 17
0 34 35
0 28 22
0 13 14
1 31 34
0 0 1
1 18 13
1 12 19
0 10 11
0 31 30
1 15 26
0 25 19
0 28 29
0 29 23
0 22 16
0 25 31
0 11 17
1 35 34
0 16 10
0 34 35
1 29 26
0 8 2
1 12 34
1 18 4
0 7 6
1 21 13
0 9 10
0 34 33
1 31 23
1 27 31
0 6 12
1 6 12
0 20 21
0 2 8
1 34 28
0 4 10
1 24 32
1 18 20
0 23 22
1 2 14
1 31 2
1 27 26
0 12 13
0 25 24
0 0 6
0 31 32
1 8 29
1 16 11
1 4 30
1 5 13
0 14 8
0 29 23
0 15 9
1 26 25
0 32 33
0 13 19
0 22 28
0 28 34
0 6 0
1 33 32
0 13 14
0 30 24
1 14 29
1 30 2
1 28 27
1 35 15
0 30 31
1 20 29
1 24 14
0 26 20
0 35 29
1 14 8
1 27 19
0 17 23
1 14 34
0 32 26
1 28 12
0 18 24
1 25 4
0 27 26
1 3 21
0 25 19
1 19 24
0 33 32
0 15 21
1 34 17
0 26 20
0 12 13
1 22 21
