2500 200
1 1254 1755
1 2005 1110
0 804 854
0 1409 1459
0 364 314
1 583 262
1 84 889
1 251 1961
0 1463 1464
0 370 371
1 1220 1620
0 759 758
0 1447 1397
0 99 149
1 1368 782
1 1673 2236
1 377 1303
0 1385 1335
1 441 483
1 2417 749
0 211 261
0 313 363
1 1767 1977
0 96 46
1 948 132
1 1968 460
1 2071 1446
0 1634 1633
1 1837 1934
0 1070 1071
1 592 2373
0 1941 1940
0 887 888
1 723 1327
1 2008 1124
1 526 605
1 1510 1946
0 1229 1230
1 347 244
1 2256 217
0 2343 2344
0 2108 2158
0 1772 1773
0 1405 1355
1 302 1132
0 1272 1222
0 926 976
1 250 351
1 2461 1341
0 1906 1956
1 9 442
1 2468 103
0 442 441
0 1134 1084
1 1097 2484
1 96 1661
0 2378 2328
1 717 1626
0 1328 1378
1 1761 1476
0 895 896
1 1916 1104
1 2028 518
1 2216 359
1 2416 630
1 385 2338
1 1773 200
1 1666 2262
0 627 628
1 570 2351
0 1425 1375
1 39 27
1 2340 1572
1 1318 794
1 1557 651
0 487 488
1 2271 465
1 2107 324
0 1911 1861
0 809 808
0 1317 1267
1 213 2350
1 2084 426
0 2388 2338
0 307 357
0 2194 2144
0 166 167
0 1153 1152
1 661 1693
1 1181 276
1 1979 788
1 733 990
1 407 1487
1 2318 363
0 1942 1941
0 374 373
1 2396 2003
1 1365 1843
1 1580 1656
1 1433 1453
0 1538 1488
0 2423 2373
0 205 204
1 444 933
1 2279 460
0 985 986
1 1095 576
0 1481 1531
0 371 372
0 2370 2371
1 457 699
1 871 2022
0 879 929
1 172 293
1 943 2018
0 576 577
1 635 1365
0 231 230
0 1934 1933
1 873 1131
0 2382 2383
0 498 497
1 2237 450
0 1126 1176
0 257 258
1 123 2068
1 1380 114
1 394 2087
1 537 1602
1 1633 72
1 1511 1229
1 1556 1127
0 141 191
0 406 456
1 2232 103
1 1405 918
0 535 585
0 301 300
0 1960 1910
0 1044 1094
1 1533 336
1 1438 1757
0 2439 2438
1 1024 386
0 147 97
1 593 1294
1 1535 211
0 136 186
0 1980 1930
0 611 661
0 619 569
0 886 887
1 1653 142
0 2202 2252
0 1067 1066
1 2419 469
1 1984 2422
0 1526 1525
0 2285 2286
0 343 393
1 2366 1306
1 2310 2323
0 143 93
1 1016 2473
1 1698 645
0 2433 2383
1 698 386
1 0 2419
0 1697 1698
1 826 1964
1 716 1846
1 965 1191
0 1440 1439
0 69 68
0 1876 1877
0 783 782
1 886 1185
1 5 1331
0 2144 2094
1 2076 915
1 1456 2076
0 1011 1061
0 2024 2025
1 1491 953
1 1944 764
0 1739 1789
0 2221 2171
1 1369 970
1 1739 2456
1 558 502
0 1821 1820
0 1471 1470
0 1813 1863
0 728 778
0 1143 1144
1 517 998
0 1560 1610
0 1577 1627
1 243 2361
1 2003 1043
