25 100
0 11 6
0 18 13
0 2 3
0 6 11
1 3 9
1 0 10
1 15 12
1 22 10
0 6 7
1 0 9
0 15 20
0 18 23
0 16 21
0 17 12
1 18 17
0 3 8
1 16 18
1 5 9
0 15 16
1 9 7
1 0 17
0 24 23
1 22 12
0 23 24
0 12 7
0 3 2
1 19 20
1 19 10
1 6 14
1 14 13
1 11 8
1 15 19
1 0 3
0 1 2
1 9 10
0 11 16
1 0 6
1 17 3
0 12 11
0 9 4
1 4 9
1 24 9
0 9 14
1 7 18
1 18 16
0 22 23
0 18 23
1 0 10
1 20 3
0 20 15
0 10 5
0 2 7
0 24 19
0 4 3
0 23 18
1 23 13
0 10 15
0 3 8
0 17 18
0 5 6
1 14 19
0 1 6
1 22 13
1 10 6
0 19 24
1 7 8
1 22 7
0 16 11
1 9 19
0 2 3
0 21 16
0 3 2
1 15 9
1 23 9
1 9 22
0 3 2
0 6 11
0 8 7
0 6 7
0 24 19
1 17 1
1 11 0
1 6 19
0 15 16
0 17 18
0 6 7
1 19 4
1 13 20
0 19 18
1 13 9
1 6 7
0 6 5
0 5 6
0 5 10
0 19 14
0 13 8
1 20 10
1 15 8
0 9 14
0 21 16
