100 100
1 40 76
0 54 64
0 55 54
1 97 50
0 58 48
1 75 65
0 32 31
1 8 99
1 69 24
0 80 81
0 61 51
1 19 64
0 34 33
0 77 67
0 37 27
1 37 21
0 95 94
0 95 94
1 75 43
1 22 91
0 14 4
1 14 37
0 25 35
0 42 52
1 57 27
0 65 55
1 73 53
1 86 17
0 65 64
1 28 25
1 10 13
1 44 11
1 15 67
0 37 38
0 15 5
1 88 66
1 1 42
0 5 6
1 67 31
0 40 30
0 32 22
1 52 61
1 2 48
1 96 2
1 75 3
0 83 84
1 11 87
0 99 89
1 22 15
0 98 88
0 21 22
0 37 47
0 60 70
0 58 68
0 28 18
0 86 87
1 21 23
1 21 98
1 16 14
1 18 40
1 28 11
1 78 56
1 28 42
0 19 29
1 37 95
1 47 36
1 42 6
1 63 56
1 1 16
1 72 55
1 47 34
1 75 79
0 8 18
0 99 89
0 60 61
0 42 41
1 50 81
0 68 78
1 54 21
1 42 79
0 45 46
0 31 41
1 99 80
1 21 42
1 47 62
0 65 66
1 85 84
0 87 97
1 3 69
1 99 1
1 90 22
0 44 34
1 41 57
1 89 72
1 54 50
1 27 9
1 70 13
1 7 57
0 27 28
0 23 22
