49 100
0 43 36
0 31 24
0 10 17
1 31 2
1 21 4
0 14 21
1 6 0
0 23 24
1 17 0
1 25 7
0 33 40
0 28 35
1 34 9
1 43 5
1 44 14
1 47 24
1 44 34
1 6 25
0 26 19
1 17 47
1 35 33
0 18 17
1 40 7
0 27 26
0 42 43
1 45 32
0 13 12
1 47 7
1 24 41
0 10 9
0 17 24
0 35 28
1 22 42
0 16 23
1 5 25
0 18 25
1 16 27
1 44 48
0 44 43
1 19 16
0 9 2
1 17 9
1 40 20
1 7 17
1 31 12
1 16 18
0 18 19
1 37 5
0 24 23
1 16 40
0 6 13
0 31 24
1 31 9
1 34 6
0 33 26
0 22 23
1 0 32
1 48 26
0 36 35
0 34 41
1 40 8
0 4 3
0 8 15
1 37 1
1 34 11
1 37 6
1 23 3
0 8 9
1 48 34
0 30 37
0 31 30
0 16 17
1 43 27
1 36 43
1 4 27
0 47 46
0 4 11
1 40 18
0 21 28
1 41 32
1 7 21
0 36 29
1 3 35
0 31 24
0 22 21
0 8 1
1 45 21
1 16 18
1 46 42
0 34 41
1 24 16
1 38 16
0 24 23
0 44 43
0 41 34
0 30 37
0 25 24
1 32 20
0 12 5
0 2 9
