1000 500
1 947 19
1 442 969
1 876 395
1 86 376
0 817 763
0 242 275
0 795 759
1 359 497
0 633 355
1 403 955
1 713 134
0 739 445
0 472 296
0 881 142
0 871 912
0 841 377
1 998 104
1 732 422
0 803 323
1 444 45
1 771 651
1 742 346
1 806 638
0 501 462
1 77 150
1 861 767
1 588 647
1 836 834
1 267 626
0 729 559
0 39 515
1 596 797
1 92 2
0 604 591
1 168 371
1 947 934
0 999 72
0 604 431
1 602 533
1 304 345
0 598 375
1 604 115
0 697 695
1 610 963
0 248 347
0 177 147
1 126 364
1 294 756
1 591 680
0 100 491
1 517 246
0 730 833
1 249 884
1 346 535
1 162 717
1 842 158
0 303 923
1 770 475
1 78 800
0 243 896
0 692 445
1 644 199
1 325 331
0 758 412
0 373 832
1 739 59
1 213 859
0 226 543
1 121 387
0 443 88
0 207 268
1 678 311
0 679 893
0 986 956
1 837 201
0 321 451
0 870 205
1 345 575
1 867 224
1 574 355
1 205 818
0 328 141
0 902 683
1 625 499
1 946 894
0 221 904
0 598 50
1 605 20
0 403 624
1 947 687
0 848 855
0 611 639
0 706 16
0 17 229
1 403 37
0 301 858
1 634 77
1 635 312
1 262 822
1 434 891
0 299 129
1 96 786
1 869 432
0 310 208
1 59 239
0 53 867
0 818 920
1 180 277
1 804 268
1 475 792
1 633 451
0 871 784
1 828 312
1 730 313
1 769 260
0 587 199
0 262 413
1 42 164
0 278 367
0 304 493
1 211 91
1 92 801
0 541 247
0 67 547
0 50 286
1 54 438
0 791 882
0 287 862
1 661 319
1 356 69
1 815 161
0 408 833
0 892 348
0 237 475
1 786 79
0 276 728
1 18 243
1 524 679
1 28 280
1 441 150
0 759 301
0 455 221
0 82 523
0 265 393
0 708 977
1 807 734
0 773 188
0 243 288
0 130 930
1 854 845
0 977 998
1 784 490
0 715 852
0 107 885
1 93 463
1 180 451
1 829 4
1 10 380
0 166 374
1 838 654
0 629 165
1 916 864
0 487 694
0 625 48
0 900 807
0 953 873
1 113 727
1 471 552
1 100 477
1 271 275
1 677 224
1 298 554
0 576 687
0 960 756
1 747 693
0 50 740
1 966 864
1 614 642
0 74 748
0 857 921
1 932 461
0 209 455
1 142 421
0 607 204
1 564 160
1 533 436
1 820 1
0 103 51
1 23 340
1 605 1
1 681 45
0 459 896
0 701 261
1 330 836
1 403 940
1 372 281
0 507 558
1 237 198
0 292 754
1 636 991
1 205 659
0 315 145
0 69 314
0 699 265
0 730 143
1 597 753
1 903 171
0 286 704
0 819 666
0 261 684
1 456 214
1 149 865
1 987 476
0 397 499
1 645 213
1 410 116
1 615 872
0 765 60
1 69 972
1 830 238
1 986 457
0 712 959
0 101 844
0 407 508
1 206 919
0 448 895
1 781 724
1 11 802
1 764 822
0 224 257
1 825 662
1 160 923
1 815 518
1 221 989
1 434 58
1 549 280
0 59 62
1 270 14
0 842 359
0 487 861
1 250 314
0 623 653
0 304 171
0 686 460
1 178 54
1 235 303
0 951 501
0 226 833
0 897 590
0 140 705
0 619 359
1 943 844
1 809 97
1 825 651
1 816 209
1 620 709
0 299 987
0 317 802
1 181 272
1 573 693
0 688 358
1 45 627
0 390 549
0 38 314
1 215 674
1 688 906
1 165 650
1 973 777
1 377 613
1 981 45
0 646 284
0 588 867
1 797 482
0 164 898
0 516 986
1 784 428
0 604 596
0 583 92
0 523 863
1 438 596
1 477 117
0 979 376
0 188 197
1 510 290
0 923 66
0 207 162
1 575 957
1 131 261
1 168 255
0 997 978
1 656 144
0 435 941
1 973 296
0 831 611
0 226 998
1 351 851
1 957 722
1 131 684
1 955 698
0 399 313
1 909 584
0 30 178
1 993 940
1 200 366
1 112 445
0 990 422
1 331 956
1 776 302
0 456 948
1 593 948
0 174 318
0 92 16
0 863 691
1 949 338
1 941 290
0 651 570
0 736 258
1 519 684
0 892 93
1 747 5
1 550 524
1 230 919
0 263 520
0 454 192
1 515 956
0 427 416
0 369 270
0 981 388
0 75 677
1 323 491
0 773 898
1 405 940
0 142 199
0 635 206
1 643 4
0 297 675
0 237 904
0 403 399
1 841 261
1 958 505
1 906 433
0 531 879
0 166 331
1 343 639
0 934 805
0 280 179
0 926 194
1 50 920
0 530 639
1 873 455
0 467 505
1 914 367
0 223 241
0 105 222
0 540 662
1 667 230
1 653 329
0 747 18
1 163 79
1 887 958
1 152 368
0 151 398
1 430 103
1 750 919
0 739 855
1 433 744
1 534 212
1 656 284
0 8 695
0 492 323
0 141 175
1 496 920
0 522 697
1 300 634
1 665 746
1 113 345
0 954 575
0 202 689
0 835 831
0 138 957
1 441 871
0 892 222
0 540 876
1 138 834
0 66 305
0 553 4
0 504 714
0 421 456
0 403 888
1 486 181
1 288 610
0 327 405
0 550 559
1 777 699
0 10 65
0 691 456
1 132 366
1 939 950
0 294 451
0 577 285
0 996 254
1 649 724
0 302 890
0 712 247
0 643 434
1 201 933
1 606 245
1 823 49
0 340 737
0 801 711
1 512 798
0 975 546
0 880 925
1 699 136
0 585 657
0 728 107
1 700 119
0 195 46
0 611 554
1 334 892
0 699 187
1 266 835
0 601 227
1 582 196
0 975 286
1 992 66
1 289 560
1 69 987
1 482 65
0 486 842
1 703 694
0 671 691
0 673 239
1 151 5
0 136 818
1 540 657
1 131 544
1 937 7
0 751 548
1 298 523
1 357 162
1 131 854
1 106 465
1 811 826
1 39 314
0 826 404
1 376 407
0 57 133
1 988 804
0 346 71
0 196 214
0 859 803
1 141 350
1 408 902
1 405 153
1 703 848
1 462 856
1 74 168
0 279 731
0 419 188
0 240 72
1 213 295
1 468 425
1 394 898
0 444 314
0 527 23
0 621 83
0 617 54
0 57 645
1 613 538
0 40 534
1 569 618
0 735 307
1 765 203
0 392 749
0 579 595
0 692 275
0 331 586
0 458 715
0 802 407
0 746 703
1 732 125
0 601 491
1 189 636
0 995 488
1 852 568
1 213 503
0 872 126
1 890 939
1 927 902
0 868 183
0 154 443
0 645 760
1 313 523
0 155 293
0 710 739
0 570 692
0 652 639
0 936 634
0 404 251
