121 100
1 88 8
0 92 91
1 67 24
0 87 86
1 30 11
1 96 51
1 4 112
1 13 10
0 91 80
1 86 2
1 15 104
0 64 75
1 36 31
0 116 117
1 78 31
1 58 63
1 27 110
0 68 69
1 8 49
0 115 104
0 47 46
1 14 35
1 11 100
1 87 51
0 3 14
1 68 0
0 74 75
1 46 20
0 83 72
0 86 75
0 49 60
1 70 71
0 31 20
0 100 111
1 15 88
0 33 22
0 32 31
1 30 69
1 6 23
1 65 76
1 47 8
0 14 15
1 44 39
1 93 33
1 65 30
0 120 119
1 105 107
0 111 112
0 27 26
1 30 41
0 23 22
0 86 97
1 119 15
0 51 50
0 65 64
1 101 19
1 68 63
0 8 9
0 92 91
1 58 39
0 105 104
0 40 29
1 29 84
1 28 41
0 23 34
1 56 95
0 37 26
0 33 34
1 78 45
0 30 31
1 89 71
0 63 62
1 69 82
0 56 67
0 37 36
0 103 114
1 64 62
0 3 2
1 93 28
1 86 55
1 105 21
1 5 61
0 107 118
0 17 16
0 100 101
0 45 56
1 50 97
0 13 12
0 38 27
0 67 68
1 95 31
1 103 62
0 57 58
0 31 42
1 89 54
0 31 30
0 92 103
1 65 71
0 59 60
1 5 100
