10000 1000
1 6071 1747
0 2083 2084
1 5573 1891
0 4351 4352
0 1131 1231
0 7519 7619
0 9831 9931
1 7799 1262
1 8826 4261
1 8722 4305
1 5660 9991
0 1472 1572
0 5320 5319
0 5207 5307
0 6078 6178
0 5947 5948
1 1031 7254
1 2771 1054
1 4702 7916
0 2556 2557
0 6153 6154
0 3534 3434
0 4794 4793
0 9778 9678
1 159 2406
0 1160 1060
1 3784 6369
1 9529 5974
0 2560 2660
0 4373 4473
1 271 8207
1 4167 2068
0 3337 3338
1 3054 9738
1 9271 1686
1 2381 2600
1 206 8152
0 1346 1347
1 9660 2021
0 2408 2407
1 6101 2713
0 6950 6850
0 4454 4455
1 6491 7731
1 8448 7447
1 7027 6521
0 1499 1498
0 5307 5407
1 8087 2991
0 361 360
1 6571 3305
1 7696 5397
1 3325 6165
1 3104 4077
0 819 818
0 6503 6502
1 3886 6975
1 1294 9456
0 2624 2524
1 8186 1131
0 8685 8686
0 8007 8107
0 7053 6953
1 2956 6610
1 3207 5373
0 8437 8436
0 6502 6402
1 816 8526
1 6116 4584
0 7693 7694
1 2024 1730
1 5293 8238
1 3078 5835
1 4957 4348
1 9886 9606
0 1835 1735
0 6424 6524
0 1180 1181
1 3900 6843
1 9685 677
0 4626 4526
1 6225 1930
1 496 2740
0 9642 9643
1 6554 8686
1 9663 9632
0 4632 4732
1 8126 902
0 8503 8504
0 6566 6466
0 5622 5623
0 7999 7998
1 6555 4965
0 4229 4129
0 9730 9731
0 324 224
0 8970 8971
1 7994 9475
1 7450 2024
1 9521 6515
0 8610 8609
0 6620 6621
1 1787 7937
1 7735 1216
0 6121 6122
0 2948 2848
1 5012 7033
0 8900 9000
1 1008 845
1 565 5405
1 1207 340
0 3118 3018
1 6536 3223
1 4024 2179
0 3559 3558
0 8688 8689
0 594 593
1 6512 6017
1 8670 550
1 3581 2820
0 2969 2970
0 9086 9186
0 3894 3895
0 1071 1070
0 6340 6440
1 3919 3688
1 6928 9674
1 6408 8745
1 1604 535
0 1981 2081
0 5016 4916
0 1522 1521
0 5745 5645
0 3013 3014
1 9503 5245
0 5046 5045
0 7729 7629
1 2148 9754
0 8864 8865
0 8465 8466
0 3962 3963
0 9299 9399
1 4832 5741
0 3116 3016
0 9201 9101
1 7854 6884
0 6994 6993
1 3590 8503
0 3855 3755
0 2675 2775
1 5974 3489
0 4913 4813
0 4265 4365
1 5502 5066
0 6876 6976
0 1265 1266
0 6819 6820
1 3778 4665
1 6681 7321
0 3125 3025
0 9122 9022
1 2511 9413
0 9875 9975
0 9743 9643
0 5561 5661
1 982 1312
1 802 5114
1 951 4212
1 6208 7752
0 9975 9976
0 1426 1526
1 7101 3256
1 6247 4650
1 7231 7906
1 5328 7975
0 5935 5934
0 7108 7109
1 4532 2838
0 6712 6612
0 487 587
1 2170 1200
0 1202 1302
0 426 427
1 9197 515
1 6264 2071
0 279 179
1 2707 6505
1 925 8247
1 7271 2015
1 381 5346
0 8601 8501
0 4565 4566
0 2003 1903
1 623 2688
1 2344 6136
1 4363 8330
1 5215 2238
1 906 1266
1 3713 8058
0 8179 8279
1 1201 3899
0 6331 6332
0 1294 1295
0 9165 9166
0 5775 5774
1 7055 8192
0 5780 5781
0 8415 8414
1 8717 3563
0 4372 4371
1 3884 2095
0 8993 8994
0 6488 6588
1 7471 5108
0 2752 2753
1 8892 834
1 2655 8412
1 9737 927
0 9106 9006
0 6983 6883
0 3049 3149
1 1040 4171
1 1315 1233
1 8109 1032
0 5032 4932
1 3172 5833
1 7645 9868
0 7470 7370
1 1350 2231
0 4830 4829
0 4399 4299
1 940 1267
0 2831 2832
0 7046 7146
0 8228 8227
1 5854 6374
0 2817 2917
1 474 7317
0 7392 7393
0 424 425
1 1664 8128
0 1571 1572
1 5642 6821
0 719 720
1 7397 6421
0 2390 2389
1 6466 658
0 1730 1729
0 4837 4836
0 8373 8473
1 8116 3932
0 8583 8683
0 5291 5290
1 5961 164
0 7499 7399
1 4984 9304
1 9541 9997
1 719 778
0 9375 9374
1 5939 1570
0 9839 9739
1 9955 2546
1 9330 3519
1 8697 853
1 8814 3178
1 4908 3076
0 2037 2036
1 3220 811
0 3569 3570
1 3013 8495
0 1278 1277
0 8364 8363
1 8113 4461
1 3323 5442
1 5416 452
1 9220 6349
1 4 3793
1 9837 8528
1 3089 5563
0 3320 3420
1 2102 7464
0 5314 5315
0 5213 5214
1 9422 6840
1 2999 5161
1 2358 5196
0 1135 1235
0 4628 4627
1 6934 8700
0 8865 8866
0 183 182
0 4038 4037
1 6677 9393
1 777 2133
1 9322 7122
0 6104 6103
1 9745 3618
1 4398 4489
0 617 717
1 6229 6310
1 9971 4016
0 2380 2280
1 8073 2201
0 2254 2253
0 1402 1401
1 3982 9070
0 2976 2975
1 5011 8818
0 8236 8136
1 9487 6567
0 796 797
0 8491 8591
0 7872 7772
0 9080 9079
0 5449 5349
1 9833 2167
0 3941 4041
1 2248 4323
1 2238 7379
1 6247 4992
0 2931 3031
0 5285 5385
0 6804 6805
0 828 728
1 351 2520
0 2474 2574
1 7983 7734
0 7004 6904
1 7451 9224
1 7284 2856
1 885 4203
1 8711 7508
1 8205 3958
0 3317 3417
0 7434 7534
1 2844 2551
0 5671 5771
1 4077 5325
1 9340 5975
0 7283 7383
1 2472 4372
0 388 389
0 9203 9303
0 494 394
0 3108 3008
0 9870 9871
0 6907 6906
1 3953 6733
0 8232 8332
1 6334 7192
1 8667 3623
0 6309 6209
0 180 179
1 1430 7085
0 2277 2278
0 8048 8049
1 4849 3799
0 8985 8984
0 6186 6187
1 3404 6841
0 4744 4745
1 4646 5429
1 8946 5986
0 9042 8942
1 7330 7459
1 6981 6674
0 5192 5292
1 3736 8074
0 3312 3313
1 3348 3705
1 3242 895
1 8526 8097
0 3510 3610
1 9825 6956
0 7358 7357
0 4888 4889
0 1158 1258
0 3530 3630
1 187 7924
1 4413 7130
1 8391 395
1 9821 1645
0 793 893
0 9711 9712
1 496 6309
1 7522 4651
1 8014 7369
0 3255 3256
0 7587 7687
0 2160 2060
1 466 1999
0 4369 4469
1 8925 7631
0 846 946
1 8651 2498
1 4451 634
1 8032 766
1 3639 1325
0 9991 9992
0 1548 1549
0 8037 8036
0 4933 5033
0 2782 2781
1 3193 2742
1 1883 2392
1 4233 908
0 9129 9130
0 417 416
1 1675 1384
0 3206 3207
0 1281 1181
1 2763 3601
0 1866 1865
1 8897 3872
0 5782 5882
1 4719 1505
0 2496 2396
0 2710 2709
1 6194 9673
1 1309 9414
0 2227 2228
1 8103 5464
1 3243 6897
0 210 110
0 2313 2413
1 9856 5666
0 4420 4419
0 8964 8864
0 4913 4912
0 4325 4326
0 7970 7969
1 7585 9833
0 6852 6851
0 5708 5608
0 8451 8450
0 321 322
1 6847 9386
1 4667 1906
1 7916 5858
1 9613 1643
1 2522 2101
0 677 577
0 5942 5943
1 3294 1359
0 7631 7630
0 1997 1897
0 7809 7810
1 6405 176
1 7355 3434
0 4732 4832
1 6990 3488
0 7443 7343
1 1816 9724
1 9801 7680
1 425 1082
1 6914 3141
0 8076 8176
0 3458 3457
1 8549 8079
0 5960 5959
0 4767 4667
0 2971 2970
1 4623 4351
1 3414 2257
1 5977 7987
0 8385 8485
1 2340 9645
0 9034 8934
0 3213 3212
0 2267 2268
0 9945 9944
1 1672 9862
0 3792 3791
1 5640 863
1 9826 7927
1 5807 8296
0 2379 2279
0 5308 5307
1 7412 9547
0 9661 9761
1 4480 4961
1 4154 9111
0 9726 9727
1 8028 7213
0 3520 3620
0 3974 3973
0 6461 6460
1 202 8543
1 9271 6000
1 1983 3276
0 9238 9237
0 6203 6303
1 6621 7347
1 5919 3269
0 7575 7576
0 5945 5944
0 2098 1998
0 3408 3508
1 2793 3706
1 2280 8970
0 6019 6119
0 5225 5226
1 5088 2973
0 3292 3291
0 5109 5009
1 2230 5167
0 4158 4258
0 2321 2221
1 1473 3900
1 1083 70
1 9038 8129
1 3093 4829
0 7954 8054
0 598 599
0 5975 5974
1 498 7352
1 747 8580
1 1999 7858
0 1784 1884
0 490 390
1 4620 8189
0 817 917
0 7658 7758
0 2664 2665
1 342 2920
0 5605 5705
1 6092 7319
0 3110 3109
0 7326 7226
1 8643 3503
0 6483 6383
1 8729 3944
0 591 491
1 6622 9605
0 3919 3918
1 4117 4786
1 2564 9427
0 2816 2815
1 16 4498
0 9229 9230
0 1350 1250
1 479 8401
0 4131 4132
0 7337 7437
0 4287 4288
1 5890 1959
1 9582 5237
0 7849 7850
1 668 3982
0 6381 6281
0 4410 4310
1 799 7386
0 8902 8903
1 3408 9337
0 4629 4628
1 2045 5965
1 985 4481
0 1297 1197
1 7893 6588
1 8977 2151
0 1907 2007
1 5106 1035
1 948 4453
0 2831 2731
0 5738 5739
1 8761 779
0 651 551
0 5311 5211
1 6123 7151
0 8874 8974
1 1957 6773
1 9492 3455
1 583 4000
1 3650 6648
0 1437 1537
1 6499 7883
0 7068 6968
1 994 8699
0 8228 8128
0 13 14
0 1109 1209
1 6209 2088
0 9337 9237
0 6489 6488
0 4909 5009
0 9481 9581
0 7172 7072
0 8518 8418
0 9719 9619
0 8076 8077
0 2978 2979
1 7047 6859
0 7162 7161
0 9810 9811
1 6457 4544
1 3665 6746
1 6763 9575
1 8289 4554
0 4572 4672
1 7766 7800
0 5981 5980
0 4486 4485
0 1617 1517
1 3655 8517
1 5668 486
1 3515 1332
1 5324 8535
1 389 5895
0 9209 9309
0 7251 7252
1 5195 2463
0 5486 5487
0 6898 6899
1 1662 2904
1 8518 3133
1 1406 9257
0 4669 4670
1 7376 4783
1 5238 9122
0 9892 9893
1 9220 59
0 5949 5950
0 6752 6652
1 9530 8335
0 4469 4369
0 7610 7609
1 3834 5226
0 9233 9333
1 2232 9144
1 7169 4494
1 3439 3933
1 9319 770
1 4081 7373
0 4956 4856
0 3689 3589
0 2927 2928
1 6010 6866
1 3490 7179
1 7201 8088
0 1723 1724
0 6703 6702
0 4244 4245
1 7373 1853
1 2050 9929
0 8807 8707
0 9361 9360
0 1413 1513
0 7343 7344
0 5301 5300
1 8590 9890
1 5473 3330
1 1313 2365
0 9627 9727
1 8036 4567
0 7394 7494
1 3987 8132
0 445 345
1 9004 9854
0 1819 1719
0 3349 3350
0 5882 5881
0 8979 8879
0 9770 9769
0 2590 2490
1 2499 4011
0 2992 2892
0 2770 2769
1 1065 6613
0 2378 2478
1 1329 2929
1 1627 9187
1 7681 6342
1 187 9240
0 9659 9759
1 5256 230
0 3778 3779
0 7491 7492
0 8469 8569
0 6237 6337
0 4080 4180
0 1926 1927
0 4420 4421
1 1539 4855
1 6217 3876
1 4494 1436
0 9962 9963
0 1116 1216
0 2797 2697
0 6699 6799
0 4599 4598
0 5730 5830
1 8019 6513
1 4013 2310
0 8468 8368
0 2840 2940
0 309 409
1 6791 1236
0 2470 2570
0 8516 8616
1 9303 5617
0 1971 1871
0 4226 4326
0 1445 1345
1 7099 2919
1 9404 3682
1 1385 2000
0 81 82
1 4535 4148
0 7949 7950
1 2336 2479
0 6734 6634
1 6941 91
1 2410 8174
1 2631 4190
1 5800 9441
1 5652 8639
1 8152 5266
1 369 1802
1 9053 5847
1 2085 5428
0 2323 2423
1 9137 9170
1 9563 159
0 6563 6463
0 303 203
0 5123 5124
0 941 942
0 3179 3079
0 6578 6577
1 5094 6304
0 5540 5539
0 8419 8319
0 3107 3106
1 7823 7189
1 2789 7017
0 8076 7976
1 9331 5269
0 5701 5601
1 6848 5494
0 7962 7862
0 5477 5377
1 9323 5151
1 489 6161
1 1033 5371
1 5806 53
0 751 750
0 6049 6149
0 7503 7502
0 2803 2804
0 4121 4122
1 1431 8345
1 4197 6814
0 331 431
0 2792 2791
1 3464 1820
0 8592 8593
1 9977 7263
1 5749 6292
1 2547 115
0 1868 1968
0 1656 1655
1 3713 6830
1 8921 4890
0 5505 5506
1 7690 4865
1 2991 3350
0 6361 6261
0 7251 7151
0 9819 9719
1 2298 5363
0 1465 1565
0 4923 4924
0 9744 9743
0 7746 7846
1 3869 4688
1 6685 3309
0 6695 6795
0 9769 9768
0 1679 1779
0 9008 9108
0 9690 9689
1 880 9195
0 6796 6797
1 6822 2126
1 556 5871
1 3385 1810
1 2453 1718
1 4382 5135
0 1206 1106
0 3276 3376
1 7131 8368
0 6697 6696
0 4878 4877
1 9411 9927
0 2387 2487
1 3757 2769
1 2673 3578
1 5032 5612
0 6462 6463
1 5732 645
0 374 375
1 3103 602
0 4613 4713
0 5057 5058
0 445 545
1 6242 7352
0 7851 7951
0 4169 4168
1 2769 7494
0 694 695
1 8503 8049
1 317 4332
1 2402 5361
0 4910 4909
1 4732 6826
1 5848 2597
0 4675 4676
0 8690 8790
1 8782 6496
1 7109 7477
0 3734 3634
1 3788 2912
1 4046 2443
0 8230 8130
1 7783 1336
0 1917 2017
1 7325 2607
0 2401 2501
0 1065 1064
1 9747 7333
0 4325 4425
0 726 626
0 6840 6940
1 9618 6796
1 5283 9277
1 3015 2936
1 3594 7486
1 508 8873
0 4508 4608
1 9926 9579
0 8207 8208
1 4723 9281
1 5791 2905
0 9194 9195
0 5750 5751
0 5629 5529
0 8391 8390
0 6152 6252
1 7948 7294
1 7613 695
1 6321 3519
1 2548 3172
0 7141 7140
0 7235 7335
0 3128 3127
0 6389 6489
0 1058 1059
0 8137 8237
1 2894 6832
0 2050 2051
1 9724 3463
0 4201 4200
0 3981 3881
0 8179 8079
1 5190 9694
0 3689 3589
0 5281 5181
1 6220 7856
0 3986 3987
0 3071 3070
0 9449 9448
0 4450 4550
0 9055 9056
0 2047 2048
1 4827 1217
0 4724 4723
0 7468 7568
1 5685 7151
0 3426 3526
0 5969 5869
1 7242 3078
0 4468 4368
0 2049 2050
1 1062 8267
0 4262 4362
0 1742 1743
1 2300 1760
0 8226 8326
1 5636 1637
1 7391 2681
1 9344 8403
0 7323 7324
1 9819 6885
1 8782 3211
0 9098 9097
0 1501 1401
1 3621 2631
1 6576 5811
1 3607 2179
1 4655 5843
1 3270 1985
0 9983 9984
1 7109 6587
1 1705 3611
1 820 5709
0 4382 4381
1 9621 7428
1 7089 6761
1 1459 6788
0 9376 9476
1 7478 4226
0 5400 5401
0 2704 2703
1 1936 952
0 8758 8858
1 7918 9133
0 3313 3413
1 9861 7839
0 8134 8135
0 3221 3321
1 5728 2592
0 7915 8015
1 6838 7535
0 5260 5259
1 1967 9305
0 8573 8673
0 2351 2352
0 6006 6005
0 306 406
1 1699 4454
0 9286 9186
0 5484 5485
0 9447 9448
1 4295 6152
0 1761 1861
1 5889 1212
0 6080 6079
0 8399 8299
1 5158 7975
1 7046 2522
1 4169 6627
0 1661 1660
0 6101 6201
0 2500 2501
1 2035 3275
0 2363 2263
1 7991 2480
1 3996 8102
0 2290 2190
1 1888 8791
1 9795 9957
0 5435 5535
0 4802 4902
0 1936 1836
0 6150 6151
1 8815 4143
0 7411 7410
0 9059 8959
1 2726 8819
0 1993 1994
1 9418 7236
1 119 1425
1 6527 3715
0 6586 6587
1 3721 2366
0 6326 6226
0 4835 4836
0 3061 2961
1 2992 1531
1 1320 2681
0 9232 9332
0 956 957
1 4421 4878
1 3057 1131
1 4215 2563
0 7866 7766
0 906 806
0 6931 6831
1 1323 5357
1 6816 9452
1 1513 6779
0 8451 8351
0 9881 9882
1 962 4948
0 330 329
1 6425 682
1 8523 2594
0 3255 3355
1 8428 7513
0 3491 3391
0 1002 902
1 4188 5360
0 1821 1822
1 4406 5859
0 2442 2441
0 9910 9810
1 4919 8323
1 8767 572
0 2125 2025
1 6325 5402
