6400 500
1 5104 3054
0 1547 1548
1 5883 2117
1 774 46
0 5368 5288
0 4191 4271
0 2017 1937
0 3268 3269
1 3079 2492
1 3232 293
1 3735 906
0 6141 6061
1 5077 1733
1 2663 5033
1 431 1179
0 5538 5539
1 534 888
1 690 2260
1 1390 3825
0 4593 4673
0 4096 4097
1 5325 2715
0 1569 1570
1 3 2295
0 4796 4797
0 4821 4901
0 2804 2884
0 5292 5293
0 5053 5052
1 5359 3931
1 1114 3563
0 5641 5561
1 2762 692
1 4727 3770
1 1257 2405
0 4369 4289
1 1267 2397
0 622 621
1 232 3903
0 1340 1341
0 1597 1677
1 4709 2512
1 343 3029
0 5834 5835
0 4828 4908
0 2165 2166
0 1149 1229
0 350 349
1 587 4664
1 1358 2037
0 2065 2066
0 3633 3634
0 3714 3634
1 3351 4616
0 4459 4460
0 5159 5158
1 2581 19
0 5689 5609
0 3035 3115
0 6324 6244
1 3089 3793
0 6228 6148
1 716 1963
1 3069 2753
0 1369 1289
0 3721 3720
1 5154 1206
1 5834 1309
1 2656 2126
0 5826 5825
1 1986 2845
0 3632 3712
0 2396 2397
1 1370 2007
1 2031 5050
1 5677 2871
1 2861 408
1 580 2582
1 1386 5148
1 525 3635
0 4532 4531
1 2778 5134
0 4342 4262
0 4281 4361
0 3733 3653
1 3510 2156
1 4174 4890
1 5809 5794
1 415 3372
0 5799 5879
1 4068 6365
0 965 1045
1 2473 2376
0 5775 5695
1 900 5216
1 1389 4909
0 2463 2462
1 6136 4655
0 3092 3091
1 3620 581
1 6373 5101
1 4802 1815
1 4055 1878
1 4309 5116
1 3528 277
0 1879 1880
1 5933 2353
1 3078 2269
0 2333 2332
0 1592 1512
0 379 299
0 3563 3564
1 4590 556
0 812 892
0 1428 1508
0 4811 4891
0 1558 1478
0 430 350
1 732 6382
1 2671 2579
0 1197 1277
0 2269 2268
0 532 533
0 437 436
0 4731 4730
1 448 943
0 1816 1736
1 2018 6026
1 4661 4137
0 6019 6018
0 41 121
0 4487 4488
0 1812 1813
1 3318 4167
0 3880 3800
1 5012 1360
0 734 654
0 3951 3871
1 4278 1427
0 3446 3366
0 2520 2440
1 2379 579
0 1665 1745
0 1075 1155
0 237 157
1 1026 3029
1 5760 4439
1 1772 1902
0 2313 2233
1 949 4072
0 6143 6142
0 1001 1002
1 873 2270
0 5675 5674
0 6369 6289
0 2927 2928
0 1721 1722
1 6080 3192
1 1748 4825
1 3828 1040
1 4549 1142
0 5924 5844
0 5669 5668
0 3510 3590
0 4626 4627
1 3959 1511
0 3040 2960
1 5689 523
0 2049 1969
0 5692 5693
0 359 360
0 97 17
0 1823 1824
0 150 230
1 2867 3425
0 147 227
0 1287 1288
0 833 832
1 5191 4807
0 5516 5517
0 3222 3142
1 4036 5609
0 5810 5730
0 1122 1121
0 2884 2964
1 2060 2648
0 5084 5085
1 1532 6263
0 779 778
1 5695 6142
0 381 461
1 6166 6059
0 1366 1365
1 2313 59
1 3758 1247
1 5977 1610
1 1329 1893
1 1266 3597
0 6197 6196
0 4055 4056
1 3988 6306
1 1301 3207
1 5172 1773
1 3464 5694
1 4362 1844
0 3215 3295
0 3061 2981
0 5844 5845
0 2659 2739
0 223 303
0 2793 2873
1 3831 2594
0 4233 4234
1 3665 2962
0 2515 2516
1 5558 2596
0 1957 1877
0 1988 1989
1 5603 5242
0 1527 1528
0 5071 5151
1 4689 2522
1 6331 3246
1 2928 2839
0 6312 6313
1 6372 2637
1 5234 3999
0 4342 4341
1 5022 3977
1 690 3166
0 1943 1863
1 5423 2297
1 1787 6142
0 5075 5076
1 3899 4815
0 616 696
0 2839 2840
0 2336 2256
1 2611 5010
0 619 620
0 2928 3008
1 5585 1873
1 1593 3256
0 1062 1142
1 1105 1926
0 1142 1141
1 3126 5070
0 2384 2304
1 6265 481
0 3367 3287
1 1150 3240
0 2285 2284
0 2873 2872
1 2302 1548
0 586 666
1 5755 5098
1 4587 617
1 2835 1226
1 5217 3741
1 5785 597
1 1182 2768
1 3203 5879
1 654 5137
0 5930 6010
0 4108 4109
0 426 425
0 5239 5240
1 4091 4520
1 891 1554
1 1505 5211
1 5535 3930
0 2950 2870
1 4462 3329
1 743 2204
0 1162 1082
0 12 13
0 4431 4430
0 1918 1838
1 1978 6228
0 5195 5196
1 4827 1870
0 291 211
1 3997 5295
0 828 827
1 5960 1665
1 5793 5318
0 2931 2932
1 4898 4421
1 3387 3963
1 3526 2592
1 1560 1546
1 1757 2397
0 171 91
1 4118 737
0 3316 3396
0 874 954
1 2823 6126
0 383 384
1 851 3583
0 4607 4608
1 4924 1667
1 2969 2789
1 6188 3966
1 405 109
0 2411 2412
1 3900 2900
0 4466 4546
0 755 754
1 5015 3213
0 4139 4140
1 4826 1811
0 5183 5182
0 4211 4131
0 4832 4833
1 2157 5084
1 249 2636
1 5436 3143
1 5138 6058
1 5018 2988
1 5722 1604
0 1078 1079
0 850 930
0 4362 4363
0 509 508
1 4282 2446
1 4540 767
1 4601 5810
1 3846 1546
1 3636 3586
0 2543 2623
0 2711 2712
1 3462 2265
0 4368 4448
1 605 5084
1 2529 966
0 4941 5021
1 5246 912
1 2549 4890
0 1317 1318
0 6295 6215
1 1065 4729
0 4885 4886
0 4391 4311
0 5408 5328
0 5769 5770
0 4426 4506
0 5820 5740
0 4496 4495
0 1653 1573
0 3592 3593
1 92 3713
1 3193 6001
1 2781 4698
0 5732 5652
1 573 4138
1 2996 348
1 3134 2095
1 814 5975
1 3902 3528
1 5718 5624
0 4471 4472
1 1821 4025
1 4420 4651
1 1127 4953
1 2242 4730
1 1583 2127
1 1514 3075
1 3463 1034
0 1020 1021
1 1262 4296
0 5436 5435
1 2143 3403
1 4875 4684
0 1142 1143
1 1226 3905
1 2809 2120
0 4971 4891
0 5665 5585
1 4331 888
1 6178 578
1 4262 1790
1 2265 5322
0 4404 4405
0 4644 4564
1 3395 5980
0 341 421
0 5317 5397
0 2916 2915
0 5415 5495
1 1850 5454
0 5394 5314
1 4374 1599
1 2505 745
1 5138 5605
1 2897 1924
0 2949 3029
0 4454 4534
0 5604 5605
0 6317 6316
0 556 476
0 4850 4930
1 1765 2599
0 2997 3077
0 6329 6328
1 408 3641
1 5336 1870
1 3050 428
0 2877 2957
0 4906 4986
0 2660 2659
0 4390 4389
0 6258 6257
1 5284 6152
0 1519 1599
0 3276 3196
1 2881 5684
0 2058 2138
0 2504 2424
1 1828 1703
0 2978 3058
0 1740 1739
0 3788 3789
1 1001 198
1 1051 2071
1 473 2853
0 5258 5338
0 5071 4991
0 1682 1681
1 127 5192
1 2705 1239
1 734 137
0 5475 5476
0 168 167
1 1713 3279
0 3508 3428
1 599 2469
0 1873 1793
0 1427 1428
0 6266 6186
0 3924 4004
1 2160 404
1 3021 1794
0 5666 5665
1 3566 2365
1 5235 5823
1 192 4423
0 2045 2046
0 1988 1989
1 5838 6046
0 1250 1249
0 2308 2309
0 2515 2435
1 5868 1954
1 6152 5658
1 2132 3642
1 5852 44
0 6229 6228
0 2399 2479
0 3815 3895
1 688 521
1 1099 2139
1 527 2722
1 557 1285
0 2607 2687
1 6092 4576
0 4793 4794
1 5117 3836
1 5026 1214
0 2279 2199
0 5331 5411
0 3011 3091
1 2505 836
1 4505 3157
1 4274 1676
1 4441 3967
1 5515 1791
0 3319 3320
0 1528 1608
1 4996 4384
1 552 4573
0 2088 2087
1 2987 4874
1 2280 4378
1 2322 6218
0 1132 1052
1 4030 3584
1 690 3788
1 410 2450
0 5095 5096
1 332 270
1 2834 3662
0 3236 3316
0 4432 4512
0 884 885
0 3727 3726
1 72 5137
0 5524 5604
1 3761 2575
0 5095 5015
1 4245 1868
