100 300 0
0 46 130
1 26 -25
1 39 55
1 48 105
2 4 -2
2 22 31
2 97 134
3 63 35
3 69 -11
4 36 76
4 43 0
4 51 159
4 64 -36
4 71 51
5 23 -3
5 29 130
6 13 -16
6 14 -18
6 53 147
6 87 196
7 8 -36
7 25 0
7 66 32
8 26 147
9 13 35
10 53 47
11 5 -27
11 6 -25
11 18 90
11 59 123
11 62 17
11 66 127
12 48 -29
13 50 118
13 89 -7
14 20 71
14 44 80
14 71 -43
14 85 10
15 10 142
15 33 147
15 49 -46
15 96 117
16 48 -9
16 49 -2
16 74 61
17 32 170
17 41 100
17 57 -8
18 47 -7
18 54 23
18 75 162
19 12 188
19 15 175
19 75 166
19 90 -1
20 23 187
20 78 94
22 11 109
23 2 -15
23 18 7
23 39 67
23 57 189
23 58 146
23 78 180
23 79 34
24 21 -15
24 26 -17
25 28 -6
25 55 66
25 79 160
25 85 93
26 20 -23
26 29 127
27 56 181
28 2 97
28 76 41
29 15 92
29 77 167
31 52 19
31 54 168
32 6 -39
32 68 68
33 4 56
33 5 128
34 66 78
34 81 55
35 58 93
35 97 -16
36 28 166
36 33 158
36 45 -45
36 57 136
37 17 42
37 38 60
37 87 90
38 9 -6
38 20 69
38 73 199
38 98 38
39 49 0
39 56 -2
39 83 -1
40 13 40
40 66 172
40 98 175
41 18 -27
41 77 101
42 53 -40
42 60 -40
42 67 11
42 70 152
42 74 16
42 97 -41
43 66 105
43 75 -11
43 78 11
44 9 -28
44 69 175
45 22 186
45 82 81
45 84 -43
45 91 50
46 0 45
46 78 -23
47 27 150
47 34 4
47 69 167
47 83 30
48 4 16
48 17 37
48 38 197
48 57 194
48 89 125
48 98 44
49 19 6
49 23 -27
49 53 109
49 55 82
49 95 25
50 3 58
50 35 158
50 70 98
50 77 154
51 22 -12
52 11 175
52 17 123
52 22 -48
52 90 56
53 1 84
53 2 57
53 8 153
53 20 43
53 95 21
54 94 153
55 59 32
55 67 -8
55 70 84
55 74 46
55 92 -22
57 3 86
57 31 169
57 35 47
57 39 0
58 16 193
58 26 146
58 53 -14
58 70 141
59 56 -13
59 92 33
61 27 133
61 72 22
61 86 42
62 98 110
63 17 73
63 22 175
63 26 26
63 90 16
64 2 154
64 17 26
64 26 123
64 39 153
64 95 -10
65 10 116
65 75 12
65 87 41
66 22 -11
66 42 -25
66 97 164
67 38 198
67 43 -7
68 29 49
68 54 -48
68 64 -15
69 34 25
69 59 16
70 10 195
70 68 -1
70 79 -4
71 17 24
71 67 182
71 68 165
72 5 144
72 42 36
73 25 -23
73 43 29
73 58 -40
74 10 70
74 21 85
74 34 -7
74 37 1
74 61 143
75 24 181
75 71 66
75 96 92
76 7 52
76 52 -7
76 79 -46
77 25 74
77 80 21
77 81 86
78 8 6
78 11 197
78 36 102
78 45 -5
78 66 172
79 17 -11
79 62 166
79 73 187
79 82 -48
80 45 -11
80 68 127
80 70 -19
80 71 151
80 76 193
81 80 -20
82 6 -16
82 7 42
82 75 2
82 76 32
82 84 49
83 10 71
83 16 143
83 28 156
83 44 107
83 74 41
83 78 -1
83 84 4
84 6 -7
84 11 133
84 42 117
84 73 185
85 2 56
85 20 -49
85 75 -29
85 93 191
86 17 60
86 22 86
86 35 -26
87 10 -12
87 57 24
87 91 40
87 95 -30
88 22 125
88 34 11
88 71 -22
88 83 170
88 97 -19
89 9 -32
89 45 150
90 16 130
90 20 100
90 38 94
90 53 -24
90 74 34
91 0 47
91 64 177
91 75 161
91 82 155
92 22 104
92 32 18
92 78 5
92 91 -33
92 98 163
93 48 15
94 16 124
94 24 72
94 56 20
94 80 -11
95 17 187
96 8 122
96 51 97
97 0 50
97 69 34
97 75 -16
97 76 -43
98 11 139
98 31 154
99 24 49
99 85 -46
