120 280 79
0 41 6
1 2 1
1 21 8
1 77 2
2 20 7
2 51 8
3 9 0
3 21 5
3 42 0
4 20 1
5 95 9
6 98 9
7 18 0
7 23 9
7 40 3
7 48 4
7 56 5
7 64 1
7 111 0
8 20 -1
8 58 -2
8 68 4
8 102 9
9 35 1
9 103 5
9 111 -1
10 17 6
10 22 1
10 32 -1
11 36 3
12 14 5
12 15 0
12 73 2
12 113 -2
13 27 0
13 35 8
13 42 0
13 53 4
13 101 4
14 42 4
15 68 6
15 95 -1
16 114 8
16 119 0
17 25 -2
17 33 7
17 48 -1
17 104 5
17 107 7
18 60 0
18 99 4
19 12 2
19 77 3
19 92 0
21 9 9
21 41 -1
21 76 -2
22 11 3
22 31 0
23 3 3
23 104 0
24 20 3
24 83 0
24 87 5
25 3 7
25 51 4
26 0 9
26 35 0
27 36 0
27 74 5
28 111 8
29 6 2
29 12 0
29 15 0
29 16 9
29 43 4
29 95 6
29 101 8
30 54 8
31 15 8
31 36 0
31 68 3
32 35 6
32 79 0
32 92 0
33 4 1
33 43 0
33 65 6
33 84 7
34 3 0
35 49 7
35 100 2
36 5 0
36 59 0
36 98 0
37 105 7
38 91 0
38 104 0
39 65 7
40 6 -1
40 31 0
40 61 6
41 92 -2
41 112 9
42 52 6
42 96 5
43 41 8
43 51 -1
43 91 7
44 18 0
44 38 0
45 94 5
45 113 2
46 20 2
46 26 9
47 20 -1
47 34 0
47 39 8
47 89 0
48 15 6
49 19 0
50 9 -1
50 60 1
52 36 9
52 62 0
53 11 8
53 113 3
54 43 2
54 75 7
54 88 0
55 49 0
55 58 -1
55 117 0
56 12 6
56 35 7
56 67 7
56 77 -2
56 85 2
57 21 0
58 98 -1
58 107 -2
59 74 3
59 100 3
60 82 -2
60 84 -2
61 8 3
61 28 5
61 68 5
62 97 2
63 7 7
63 61 -2
64 7 3
64 42 3
64 43 -1
64 77 0
65 1 1
65 48 9
66 58 4
66 104 6
67 53 3
68 3 4
68 11 6
68 20 8
68 83 0
69 14 3
69 42 3
69 80 7
70 25 5
70 34 5
70 36 0
70 71 8
71 55 -1
71 58 2
71 69 3
71 96 -2
72 12 9
72 36 2
72 87 2
72 91 5
72 94 6
72 105 -2
73 99 -1
74 55 7
74 93 5
75 65 0
75 72 1
76 107 7
77 11 3
77 41 6
77 50 7
77 105 8
77 118 5
78 33 4
78 69 3
79 17 -1
80 71 7
80 75 9
81 2 7
83 112 7
84 6 -1
84 46 6
84 61 -1
84 107 0
87 4 3
87 9 -2
87 50 9
88 16 3
88 61 3
89 60 0
89 63 1
89 68 -1
90 38 0
90 39 6
90 84 8
91 25 2
91 75 1
91 85 8
92 19 -1
93 66 -2
93 105 1
94 4 9
94 44 3
94 116 -1
95 60 4
95 91 8
95 93 5
95 100 6
95 112 0
96 3 9
96 6 6
97 60 0
97 84 0
98 65 6
98 97 7
99 104 5
100 42 7
100 46 6
100 109 8
102 55 2
103 18 2
104 15 2
104 48 -1
104 70 0
104 86 9
104 93 9
105 15 -2
105 19 -2
105 106 -1
106 71 0
106 73 -1
106 113 6
106 116 0
107 45 4
108 48 5
108 64 -1
108 83 9
108 106 0
109 1 0
109 10 3
109 36 -2
109 90 6
109 100 6
110 53 1
111 47 6
111 58 -1
113 6 7
113 68 4
113 89 2
114 43 0
114 61 -1
114 68 0
117 15 2
117 38 9
117 72 8
117 82 1
117 109 9
118 5 -2
118 55 5
119 44 7
119 52 -1
