180 300 90
0 43 2
1 70 0
1 73 -4
3 107 9
3 158 -4
4 81 0
4 153 19
5 86 11
5 107 14
6 57 2
7 5 -1
7 124 10
9 100 0
9 163 0
10 36 11
10 128 6
11 88 11
11 136 -3
12 89 3
14 131 11
14 176 6
15 95 17
15 137 14
16 26 5
16 151 -4
17 151 3
18 31 -1
20 11 -2
20 56 9
20 70 9
23 38 9
23 42 19
23 68 17
23 109 11
23 121 -2
24 11 6
24 103 -4
24 133 7
25 21 10
25 60 18
25 173 3
26 6 15
26 114 -1
26 159 -2
27 79 -4
28 6 -3
28 15 5
28 98 6
29 19 2
29 115 -1
29 146 2
30 115 4
30 140 16
31 1 6
32 16 8
32 128 4
32 148 4
33 26 0
34 55 11
35 121 -4
35 149 17
37 33 19
37 109 14
37 122 17
38 98 10
40 32 3
40 91 14
41 78 -4
41 84 -3
41 110 3
41 160 15
42 119 17
42 136 9
43 41 4
43 123 -3
43 176 13
43 177 -1
44 152 14
45 79 -4
47 87 -2
48 130 0
48 156 -1
49 5 18
49 145 -4
50 56 9
50 83 14
50 133 -4
50 153 0
51 22 6
51 28 5
51 42 10
53 13 15
53 153 11
53 156 2
53 163 16
54 4 13
54 139 4
55 105 18
55 152 12
56 11 -1
57 14 19
57 39 11
57 81 10
57 167 16
58 154 -4
58 172 4
59 2 -3
59 45 -1
59 148 10
60 19 1
60 137 19
60 138 3
60 141 16
61 68 -3
61 170 16
62 150 7
65 112 8
65 115 16
65 120 -2
66 47 -3
66 77 12
67 5 1
67 34 14
67 147 19
73 14 15
73 36 9
73 144 -2
74 40 16
74 93 0
75 35 -2
75 165 17
76 4 5
77 19 13
77 141 11
79 63 -1
80 175 3
82 99 14
82 118 0
82 164 6
83 15 13
84 37 0
84 90 -2
85 7 13
85 168 -1
86 41 14
86 116 3
86 121 5
86 172 2
86 174 0
87 83 -2
87 148 9
88 53 7
88 115 -1
89 19 9
90 20 7
90 138 8
90 143 11
90 168 3
91 111 3
92 9 19
95 125 -4
96 64 13
97 21 5
97 164 12
98 101 4
98 171 8
99 96 12
99 100 0
99 119 16
99 122 14
100 43 17
101 4 -3
101 138 -1
102 138 5
103 111 14
104 37 2
104 111 15
105 92 -4
106 116 1
107 34 12
108 21 18
110 0 16
110 102 14
110 131 6
110 133 13
110 170 18
111 72 14
112 1 1
112 25 2
112 118 7
112 141 1
113 7 10
113 19 7
114 82 -2
114 103 17
115 21 10
115 57 11
115 86 19
117 15 -1
117 145 10
118 62 14
119 9 17
120 88 16
121 138 7
122 93 2
123 56 10
123 105 12
123 108 3
124 41 0
124 44 11
124 151 -1
125 51 9
125 85 0
125 165 0
126 83 12
127 9 2
127 84 4
127 122 -1
128 100 16
128 129 5
131 109 -2
131 135 0
131 144 15
132 19 18
132 59 7
132 70 12
132 129 -4
133 175 6
134 79 0
135 62 2
135 172 10
136 74 1
136 117 -1
137 49 0
139 68 7
140 11 5
140 115 6
140 116 11
140 125 -2
141 102 -2
141 134 -3
142 168 0
143 122 18
143 167 -4
144 19 -1
144 45 7
144 99 11
145 17 5
146 64 0
147 53 0
147 58 14
147 104 -1
147 106 -1
147 177 14
148 59 6
150 14 19
151 119 7
152 83 -4
153 49 8
153 93 14
154 85 11
155 164 16
156 29 -4
157 27 19
158 67 1
158 72 0
159 1 -3
159 73 8
160 67 16
160 158 8
161 111 19
161 122 19
161 148 10
163 8 -3
163 31 15
163 73 5
163 106 18
163 152 4
164 21 -3
164 29 -1
164 91 10
164 117 -2
164 175 5
165 59 14
166 55 -3
167 46 18
167 60 -3
167 76 5
167 116 12
167 142 19
168 2 12
172 122 11
173 69 12
174 18 15
174 86 2
174 98 -1
176 68 12
176 99 0
177 38 9
178 94 4
