250 400 45
0 5 39
1 69 8
1 75 31
3 59 160
3 213 49
4 59 70
5 102 144
5 117 -34
5 208 18
5 227 185
8 27 -42
8 181 90
8 229 21
9 7 -32
9 130 15
9 192 141
12 239 -41
13 121 184
14 89 51
14 91 42
14 92 24
14 203 155
14 248 -35
15 68 -48
17 191 194
18 43 -36
18 134 108
19 22 80
19 202 137
20 164 57
21 12 86
21 23 18
21 185 166
22 21 63
22 149 172
23 46 -23
23 63 -2
23 145 23
25 123 85
25 126 193
25 131 39
25 181 71
26 104 0
26 132 103
28 41 7
28 118 -26
29 11 0
29 32 88
29 44 67
29 82 109
29 142 178
29 215 -9
29 238 48
30 140 102
32 43 133
32 85 191
32 181 143
33 65 188
33 79 50
33 177 36
35 7 56
35 90 111
35 232 -7
36 7 153
36 49 118
37 54 164
38 119 149
39 102 17
39 221 93
40 103 8
40 184 135
41 47 61
41 165 197
42 65 189
42 80 58
43 3 136
43 86 77
44 107 -15
45 149 83
48 183 -44
52 156 -49
53 212 -49
54 5 162
54 73 168
54 133 -2
54 230 20
55 247 62
56 37 -18
56 160 135
57 130 193
59 7 166
59 102 81
59 113 135
59 158 142
60 244 174
61 18 181
61 68 176
61 241 -17
62 57 182
62 237 175
63 146 127
65 33 80
65 51 5
65 114 68
65 221 109
68 65 74
69 239 113
70 142 88
70 192 21
72 19 128
73 122 -28
74 76 -1
74 164 18
75 57 -29
76 194 -38
79 129 -8
79 155 42
79 201 10
82 11 114
82 221 12
83 34 51
83 89 142
85 62 155
85 87 -3
86 16 -17
87 156 -41
87 169 85
87 195 140
88 16 46
88 92 -23
92 179 79
92 189 96
93 57 144
95 31 175
96 43 85
96 115 -2
97 96 13
98 208 179
98 236 -34
99 29 25
99 68 16
101 210 -14
101 231 -42
101 238 94
102 104 176
103 24 111
105 85 -35
105 143 -15
106 33 -47
106 121 -13
106 162 92
107 70 192
107 76 -26
108 19 114
108 126 190
109 116 129
110 170 183
111 170 72
111 191 131
112 64 39
114 26 -30
115 137 110
116 222 198
117 32 66
117 53 8
117 102 165
118 62 146
118 183 130
119 188 166
120 7 74
121 173 109
121 248 -7
122 97 -25
123 59 22
124 34 -35
125 26 58
125 74 155
125 231 -17
126 11 104
126 17 -1
126 21 134
126 164 -6
126 245 41
127 33 4
127 190 188
127 245 92
128 14 151
129 73 169
129 206 -16
130 122 195
130 177 -31
131 35 131
131 153 165
132 35 182
132 180 65
133 173 24
134 8 -32
134 44 54
134 102 190
134 223 -41
135 146 -33
135 175 166
136 155 181
136 164 7
136 183 139
136 236 -10
138 17 136
138 48 96
138 77 17
138 160 5
139 100 75
140 189 110
140 220 34
142 154 62
143 38 87
143 62 70
143 89 77
143 185 55
144 142 134
145 10 150
145 248 -5
146 32 -20
146 195 100
147 48 28
147 71 72
148 23 101
148 190 55
148 213 108
149 82 116
150 70 93
150 76 -47
150 119 -8
150 213 47
152 126 87
153 5 181
153 45 23
154 159 186
155 43 198
156 9 -14
157 0 -40
157 167 149
158 211 -34
158 236 119
159 196 38
160 106 168
160 133 89
160 183 128
160 235 166
161 101 -41
162 6 22
162 102 81
162 136 108
162 198 4
162 213 106
163 37 33
163 65 62
163 102 77
164 136 139
166 159 157
166 232 42
167 30 -16
171 5 -34
171 50 -3
171 116 36
171 136 152
172 49 -26
172 231 164
173 45 137
173 118 86
174 123 8
174 140 -39
174 243 -40
175 98 -8
175 206 97
176 25 19
176 100 69
176 189 86
177 70 -11
177 225 -13
179 40 -27
180 36 90
180 48 92
181 110 172
182 205 124
183 139 183
184 13 134
184 18 79
185 57 168
185 98 -25
185 142 83
185 151 163
186 134 4
186 148 167
187 112 82
188 34 126
188 101 172
188 231 -4
189 55 194
189 60 87
190 106 45
191 132 59
191 164 181
192 130 139
192 163 52
192 177 122
192 213 21
192 224 94
193 109 -15
193 230 15
193 234 -38
196 30 -40
196 72 -7
197 141 30
197 175 52
198 80 102
198 207 10
199 154 51
199 218 -32
200 163 3
200 191 178
200 202 -39
203 8 13
203 64 158
206 208 124
207 148 157
207 163 17
207 211 92
208 18 103
208 80 4
208 138 168
209 177 169
210 100 60
210 163 120
211 172 -32
212 4 -42
212 141 9
213 3 -25
213 43 148
213 121 26
214 71 72
214 103 130
215 221 30
216 22 -28
217 51 -20
217 191 154
218 227 -30
219 6 -4
219 33 -32
219 128 132
219 154 156
219 187 129
220 210 80
221 126 -34
223 67 179
223 88 17
226 63 -43
226 219 157
227 129 155
231 11 99
231 90 4
231 180 61
232 35 70
232 81 64
232 131 -12
232 152 182
232 184 76
232 206 73
234 16 80
234 244 127
235 88 -46
235 182 38
235 223 121
235 239 83
236 129 83
237 119 61
237 169 70
238 120 -40
238 124 -33
238 125 191
238 154 4
238 163 74
239 26 132
239 69 10
239 119 41
239 136 -24
240 68 112
240 119 -6
241 16 -23
242 74 109
243 40 20
243 145 155
244 49 -25
244 189 104
246 70 -42
247 45 73
248 24 126
248 43 -20
248 146 71
249 232 178
249 243 21
