300 500 15
0 50 23
0 171 -16
1 17 77
1 63 -48
1 96 146
1 126 147
1 198 27
2 52 -23
2 226 196
2 296 63
3 183 102
3 209 151
4 175 159
5 185 -31
5 245 134
6 7 68
6 56 95
6 185 52
6 209 174
7 196 54
8 47 -3
9 240 25
9 248 53
10 63 89
10 121 21
10 122 80
10 157 167
10 188 4
12 247 91
14 295 143
15 4 38
15 46 171
15 70 194
15 123 35
17 19 -8
17 234 67
18 129 45
18 229 164
20 85 164
23 86 32
23 254 -1
24 213 154
24 219 -22
24 268 159
25 47 177
25 145 65
25 215 143
25 263 -39
26 87 110
26 155 124
26 207 53
26 208 122
27 153 -1
28 33 178
28 76 137
28 77 117
28 151 69
28 234 125
30 165 120
31 254 188
32 124 161
33 53 12
34 71 192
34 177 124
35 112 20
35 121 176
36 96 -2
36 109 87
36 139 173
37 24 52
37 213 -39
38 159 28
39 150 36
40 103 -9
40 105 22
40 269 161
41 61 191
41 236 20
42 108 92
43 22 83
43 120 105
44 199 48
44 275 -41
45 273 -2
45 286 37
46 172 -25
46 267 -37
48 84 -9
48 247 149
50 205 20
51 36 142
52 80 -35
52 233 70
54 110 -15
54 157 7
57 133 174
57 263 90
58 113 6
59 145 168
60 27 21
60 103 32
60 166 165
61 280 68
61 292 173
62 84 93
62 131 176
63 103 138
63 128 -7
63 186 146
63 287 -37
64 177 191
64 283 46
65 240 152
67 168 -48
67 278 -2
68 54 -24
69 33 82
69 225 159
70 44 22
70 72 158
70 180 6
71 14 133
71 202 -35
73 227 130
74 49 171
74 125 17
75 4 -47
75 62 105
76 110 111
76 292 186
77 277 50
79 101 -10
79 148 46
79 167 111
79 230 48
80 190 68
81 61 -2
81 84 12
82 195 11
82 268 -20
83 249 170
84 207 138
85 256 62
86 281 53
87 0 99
87 136 100
89 12 53
90 205 48
92 221 142
93 70 121
93 194 150
95 84 15
96 48 58
96 176 54
97 132 80
97 217 172
98 33 89
99 10 5
99 39 -47
99 71 121
100 27 172
101 40 38
101 65 -37
102 13 169
103 14 -33
103 25 51
103 180 63
103 182 -36
103 235 62
103 256 -25
104 273 121
104 277 -33
105 67 -41
105 147 115
105 281 185
106 156 111
106 252 176
107 265 25
109 124 105
110 118 123
110 279 -29
111 243 -9
112 86 108
112 152 171
113 120 146
113 132 35
113 273 99
113 277 119
114 105 -36
115 223 126
116 34 52
116 141 -8
117 51 58
118 146 131
118 167 43
118 179 27
118 279 25
118 286 15
119 246 148
119 254 18
120 82 99
121 290 -40
123 130 -11
124 248 183
125 141 68
125 253 -48
126 236 -1
126 258 131
127 81 190
131 297 130
132 37 88
132 168 88
132 265 72
132 284 89
133 223 -10
134 31 123
134 76 133
134 271 106
135 177 166
135 213 61
137 292 22
138 149 142
138 170 26
139 142 45
139 151 64
140 31 21
140 40 96
140 226 64
141 14 1
141 280 127
144 57 -24
144 117 166
144 125 38
144 148 15
145 160 -23
146 56 89
146 114 187
146 240 -39
148 30 180
148 222 39
148 232 46
148 261 -45
150 17 121
150 183 25
150 197 -13
151 49 133
151 63 171
151 105 53
153 50 12
153 51 -8
153 109 74
154 75 -26
154 111 -30
154 151 192
154 284 100
155 81 84
156 42 13
156 266 -28
156 286 70
156 292 199
157 292 42
158 90 135
158 213 103
159 18 -1
159 294 65
160 287 -42
161 56 88
161 157 105
161 199 196
161 211 16
163 104 -42
163 171 53
163 268 -23
164 109 -8
165 8 86
165 54 58
165 195 86
165 231 9
165 261 -29
166 256 66
166 292 5
168 208 41
170 289 176
171 160 28
173 20 186
173 50 190
173 66 -4
173 90 130
173 242 -47
173 267 -17
174 14 -33
175 143 37
175 222 48
176 105 72
176 217 -17
176 276 -27
176 289 59
177 193 180
178 20 -29
178 159 14
178 225 -25
179 199 162
179 260 159
179 290 -47
180 229 99
180 238 -1
181 22 168
181 213 94
182 0 196
182 220 11
182 227 2
184 190 87
185 208 -18
185 249 67
185 250 27
186 29 168
186 207 52
187 130 -9
188 223 35
188 241 -21
189 34 113
190 126 -24
190 225 90
191 34 -42
191 278 -23
192 108 -33
192 175 -34
193 212 -29
194 44 151
194 106 160
194 236 -40
194 252 56
195 16 9
195 198 161
196 195 -16
198 164 78
200 8 60
201 74 46
201 153 110
202 88 11
203 275 96
206 85 20
207 72 59
207 191 72
208 114 -14
208 182 46
210 252 4
211 20 77
212 21 -3
212 100 139
212 192 14
213 27 -46
213 88 -28
213 119 172
214 157 -15
214 242 112
215 3 -11
215 124 106
216 80 -33
216 170 -21
216 246 59
217 135 16
217 145 109
217 188 136
218 101 95
220 81 -14
220 236 135
221 107 75
221 241 -3
222 239 23
222 255 97
224 58 -35
224 70 -3
224 89 -21
224 208 94
225 5 -7
226 30 -29
227 135 137
227 209 47
228 47 199
228 159 161
229 253 113
230 150 116
230 214 -43
230 221 -18
231 150 144
232 207 -43
232 255 93
232 293 174
235 85 157
236 18 52
236 86 77
236 127 97
238 121 17
239 45 0
239 61 111
239 105 148
241 245 42
242 9 -45
242 28 -39
242 42 169
242 50 119
243 106 173
243 296 88
244 138 -11
244 186 26
244 223 15
245 0 173
245 253 54
246 241 64
246 269 159
247 14 58
247 79 86
247 85 -48
247 86 93
247 202 186
247 223 192
247 253 5
248 165 48
249 5 147
250 273 0
251 7 160
251 26 41
251 61 178
251 122 -32
251 124 188
252 25 188
253 283 -5
254 187 116
255 52 -29
255 269 190
255 280 120
257 68 -45
257 138 36
257 235 147
257 280 102
258 30 6
258 36 193
258 193 61
259 245 159
260 70 128
260 120 161
260 208 84
260 228 73
260 279 21
261 74 71
261 180 -24
261 247 163
262 18 182
263 106 57
263 171 19
264 1 146
264 36 123
264 269 13
265 64 145
265 76 18
266 98 91
266 227 147
267 39 56
269 100 1
269 192 -22
272 274 18
273 131 -32
274 36 187
274 56 120
275 47 185
275 70 183
276 20 -25
276 197 81
277 43 64
277 259 171
278 177 172
278 204 133
280 213 125
281 71 42
281 190 197
283 154 83
284 122 -34
284 183 -22
285 148 46
286 20 145
287 93 70
287 189 20
288 80 -40
288 89 104
288 283 -19
289 141 179
291 81 90
292 119 -13
293 72 106
293 90 94
294 250 -4
295 122 -12
296 241 162
296 264 174
297 260 194
298 181 89
298 203 191
298 279 -26
299 274 92
