50 59 0
0 1 -13
1 2 59
2 3 37
2 48 -40
3 4 62
3 33 -15
4 5 79
5 6 -5
5 30 94
6 7 -40
6 38 -27
7 8 -12
8 9 55
8 46 22
9 10 -42
10 11 82
11 12 -12
11 16 -29
12 13 -4
13 14 0
14 15 88
15 16 47
16 17 -3
16 47 -34
16 49 99
17 18 13
18 19 -5
19 20 56
20 21 33
21 22 -33
21 48 65
22 23 53
23 24 12
24 25 90
25 26 -32
26 27 -38
27 28 -42
28 29 -25
29 30 79
30 31 61
31 32 52
32 33 69
33 34 -42
34 35 -28
35 36 -24
36 37 -21
37 38 -39
38 39 4
39 40 94
40 41 -12
40 47 -33
41 42 -42
42 43 -20
43 44 22
44 45 -25
45 46 -13
46 47 -11
47 48 61
48 49 -43
