100 119 0
0 1 -35
0 15 97
0 89 -43
1 2 -48
1 99 -29
2 3 -37
2 24 -34
3 4 77
4 5 0
4 8 45
5 6 -9
6 7 -37
6 96 5
7 8 41
8 9 64
9 10 52
10 11 -44
11 12 66
12 13 23
13 14 -16
14 15 53
15 16 -13
16 17 65
17 18 -21
17 32 -40
18 19 4
19 20 12
20 21 48
20 26 -31
21 22 -4
21 99 66
22 23 -19
22 59 72
23 24 -20
24 25 52
25 26 -46
25 76 1
26 27 71
27 28 -30
27 51 60
28 29 94
28 92 -39
29 30 -17
30 31 -13
31 32 22
32 33 -10
33 34 -12
34 35 -43
35 36 -31
35 43 -2
36 37 -25
37 38 36
38 39 -4
39 40 -7
40 41 99
41 42 -16
42 43 58
43 44 98
44 45 -22
45 46 93
46 47 -41
47 48 98
47 94 -20
48 49 63
49 50 -47
50 51 97
50 53 71
51 52 73
51 69 67
52 53 -14
53 54 2
54 55 12
55 56 -28
56 57 28
57 58 45
58 59 -39
59 60 -36
60 61 16
61 62 -12
62 63 -26
63 64 -6
64 65 -30
64 89 -40
65 66 37
66 67 50
67 68 -14
68 69 56
69 70 44
70 71 -1
71 72 11
72 73 13
73 74 -32
74 75 -13
75 76 -30
76 77 52
77 78 78
78 79 -43
79 80 18
80 81 97
81 82 -3
82 83 -46
83 84 -33
84 85 89
84 98 79
85 86 -6
86 87 22
87 88 -22
88 89 -2
88 95 25
89 90 -45
90 91 69
91 92 71
92 93 53
93 94 -28
94 95 58
95 96 22
96 97 97
97 98 -27
98 99 41
