100 129 0
0 1 61
1 2 -42
2 3 -18
2 62 63
3 4 -28
3 95 -10
4 5 72
4 46 39
5 6 63
6 7 14
7 8 66
7 59 -48
8 9 -43
9 10 86
9 11 28
10 11 -21
10 61 55
11 12 97
11 46 -47
11 89 -16
12 13 -16
12 93 -37
13 14 30
14 15 44
14 54 76
14 83 -28
15 16 31
15 68 34
16 17 40
17 18 35
18 19 -49
19 20 -45
20 21 24
21 22 -11
22 23 -26
23 24 -10
24 25 13
24 98 24
25 26 -18
26 27 97
26 68 -46
27 28 -19
27 62 98
28 29 -9
28 79 85
28 83 -31
29 30 21
29 62 -28
30 31 44
30 61 -35
31 32 44
32 33 -44
33 34 80
34 35 -20
34 38 -10
35 36 -28
35 98 52
36 37 -47
37 38 -31
38 39 43
38 82 2
39 40 -42
40 41 -13
41 42 -20
42 43 -43
43 44 88
44 45 96
45 46 34
46 47 22
47 48 54
48 49 -21
49 50 84
50 51 43
51 52 -3
52 53 21
53 54 -37
54 55 12
55 56 88
56 57 87
56 81 11
56 89 -48
57 58 34
57 87 99
58 59 -25
59 60 -34
60 61 17
61 62 -35
61 69 -6
62 63 83
62 81 41
63 64 6
63 70 13
64 65 -23
65 66 -3
65 89 89
66 67 77
67 68 0
68 69 -48
68 89 -12
69 70 82
70 71 -44
71 72 -22
72 73 -5
73 74 -47
74 75 71
75 76 -14
76 77 -29
77 78 -13
78 79 -39
79 80 -35
80 81 -29
81 82 40
82 83 -28
83 84 -37
84 85 -19
85 86 23
86 87 7
87 88 56
88 89 30
89 90 -48
90 91 3
91 92 64
92 93 46
93 94 73
94 95 10
95 96 -20
96 97 89
97 98 23
98 99 -41
