50 59 0
0 1 51
1 2 76
2 3 -12
2 5 -37
3 4 -24
3 38 -1
4 5 -48
5 6 53
5 46 -16
6 7 73
7 8 72
8 9 -6
9 10 86
9 38 5
10 11 61
11 12 -17
12 13 -5
12 33 -44
13 14 -42
13 34 -43
13 40 92
14 15 51
15 16 60
15 35 -33
16 17 22
17 18 69
18 19 11
19 20 -10
20 21 -31
21 22 64
22 23 -39
23 24 -38
24 25 -42
25 26 -17
26 27 48
26 29 -43
26 36 0
27 28 -31
28 29 65
29 30 -28
30 31 -15
31 32 -9
32 33 -34
33 34 19
34 35 43
35 36 46
36 37 25
37 38 -14
38 39 18
39 40 -41
40 41 -48
41 42 1
42 43 -2
43 44 -19
44 45 25
45 46 67
46 47 97
47 48 -35
48 49 64
