100 119 0
0 1 -12
1 2 -28
2 3 -5
3 4 -48
4 5 81
4 59 -26
5 6 15
6 7 3
7 8 -38
8 9 34
8 37 -20
9 10 -18
10 11 -11
11 12 -37
11 44 -24
12 13 70
12 89 39
13 14 66
14 15 7
15 16 -21
15 37 36
16 17 -19
16 76 44
17 18 77
18 19 85
19 20 37
20 21 -49
21 22 -8
22 23 -42
23 24 -18
24 25 27
24 93 86
25 26 6
26 27 -40
27 28 74
28 29 89
29 30 0
30 31 -36
31 32 94
32 33 -31
33 34 91
34 35 16
34 76 5
35 36 -39
36 37 40
37 38 -35
38 39 -8
39 40 -20
40 41 57
41 42 82
42 43 29
42 66 31
43 44 39
43 69 -39
44 45 96
45 46 99
46 47 -15
47 48 33
48 49 -39
49 50 -31
50 51 41
51 52 56
51 53 -8
52 53 87
53 54 55
54 55 55
55 56 -17
55 95 -21
56 57 -33
57 58 -11
58 59 89
58 84 -27
59 60 -39
59 81 -35
60 61 74
60 81 93
61 62 25
62 63 -3
62 79 -10
63 64 15
64 65 -1
65 66 -18
66 67 -9
67 68 -30
68 69 73
69 70 41
69 93 20
70 71 -4
71 72 99
72 73 -38
73 74 -13
74 75 0
75 76 -29
75 79 64
76 77 -1
77 78 -25
78 79 93
79 80 -22
79 92 15
80 81 -33
81 82 -48
82 83 -10
83 84 -13
84 85 19
85 86 96
86 87 -39
87 88 52
88 89 88
89 90 -4
90 91 9
91 92 -30
92 93 -43
93 94 46
93 95 49
94 95 -30
95 96 -21
96 97 -33
97 98 -20
98 99 -4
