100 129 0
0 1 -40
1 2 -43
1 59 60
1 85 -34
2 3 -27
3 4 -25
4 5 4
4 64 99
4 84 -49
5 6 23
6 7 56
7 8 -25
8 9 82
8 62 -37
9 10 98
10 11 46
10 88 -43
11 12 -19
12 13 97
13 14 -2
14 15 -32
14 32 -36
15 16 -4
16 17 -40
16 71 35
17 18 -23
17 32 -11
18 19 5
19 20 85
19 45 79
20 21 -2
21 22 80
22 23 -45
22 47 -39
23 24 -25
23 79 -6
24 25 -22
24 51 69
24 70 90
25 26 66
26 27 1
27 28 27
27 53 99
28 29 -40
29 30 92
30 31 -17
31 32 31
32 33 84
33 34 4
33 93 -34
34 35 -36
34 41 -13
34 76 19
35 36 25
36 37 68
37 38 75
37 51 5
38 39 20
39 40 74
40 41 -8
41 42 -18
42 43 84
43 44 -5
44 45 -33
45 46 87
46 47 -38
47 48 97
48 49 -17
49 50 -8
49 96 -7
50 51 0
50 91 22
51 52 -12
51 59 -9
52 53 65
52 83 43
53 54 29
54 55 77
55 56 57
56 57 -9
56 68 -43
57 58 -42
57 82 -20
58 59 79
59 60 53
59 97 -6
60 61 2
61 62 -24
62 63 -15
63 64 80
64 65 79
65 66 -39
65 71 -19
66 67 38
66 85 60
67 68 -3
68 69 -26
69 70 -19
70 71 -37
71 72 96
72 73 0
73 74 -35
74 75 -12
75 76 -12
75 81 89
76 77 -2
77 78 -47
78 79 -31
78 86 -14
79 80 -35
80 81 43
81 82 16
82 83 -11
83 84 -15
84 85 -3
85 86 -12
86 87 98
87 88 45
88 89 -3
89 90 38
90 91 29
91 92 4
92 93 -36
93 94 34
94 95 -2
95 96 36
96 97 -32
97 98 -26
98 99 68
