200 300 0
0 1 4
0 57 0
1 2 0
1 21 0
1 111 -2
1 182 0
2 3 8
2 40 7
2 65 -1
2 70 0
2 164 0
3 4 0
4 5 0
4 86 -1
5 6 5
5 143 0
6 7 3
6 148 -2
7 8 0
7 43 4
8 9 9
8 121 0
8 179 6
9 10 0
9 148 -1
10 11 2
10 74 6
10 119 -1
11 12 -1
12 13 0
13 14 -1
13 108 2
14 15 -2
14 170 0
15 16 -2
15 20 -2
15 124 -1
15 126 3
15 128 0
15 129 9
16 17 2
16 97 -1
17 18 3
18 19 -1
18 47 -1
19 20 1
19 66 -1
20 21 -2
21 22 -2
22 23 -1
22 36 0
22 48 -1
23 24 -1
24 25 0
24 118 6
25 26 0
25 142 0
26 27 -1
26 138 -1
27 28 -2
27 127 4
28 29 -1
28 153 0
29 30 9
29 99 0
30 31 0
31 32 0
32 33 0
32 191 8
33 34 6
33 57 6
34 35 0
34 75 8
35 36 0
36 37 0
36 118 -2
37 38 6
38 39 -2
39 40 -2
40 41 5
40 43 -2
40 156 0
41 42 2
42 43 4
42 167 8
43 44 -1
44 45 0
45 46 1
45 195 3
45 198 1
46 47 0
46 138 0
47 48 0
48 49 8
48 74 0
49 50 8
50 51 -1
50 94 4
51 52 2
52 53 0
52 55 0
53 54 0
54 55 0
54 67 3
55 56 -2
56 57 0
57 58 -1
58 59 1
59 60 -1
59 183 -1
60 61 -1
60 114 3
61 62 0
62 63 6
62 100 0
62 114 1
63 64 -1
63 95 -2
64 65 9
64 102 6
65 66 -1
66 67 8
67 68 -1
68 69 3
68 133 7
69 70 -1
70 71 0
71 72 4
71 197 0
72 73 8
72 185 0
73 74 -1
74 75 0
75 76 9
76 77 0
76 176 5
77 78 6
77 93 0
78 79 2
78 197 4
79 80 0
79 154 0
80 81 -1
81 82 9
81 141 1
81 181 -1
82 83 -2
82 90 -1
83 84 7
84 85 3
85 86 0
86 87 2
87 88 3
88 89 3
89 90 8
89 98 -1
90 91 2
91 92 4
91 146 2
91 187 -2
92 93 3
93 94 0
93 106 9
94 95 -1
95 96 0
96 97 6
97 98 0
98 99 1
99 100 -1
99 134 5
100 101 -1
101 102 -1
101 121 -2
102 103 6
102 191 5
103 104 0
103 175 5
104 105 -2
104 151 4
105 106 0
105 153 3
106 107 -1
107 108 3
108 109 0
108 129 0
109 110 1
110 111 2
110 129 -1
110 132 6
111 112 -1
112 113 5
112 143 -2
112 182 -1
113 114 9
113 125 8
114 115 -1
114 142 -2
115 116 9
116 117 0
117 118 2
117 151 -2
118 119 -1
118 157 8
119 120 8
120 121 9
120 155 2
120 169 6
121 122 0
122 123 -1
123 124 3
124 125 8
125 126 -1
125 163 -1
125 189 7
126 127 -1
127 128 -2
128 129 0
128 193 1
129 130 5
130 131 0
131 132 6
132 133 0
133 134 -1
134 135 0
135 136 -2
136 137 -1
137 138 0
137 192 0
138 139 3
139 140 4
140 141 -1
141 142 -2
142 143 2
143 144 -1
144 145 3
145 146 2
145 166 -1
146 147 1
147 148 -1
147 167 3
148 149 8
148 160 -2
149 150 -1
149 193 6
150 151 0
151 152 -2
152 153 -1
153 154 1
154 155 0
155 156 7
156 157 7
157 158 0
158 159 3
159 160 -1
160 161 1
161 162 6
162 163 2
163 164 3
164 165 1
165 166 6
166 167 0
167 168 8
168 169 0
169 170 -1
169 196 1
170 171 0
171 172 6
172 173 -1
173 174 -1
174 175 9
174 198 0
175 176 7
176 177 2
176 186 0
177 178 5
178 179 -1
179 180 -2
180 181 4
181 182 0
182 183 -2
182 184 -1
183 184 0
183 193 -1
184 185 0
185 186 0
186 187 0
187 188 1
188 189 0
189 190 -1
190 191 1
191 192 -1
192 193 0
193 194 6
194 195 -1
195 196 9
196 197 7
196 198 0
197 198 4
198 199 0
199 0 -1
