300 500 0
0 1 -20
0 241 16
0 248 80
1 2 49
1 123 -23
1 138 -20
2 3 24
2 99 -13
2 114 -9
2 163 50
2 237 14
2 281 0
3 4 74
4 5 43
4 7 31
4 185 -1
4 186 -10
5 6 58
5 57 52
5 110 -21
5 234 -4
6 7 20
6 98 6
6 238 -18
7 8 13
7 113 34
7 276 -6
8 9 -15
8 87 30
8 172 62
9 10 -9
10 11 65
10 61 -24
11 12 -6
11 27 94
11 30 -9
11 112 73
11 152 74
12 13 54
12 155 -2
13 14 -19
13 247 97
14 15 -4
15 16 -24
15 264 -5
16 17 -7
17 18 87
17 141 42
17 174 -5
17 204 -3
18 19 -5
18 168 24
19 20 74
19 196 1
19 201 -3
20 21 -2
21 22 94
21 23 -11
22 23 48
22 37 41
22 76 -7
22 98 -6
22 121 33
22 240 -3
23 24 20
23 150 96
24 25 -15
24 49 -6
25 26 -23
25 74 93
25 121 10
26 27 -2
26 88 -16
26 193 -13
27 28 46
28 29 95
29 30 -12
29 146 -19
30 31 -12
31 32 -20
31 165 91
32 33 97
32 179 29
32 255 76
33 34 -3
33 248 15
33 291 -15
34 35 81
34 176 -3
34 280 20
35 36 78
36 37 -16
36 208 -15
37 38 4
37 197 48
37 275 63
38 39 -3
39 40 72
40 41 24
40 99 95
40 194 80
41 42 -22
41 157 -10
42 43 61
42 272 68
43 44 67
43 169 -17
43 185 -19
43 261 -6
43 280 17
44 45 -13
44 161 -3
45 46 -12
45 246 24
46 47 -10
46 89 64
47 48 -22
48 49 71
49 50 -10
50 51 43
51 52 68
52 53 -8
52 139 -22
52 176 -17
52 181 -9
52 195 -12
53 54 -6
53 63 -18
53 119 -22
54 55 -12
55 56 -15
56 57 -24
57 58 5
58 59 53
58 85 78
58 230 -2
59 60 -23
59 170 56
60 61 -6
60 243 -4
60 268 25
61 62 63
61 69 94
61 117 -20
62 63 48
63 64 64
63 230 -12
64 65 18
64 172 89
64 176 -2
65 66 73
65 227 98
66 67 6
67 68 -1
68 69 -3
68 249 38
69 70 -20
69 190 -13
70 71 86
70 88 17
71 72 -17
71 180 -12
72 73 64
72 282 42
73 74 -11
73 152 54
73 179 -17
73 193 13
74 75 -5
75 76 30
76 77 98
76 242 14
77 78 54
78 79 -22
78 272 88
78 278 -16
79 80 -10
79 189 -20
80 81 -24
81 82 93
82 83 9
83 84 79
83 95 37
84 85 -20
85 86 -18
85 167 -1
85 204 20
85 264 -20
86 87 60
86 100 67
86 159 -14
87 88 -11
87 176 47
87 263 -24
88 89 -20
88 164 -19
88 187 -16
88 233 79
89 90 -11
90 91 -11
90 179 -5
91 92 20
91 217 -10
92 93 -11
93 94 56
93 119 87
93 122 -15
94 95 -1
95 96 -10
96 97 1
97 98 65
98 99 -11
99 100 38
99 142 -12
99 183 -16
100 101 41
100 275 10
101 102 1
102 103 21
103 104 29
104 105 71
105 106 79
105 128 -11
105 202 38
106 107 0
106 251 93
107 108 15
108 109 0
109 110 -15
109 224 -20
109 226 -22
110 111 94
111 112 51
112 113 88
112 271 14
113 114 2
114 115 31
115 116 55
116 117 57
116 134 -4
116 135 -17
117 118 -12
117 180 14
117 213 -4
118 119 -3
118 165 -17
118 177 35
119 120 -23
119 238 -16
120 121 -1
121 122 35
122 123 6
123 124 -21
123 190 24
124 125 3
124 150 97
125 126 35
125 145 -1
126 127 4
127 128 -9
127 154 61
128 129 65
129 130 77
129 198 -20
129 278 74
129 299 77
130 131 -10
130 209 69
130 243 54
131 132 67
132 133 -23
133 134 -11
134 135 -11
135 136 -5
136 137 6
136 148 94
136 206 -12
137 138 13
138 139 87
139 140 -8
140 141 -16
140 215 30
141 142 20
141 264 45
142 143 99
143 144 -10
144 145 -5
144 182 -2
144 250 0
145 146 41
146 147 -4
146 254 94
147 148 96
148 149 -11
148 245 -16
149 150 16
149 273 -4
150 151 72
150 267 10
151 152 74
152 153 36
153 154 -11
154 155 -18
155 156 -9
156 157 -4
157 158 -11
157 194 -22
158 159 79
158 190 62
158 281 -5
159 160 -4
159 182 -24
160 161 70
160 163 86
161 162 72
162 163 27
163 164 -19
163 244 39
164 165 -14
164 240 -2
165 166 0
165 286 87
166 167 28
166 175 -15
167 168 -17
168 169 57
169 170 -17
170 171 88
171 172 52
172 173 61
173 174 0
174 175 0
175 176 13
176 177 -24
177 178 48
178 179 -3
178 258 77
178 271 -17
178 289 11
179 180 -13
180 181 -18
180 209 96
181 182 53
181 267 48
182 183 97
182 228 84
182 250 -20
182 265 33
183 184 -2
183 250 29
184 185 -23
184 274 32
185 186 -24
186 187 -1
186 207 -12
186 265 48
187 188 -1
187 274 91
187 286 24
188 189 74
189 190 -15
189 276 -23
190 191 63
191 192 -9
192 193 -24
193 194 10
193 236 12
194 195 8
195 196 66
196 197 -7
196 249 -3
196 272 -6
197 198 -16
197 298 -21
198 199 -20
199 200 -14
199 286 14
200 201 -17
201 202 32
202 203 14
202 272 -23
203 204 7
204 205 73
205 206 -6
205 236 -4
206 207 -9
207 208 -21
207 209 65
208 209 -21
208 233 61
209 210 37
209 296 45
210 211 -1
211 212 -24
212 213 76
213 214 -17
213 298 -1
214 215 -3
215 216 -5
215 243 -3
215 278 -15
216 217 -15
216 281 60
217 218 9
218 219 43
219 220 -8
219 276 70
220 221 -11
221 222 -13
221 251 39
222 223 47
223 224 93
224 225 16
225 226 -1
226 227 -13
227 228 -22
228 229 92
228 235 -1
229 230 65
230 231 -17
231 232 0
231 261 45
232 233 -20
233 234 -14
234 235 -18
234 281 47
235 236 -10
236 237 61
237 238 0
238 239 -12
239 240 -1
239 272 -8
240 241 -5
241 242 -2
241 245 -15
242 243 98
243 244 49
244 245 62
245 246 -19
246 247 9
247 248 -14
247 257 8
247 295 34
248 249 -20
249 250 -7
250 251 23
251 252 8
252 253 80
253 254 -1
254 255 84
255 256 -23
256 257 71
257 258 -14
258 259 11
259 260 95
260 261 38
261 262 -24
262 263 7
262 286 -17
263 264 38
264 265 0
265 266 54
266 267 -6
266 276 53
267 268 -21
268 269 4
269 270 -14
270 271 29
270 290 -3
271 272 39
272 273 -22
273 274 94
273 291 -5
274 275 65
275 276 77
276 277 57
277 278 -15
278 279 -21
279 280 -23
280 281 0
281 282 11
282 283 50
283 284 59
284 285 68
285 286 58
286 287 22
287 288 35
288 289 55
288 297 41
289 290 12
290 291 62
291 292 39
292 293 -5
293 294 -5
294 295 -16
295 296 -2
296 297 -2
297 298 27
298 299 85
299 0 -2
