200 249 0
0 1 921
0 174 -97
1 2 -68
1 37 638
2 3 -80
3 4 -149
4 5 746
4 133 -386
5 6 -294
6 7 -57
6 85 -353
7 8 -150
8 9 800
9 10 50
10 11 -153
10 15 -350
11 12 -121
11 113 -398
12 13 136
13 14 -410
14 15 -290
15 16 -313
15 95 593
15 114 -309
16 17 180
17 18 685
18 19 -65
18 66 -491
19 20 67
20 21 -385
21 22 -373
21 102 331
22 23 -187
22 40 -87
23 24 946
24 25 142
24 96 860
25 26 -384
25 166 579
26 27 703
27 28 0
28 29 -218
29 30 836
30 31 -234
31 32 -144
31 153 -346
32 33 -112
32 109 -295
32 185 -446
33 34 -74
33 134 810
34 35 882
35 36 149
36 37 323
37 38 -22
37 52 244
38 39 -266
38 162 -410
39 40 -97
40 41 360
40 155 -213
41 42 -61
42 43 840
43 44 -142
43 86 -471
44 45 -470
44 152 613
45 46 -343
46 47 -127
46 175 334
47 48 -309
48 49 396
49 50 -140
50 51 -174
50 136 -8
51 52 -185
52 53 -333
53 54 -154
54 55 458
54 90 -271
55 56 -30
56 57 -233
57 58 393
58 59 -469
59 60 -192
59 189 -9
59 194 495
60 61 418
61 62 382
61 117 665
62 63 -471
63 64 -354
63 99 799
64 65 272
65 66 -278
66 67 -352
67 68 116
68 69 702
69 70 -243
70 71 696
71 72 -434
72 73 428
73 74 -113
74 75 459
74 114 464
75 76 -42
76 77 -477
77 78 -24
78 79 846
79 80 -57
80 81 158
80 164 972
81 82 174
82 83 945
83 84 -4
84 85 275
84 105 277
85 86 694
86 87 -433
87 88 265
87 194 -156
88 89 700
88 151 614
89 90 337
90 91 -404
91 92 -353
92 93 -28
93 94 -337
93 143 182
93 156 770
94 95 318
95 96 -53
96 97 -121
97 98 -311
98 99 96
99 100 -162
100 101 597
101 102 -315
102 103 703
102 137 931
103 104 -65
104 105 -419
104 148 279
105 106 -296
106 107 -335
106 108 -271
106 124 -265
107 108 -193
108 109 -196
109 110 -199
110 111 -288
111 112 -275
111 187 47
112 113 -30
113 114 -391
114 115 -257
115 116 103
116 117 -152
117 118 -181
118 119 378
119 120 -91
119 190 564
120 121 -239
121 122 -103
122 123 -261
123 124 753
124 125 -94
125 126 541
126 127 -243
127 128 -136
128 129 -353
129 130 223
130 131 264
131 132 233
131 199 -290
132 133 -100
133 134 522
134 135 336
135 136 240
136 137 -163
137 138 -31
138 139 -299
139 140 386
139 187 846
140 141 499
140 187 248
141 142 386
141 197 -37
142 143 -269
143 144 378
144 145 -266
144 158 -257
145 146 -336
146 147 742
147 148 3
148 149 468
149 150 -127
150 151 -401
151 152 -449
152 153 -45
153 154 -496
154 155 -415
155 156 103
156 157 402
157 158 -184
158 159 648
159 160 -413
160 161 587
161 162 -373
162 163 670
163 164 594
164 165 -92
165 166 546
166 167 -147
167 168 -471
168 169 889
169 170 -159
170 171 774
171 172 -211
172 173 -292
172 181 893
173 174 -38
174 175 -146
175 176 912
176 177 589
177 178 552
178 179 -168
179 180 588
180 181 -320
181 182 361
182 183 91
183 184 502
184 185 523
184 193 -108
185 186 600
186 187 -89
187 188 -225
188 189 -56
189 190 613
190 191 -438
191 192 364
192 193 -410
193 194 331
194 195 894
194 199 -396
195 196 810
196 197 -259
197 198 -492
198 199 150
