200 399 0
0 1 446
0 2 2247
0 28 3524
0 178 3957
1 2 6776
1 34 1084
1 54 -3540
2 3 1727
2 158 9720
2 180 4174
3 4 -3664
3 152 -1814
3 160 4389
3 168 -3737
4 5 -3667
4 32 6572
4 53 4067
4 150 9681
4 175 -365
5 6 -3414
5 57 -3188
6 7 -1194
7 8 6730
7 29 -4313
7 93 8443
7 173 -123
7 194 4334
8 9 -887
9 10 -1340
9 101 7019
10 11 -1031
10 198 -3048
11 12 8133
11 41 1613
11 67 -4042
11 174 -555
12 13 6701
13 14 59
14 15 -1954
14 79 -525
14 155 7448
15 16 1755
15 138 160
15 153 5154
16 17 3299
16 109 4773
17 18 -4374
17 100 -3185
17 118 5743
17 145 -3777
17 185 -3849
18 19 -1560
19 20 1007
20 21 -1122
20 25 7575
20 38 6800
21 22 -2902
21 40 3348
21 85 -4135
21 115 8860
22 23 -4381
22 58 -3994
22 110 -1068
22 189 -2182
23 24 2604
23 43 4912
23 95 -129
23 98 9204
23 112 554
23 123 -587
24 25 -945
24 54 7766
24 69 4822
25 26 3759
25 110 6940
25 169 -2905
26 27 -1539
26 46 9247
26 51 -792
27 28 3014
27 197 -4997
28 29 -1420
28 180 1938
28 190 4638
29 30 -3590
30 31 -2462
30 61 5748
30 183 4399
30 184 2464
31 32 5463
32 33 4050
32 90 425
33 34 -244
34 35 -4121
34 116 -3671
34 174 -2541
34 195 -4546
35 36 6901
36 37 9188
37 38 -134
38 39 6309
38 110 4459
38 162 -1731
38 177 1280
38 192 -4391
39 40 9674
39 126 3375
40 41 -1099
40 74 -4042
40 150 -2575
41 42 1729
41 44 7624
41 63 8005
41 92 5740
41 120 8325
42 43 5972
43 44 5314
43 63 -2617
43 98 -332
43 147 -3966
44 45 6397
44 75 -4621
45 46 -2680
45 58 -405
45 186 -3648
46 47 -3267
46 169 605
47 48 4180
47 62 8353
47 100 -4955
47 177 6472
48 49 613
49 50 9037
50 51 -1433
50 162 6746
51 52 -4004
51 139 5792
52 53 -4479
52 78 1518
52 82 -3873
52 136 -3799
52 168 -1181
53 54 4934
53 65 -3703
53 161 -4275
53 173 -4826
54 55 -722
55 56 -761
55 195 -2078
56 57 1726
56 59 9381
57 58 7231
57 116 4891
58 59 186
58 66 3155
58 67 4470
58 160 -2394
59 60 2892
59 92 -4626
59 167 1241
60 61 6954
60 98 -205
61 62 5888
61 131 -130
62 63 5916
62 116 3674
63 64 447
63 92 6838
64 65 1322
64 81 478
65 66 3200
65 132 -774
65 156 -4935
66 67 6884
66 76 3165
66 139 -1160
67 68 -4723
68 69 -2550
68 139 7606
69 70 149
70 71 2740
71 72 -3061
71 169 1068
72 73 4684
72 95 373
72 115 -2263
73 74 -1806
73 111 -1381
74 75 6775
74 83 8409
74 140 4928
74 152 -3070
74 163 4840
75 76 8557
75 166 -4509
76 77 -1254
76 107 2441
76 138 -703
77 78 -4335
77 100 -4802
77 122 -1353
78 79 -2391
79 80 -989
80 81 -2776
80 193 5884
80 199 -1730
81 82 -3252
81 108 1196
81 173 1872
82 83 8221
83 84 2993
83 142 -2482
83 169 -4221
84 85 -455
84 164 9689
85 86 -1089
85 162 -1635
85 190 -3321
86 87 5952
86 179 -2707
87 88 4356
88 89 -2358
88 172 -2702
89 90 3671
89 121 424
89 160 6758
90 91 -2954
90 125 685
90 189 5203
91 92 -4463
91 139 -2524
91 147 7329
91 161 6241
91 194 2466
92 93 7198
93 94 -78
94 95 8726
94 123 -215
95 96 3108
96 97 -2131
96 108 -4511
96 156 9263
97 98 -3749
98 99 -4961
99 100 5071
99 149 -1299
99 181 6304
100 101 -874
100 146 9764
100 162 -1532
101 102 -3673
101 158 7747
101 190 1648
101 193 8361
102 103 -1184
103 104 1142
104 105 -3892
105 106 -2792
106 107 -1718
107 108 4286
108 109 -2594
109 110 2677
110 111 3872
111 112 8994
111 127 -1254
111 146 -4415
112 113 -1976
113 114 9190
113 137 3097
113 185 5325
114 115 -2865
115 116 -2202
115 186 -4034
116 117 8207
116 193 -2740
117 118 9925
117 130 -508
118 119 843
119 120 2122
119 168 -2908
119 173 -4326
119 186 6664
120 121 8613
120 148 -2716
120 155 5277
120 165 4641
121 122 1691
121 126 2252
121 151 1883
122 123 -533
122 167 -4238
122 168 7914
123 124 -1378
123 199 -2411
124 125 -3002
124 153 -2192
125 126 2725
125 132 -2629
125 152 -1528
126 127 -1226
126 156 6123
127 128 -3081
127 167 -292
128 129 -3833
129 130 4982
129 149 -2277
130 131 5818
131 132 9721
131 170 7755
132 133 -3373
132 173 3878
133 134 -652
134 135 2647
134 136 -2193
135 136 9592
136 137 -292
136 142 5445
137 138 4074
137 182 2493
138 139 -4351
139 140 6132
139 182 -4951
140 141 9758
140 195 9780
141 142 -4392
142 143 9998
143 144 3463
144 145 6842
145 146 8278
146 147 4668
147 148 -2079
147 175 6920
147 196 3309
148 149 5897
149 150 1930
150 151 3541
151 152 -2835
151 187 3002
152 153 9682
153 154 8216
153 198 8867
154 155 5676
155 156 4411
156 157 -4036
157 158 2765
157 197 -1978
158 159 5306
158 168 6486
158 186 -2384
159 160 8086
159 170 6722
159 183 8137
160 161 8474
161 162 1257
162 163 3482
163 164 1312
164 165 6135
165 166 7953
166 167 5059
166 186 3825
167 168 7924
168 169 6202
169 170 -3996
170 171 -2392
170 182 -2165
171 172 -2892
172 173 -1692
173 174 8239
173 181 -4335
173 183 -1039
174 175 -3313
175 176 9836
176 177 665
177 178 -4497
178 179 -1827
179 180 -4733
179 187 -4204
180 181 -4632
180 191 6137
181 182 4619
182 183 4447
183 184 -3487
184 185 1051
184 191 -3174
185 186 -3676
186 187 5176
187 188 8345
188 189 5450
189 190 -2477
190 191 3980
191 192 -2612
192 193 -4734
192 194 -2937
193 194 -3126
194 195 -3014
195 196 3915
196 197 8843
197 198 -3559
198 199 8451
