499 699 0
0 1 391
0 112 -119
0 257 66
1 2 -176
2 3 -215
3 4 674
3 63 248
4 5 -182
5 6 149
5 100 671
6 7 -222
6 106 907
6 397 -5
7 8 165
7 216 -4
7 484 829
8 9 316
9 10 253
9 431 -98
10 11 520
11 12 561
11 343 694
12 13 807
12 483 599
13 14 -143
13 47 251
13 360 -8
13 382 201
13 455 -182
14 15 465
15 16 27
16 17 -177
16 465 529
17 18 286
17 303 -235
17 342 112
17 437 -71
18 19 -131
18 361 915
18 378 905
19 20 118
20 21 757
21 22 -66
22 23 -62
22 311 653
23 24 -103
23 308 -7
24 25 -16
25 26 664
26 27 -202
26 327 -93
27 28 -95
27 168 593
28 29 158
29 30 306
29 208 188
29 295 -235
30 31 -234
31 32 953
32 33 950
33 34 -223
34 35 -101
34 259 116
35 36 -153
36 37 -157
37 38 -10
37 102 -171
38 39 887
39 40 487
40 41 127
41 42 -107
42 43 571
43 44 -111
44 45 808
44 310 221
45 46 -92
45 366 -22
46 47 242
47 48 -11
48 49 -105
49 50 459
49 267 -95
49 368 401
50 51 -80
51 52 -105
52 53 317
53 54 386
53 421 -125
54 55 452
54 141 -137
54 188 490
55 56 -223
55 270 231
55 368 -16
56 57 915
57 58 -202
58 59 -100
58 296 -74
59 60 -216
60 61 -85
61 62 61
61 336 810
62 63 -45
62 201 -45
62 328 834
62 444 558
63 64 -233
64 65 112
64 484 -143
65 66 -98
66 67 -121
66 120 672
66 279 -221
67 68 383
68 69 -48
68 400 -160
69 70 533
70 71 389
71 72 -163
72 73 689
73 74 -33
73 167 624
74 75 -158
75 76 -94
76 77 623
77 78 -236
78 79 801
78 126 -215
79 80 -148
80 81 803
81 82 -128
82 83 977
83 84 521
83 287 -214
83 439 -195
84 85 681
85 86 -78
86 87 225
86 378 -46
86 392 839
87 88 -170
88 89 420
88 303 -135
88 406 841
88 459 -178
89 90 441
89 399 229
90 91 537
91 92 -133
91 101 574
91 274 -152
91 491 782
92 93 -240
93 94 -117
94 95 846
95 96 519
95 212 -131
96 97 836
97 98 -228
97 122 793
97 371 233
98 99 77
98 122 -34
98 236 474
98 367 245
99 100 549
100 101 -247
101 102 250
102 103 -193
102 126 -10
103 104 -214
104 105 337
104 444 810
105 106 -19
105 417 -31
106 107 570
107 108 21
107 389 513
107 392 745
108 109 259
108 407 -158
109 110 -54
109 281 -179
109 496 58
110 111 79
111 112 827
112 113 -237
112 114 -190
113 114 32
114 115 -54
115 116 934
116 117 789
116 158 -214
117 118 -42
117 408 696
118 119 651
118 162 283
119 120 574
119 189 -87
119 288 -228
120 121 -96
121 122 -136
122 123 -161
123 124 992
124 125 396
125 126 -82
125 186 -243
126 127 533
127 128 -244
127 381 -165
128 129 318
129 130 -228
129 265 -103
130 131 596
131 132 -154
132 133 -39
133 134 60
134 135 283
134 212 -23
135 136 -117
135 395 314
136 137 -201
137 138 -123
137 403 -125
138 139 995
138 366 876
138 461 -210
139 140 161
139 178 881
139 313 -197
140 141 -65
141 142 -225
141 351 238
142 143 -77
142 431 552
143 144 -42
143 164 448
144 145 -174
145 146 860
145 244 -37
146 147 805
147 148 -179
148 149 943
149 150 490
150 151 -141
151 152 399
152 153 49
152 176 -70
153 154 -66
154 155 153
155 156 384
155 335 163
155 338 -201
156 157 -47
157 158 -165
158 159 -110
158 368 395
159 160 637
159 432 430
160 161 63
161 162 127
162 163 56
162 492 -131
163 164 -56
163 367 848
164 165 -50
165 166 626
166 167 352
166 482 -55
167 168 -162
168 169 884
169 170 -18
170 171 -58
170 273 -21
171 172 -139
171 396 -168
172 173 754
172 186 605
173 174 -50
174 175 -124
175 176 -166
176 177 -210
177 178 -189
177 194 267
178 179 -171
179 180 -110
180 181 -173
180 290 -33
181 182 -50
182 183 -103
182 380 -164
183 184 611
184 185 -20
185 186 910
185 464 -50
186 187 837
187 188 -228
187 390 148
188 189 -123
189 190 -127
190 191 -67
190 395 447
191 192 805
191 245 -111
192 193 72
193 194 -223
193 360 629
194 195 -70
194 487 -64
195 196 -233
195 239 38
195 312 427
195 497 495
196 197 -130
196 302 -64
197 198 525
198 199 364
199 200 993
199 214 -92
199 376 100
199 481 812
200 201 543
201 202 772
201 204 788
202 203 915
203 204 -215
204 205 29
204 447 -209
205 206 -97
206 207 57
207 208 -12
207 458 817
208 209 -134
209 210 -221
210 211 -126
210 266 335
211 212 761
212 213 -125
213 214 537
214 215 -172
215 216 619
215 246 -110
215 372 -95
215 397 -73
216 217 -40
216 382 358
217 218 765
218 219 567
218 375 356
219 220 -84
219 294 395
219 349 -226
220 221 -35
220 264 -128
220 299 -161
220 333 679
221 222 672
222 223 729
223 224 -52
223 429 733
223 440 -28
224 225 -84
224 282 38
225 226 -148
225 426 15
226 227 -172
226 230 -10
226 375 880
227 228 187
227 391 -162
228 229 506
229 230 47
230 231 -56
230 359 355
231 232 713
232 233 874
233 234 -121
233 310 398
234 235 954
235 236 -84
236 237 -87
237 238 998
238 239 515
239 240 876
240 241 209
241 242 723
242 243 131
243 244 69
244 245 -228
244 468 989
245 246 -186
246 247 216
247 248 789
247 365 664
247 373 187
247 441 222
248 249 -222
249 250 -191
250 251 131
251 252 -107
251 283 123
251 304 574
251 314 -198
252 253 926
253 254 781
253 330 -81
254 255 -132
255 256 -201
256 257 -195
256 377 630
257 258 -81
257 414 -12
258 259 723
259 260 285
260 261 -78
261 262 764
261 415 394
262 263 914
263 264 -182
264 265 -37
265 266 -118
266 267 -72
267 268 301
267 385 835
268 269 -98
269 270 295
269 391 -45
270 271 567
270 436 -239
271 272 -61
271 353 -88
271 415 -123
272 273 -87
273 274 -243
273 353 -212
274 275 698
275 276 -139
276 277 630
277 278 212
278 279 -192
278 472 21
279 280 -86
280 281 -107
280 394 29
281 282 593
282 283 -204
283 284 -206
283 467 -89
284 285 -88
285 286 -167
286 287 689
287 288 -126
288 289 -170
288 441 -88
289 290 827
290 291 531
290 380 -128
291 292 524
291 398 -38
292 293 976
293 294 503
294 295 761
295 296 -118
296 297 306
297 298 -241
297 316 -106
298 299 298
299 300 335
300 301 218
301 302 -3
302 303 -4
303 304 -175
303 416 25
304 305 153
305 306 -159
306 307 146
306 454 -62
307 308 -182
308 309 -145
309 310 667
309 484 -159
309 493 934
310 311 -248
311 312 -79
312 313 788
313 314 -167
314 315 107
314 406 -78
314 438 -232
315 316 171
316 317 962
316 334 432
316 449 280
316 456 -21
317 318 613
318 319 138
318 390 260
319 320 -106
320 321 45
320 456 -130
321 322 879
322 323 -7
323 324 571
323 478 -52
324 325 894
325 326 698
325 447 754
326 327 -39
327 328 -195
328 329 -39
329 330 -203
330 331 -66
331 332 703
331 428 43
332 333 -208
333 334 -145
334 335 723
335 336 -220
336 337 -199
337 338 -182
338 339 954
339 340 -184
340 341 174
341 342 917
342 343 -137
343 344 -55
343 361 -114
344 345 734
345 346 602
346 347 300
347 348 -103
348 349 39
349 350 407
350 351 112
350 403 492
350 431 -110
351 352 -145
351 424 -131
352 353 9
352 498 29
353 354 381
354 355 604
355 356 -53
356 357 596
357 358 840
358 359 941
359 360 -177
360 361 988
361 362 -61
361 476 -110
362 363 -122
363 364 -168
364 365 -40
364 373 38
365 366 789
366 367 -231
366 418 320
366 427 -198
367 368 -116
368 369 -180
369 370 -187
370 371 643
370 384 54
371 372 840
372 373 -214
373 374 676
374 375 -202
375 376 -116
376 377 744
377 378 -107
378 379 -57
379 380 346
380 381 -55
381 382 180
382 383 -138
383 384 -240
383 410 -190
384 385 -59
385 386 429
386 387 992
387 388 -227
388 389 -39
389 390 -132
390 391 -222
391 392 -209
391 455 -7
392 393 361
392 401 52
393 394 -151
394 395 912
395 396 -70
396 397 -202
397 398 361
398 399 -20
398 413 -225
399 400 -148
400 401 -119
401 402 555
402 403 426
403 404 507
403 495 -161
404 405 -235
405 406 912
406 407 -179
407 408 282
408 409 204
409 410 -59
410 411 -113
411 412 -161
411 417 850
412 413 235
413 414 145
414 415 436
415 416 378
416 417 -46
417 418 173
418 419 67
419 420 957
420 421 671
421 422 376
422 423 -98
423 424 -237
424 425 680
425 426 227
426 427 -136
427 428 563
428 429 -166
429 430 896
430 431 430
431 432 546
432 433 803
433 434 -12
434 435 172
435 436 232
436 437 340
437 438 -236
438 439 -184
439 440 81
439 460 -116
439 493 568
440 441 -201
441 442 228
442 443 -164
443 444 564
444 445 428
445 446 896
446 447 749
447 448 -109
448 449 -75
449 450 -25
450 451 -155
451 452 3
452 453 -141
453 454 278
454 455 -107
455 456 480
456 457 643
457 458 889
458 459 -102
459 460 882
460 461 875
461 462 382
462 463 336
463 464 238
464 465 96
465 466 770
466 467 -77
467 468 -21
468 469 372
469 470 -213
470 471 992
471 472 -208
472 473 337
473 474 966
474 475 -4
475 476 -79
476 477 -63
477 478 549
478 479 -158
479 480 -183
480 481 -210
481 482 186
482 483 -37
483 484 -226
484 485 -51
485 486 -64
486 487 766
487 488 532
488 489 -162
489 490 -154
490 491 -9
491 492 -242
492 493 -197
493 494 -137
494 495 -70
495 496 181
496 497 -35
497 498 305
498 0 -151
