800 1300 0
0 1 -228
0 792 791
1 2 -241
1 23 -111
2 3 -48
2 394 -2
3 4 381
3 348 -11
4 5 221
4 623 421
5 6 718
5 20 738
5 674 -79
6 7 150
6 36 111
6 396 -203
6 743 811
7 8 -58
7 515 -54
8 9 -126
9 10 -127
10 11 -110
10 567 -92
11 12 935
12 13 263
12 507 788
13 14 -222
14 15 441
15 16 -130
15 206 785
15 695 703
15 775 -195
16 17 669
16 570 -238
17 18 204
18 19 -176
18 220 -121
18 248 594
18 448 -144
18 564 429
19 20 -242
19 264 475
19 680 740
20 21 -163
20 791 930
21 22 419
21 211 -133
21 535 197
22 23 -57
23 24 -160
24 25 980
24 205 -231
24 324 325
24 375 677
24 543 388
25 26 -232
26 27 -144
26 267 -3
26 279 879
26 492 -211
27 28 -92
28 29 -36
28 721 478
29 30 -198
29 354 -20
30 31 -181
31 32 525
31 194 797
32 33 -151
32 108 -221
32 235 -152
32 238 686
32 243 -98
33 34 162
33 232 -48
33 411 768
34 35 -72
34 67 -39
34 355 882
34 425 720
35 36 479
35 690 945
36 37 -146
36 770 332
37 38 204
38 39 891
38 78 -85
39 40 -54
40 41 723
40 507 949
41 42 489
42 43 -124
42 66 269
43 44 896
43 719 107
44 45 -232
44 593 -219
45 46 -146
45 357 11
45 378 377
45 757 106
46 47 474
47 48 -191
47 164 614
48 49 -56
48 717 -127
49 50 950
50 51 385
50 168 174
50 622 -72
51 52 10
51 87 256
51 210 297
51 451 -16
52 53 -123
52 237 -39
52 568 470
52 578 936
53 54 937
54 55 -19
55 56 -184
56 57 18
56 339 -221
57 58 -192
57 141 -94
57 399 -12
57 431 -88
57 557 283
58 59 909
58 394 337
58 785 576
59 60 -200
60 61 857
60 453 -201
61 62 836
61 97 743
61 134 327
61 535 -164
61 660 197
62 63 808
62 524 685
62 553 -97
63 64 -96
63 505 166
64 65 913
65 66 373
66 67 17
66 760 586
67 68 974
67 256 -227
68 69 431
68 289 -164
69 70 792
70 71 714
71 72 586
71 188 632
71 204 65
72 73 118
72 532 525
73 74 -176
73 410 449
74 75 -177
74 279 502
74 345 -32
74 475 -156
75 76 712
75 382 -213
76 77 451
76 158 599
76 634 -151
77 78 -155
78 79 -23
79 80 -186
79 119 -153
80 81 776
80 596 786
80 702 -48
81 82 205
81 134 -191
81 410 -52
82 83 -82
82 585 715
83 84 -29
83 145 -104
83 688 -14
84 85 -160
84 335 -43
84 606 -228
84 680 -165
84 782 -223
85 86 -17
86 87 290
86 282 -227
87 88 414
87 482 -48
88 89 -118
88 430 -192
89 90 -17
89 633 909
89 643 -216
90 91 169
90 592 -88
91 92 -130
91 273 397
91 497 27
91 615 581
92 93 -22
92 557 -66
92 639 2
93 94 -93
94 95 462
95 96 596
96 97 929
97 98 -236
98 99 93
98 192 -74
98 705 -86
99 100 -222
99 440 475
100 101 -169
101 102 -193
101 453 7
102 103 552
102 267 499
102 359 180
102 479 848
102 605 580
103 104 -59
103 491 -153
104 105 -188
105 106 -194
106 107 -118
106 276 332
106 777 389
107 108 -17
108 109 637
109 110 198
109 523 -200
110 111 874
110 785 967
111 112 -29
111 255 -46
112 113 736
113 114 -109
113 594 -243
113 776 -13
114 115 470
115 116 -79
115 185 -128
116 117 -43
116 378 -173
116 719 364
117 118 -236
118 119 624
119 120 -173
120 121 -96
121 122 -32
121 419 506
122 123 -9
122 259 442
123 124 829
124 125 -159
124 463 116
125 126 -48
125 453 -15
126 127 142
126 248 -222
126 613 -136
127 128 -172
127 792 -74
128 129 85
128 554 -14
128 580 775
129 130 -149
129 187 -40
130 131 233
130 697 -78
131 132 -61
132 133 -109
132 330 703
132 362 797
133 134 790
134 135 -189
134 177 -108
134 437 -145
134 439 142
135 136 761
136 137 596
136 310 -3
136 532 -219
136 700 158
137 138 -229
137 340 -91
137 357 -238
137 406 -247
138 139 -159
139 140 -208
140 141 838
141 142 516
141 659 305
142 143 -219
143 144 -100
143 159 -172
143 690 -22
144 145 619
144 421 951
145 146 -183
146 147 -57
146 510 785
147 148 -60
147 578 -91
148 149 -27
149 150 -200
150 151 583
150 228 548
151 152 881
151 323 782
152 153 898
153 154 -44
153 671 -196
154 155 718
154 236 18
154 285 233
154 531 -118
155 156 768
155 160 -163
156 157 -135
156 176 107
157 158 595
157 794 143
158 159 396
158 327 -229
158 526 545
159 160 414
159 185 703
159 372 -62
160 161 908
160 547 405
160 707 -74
161 162 675
161 294 -11
161 483 -104
162 163 -50
162 578 219
162 630 215
163 164 568
163 400 332
163 615 802
164 165 -206
164 546 -54
165 166 -6
165 444 -211
166 167 663
167 168 457
168 169 436
169 170 258
170 171 742
170 288 709
170 375 -127
170 407 -50
171 172 -123
171 764 585
172 173 -202
172 447 18
173 174 765
173 266 -246
173 559 -132
174 175 728
174 181 -208
174 484 -50
175 176 -108
176 177 -208
176 246 979
176 637 158
177 178 466
177 218 -75
178 179 666
178 625 -232
179 180 371
180 181 -86
181 182 73
181 689 -111
182 183 -30
183 184 -32
184 185 -74
184 462 -74
184 717 -161
185 186 -246
186 187 532
187 188 -202
187 281 325
187 413 -76
188 189 791
189 190 -108
189 226 -224
189 290 -152
189 370 654
190 191 1
190 195 -80
191 192 -239
192 193 405
192 296 866
192 308 681
193 194 -146
193 413 -46
193 578 -226
193 660 -19
193 692 713
194 195 -131
195 196 -206
196 197 986
196 566 414
197 198 20
197 612 217
198 199 -1
198 607 383
199 200 -27
199 798 -207
200 201 -201
201 202 601
202 203 203
202 711 175
203 204 77
203 341 719
203 422 -163
204 205 989
204 539 586
205 206 -106
205 281 451
206 207 -216
207 208 459
207 439 -52
207 659 274
208 209 927
208 352 -248
209 210 -53
210 211 770
210 382 925
210 542 45
210 782 -75
211 212 526
211 368 -75
212 213 -92
213 214 -90
213 362 -71
213 438 -16
214 215 479
215 216 214
215 461 -242
216 217 -87
217 218 896
217 698 209
218 219 -242
218 522 -240
219 220 -211
219 532 844
220 221 659
221 222 984
222 223 246
223 224 779
223 277 -84
224 225 423
224 381 -22
224 707 599
225 226 916
225 369 0
226 227 998
227 228 931
228 229 -63
229 230 -179
229 603 860
230 231 -209
231 232 -83
231 497 174
231 638 370
232 233 -47
232 255 -112
232 275 397
233 234 505
234 235 -90
235 236 -115
235 513 -132
235 692 428
236 237 258
236 598 -224
237 238 -240
238 239 -7
238 377 646
239 240 756
240 241 683
240 278 949
241 242 -163
241 774 477
242 243 -177
242 414 -187
242 434 -73
243 244 679
243 326 13
243 737 977
244 245 -200
244 496 -29
244 577 -95
244 590 -127
245 246 -7
246 247 725
247 248 185
248 249 -106
248 721 -43
249 250 -37
250 251 640
251 252 -35
251 727 432
252 253 734
252 657 -119
252 683 -181
253 254 -113
254 255 346
255 256 1
255 643 335
256 257 251
257 258 -50
257 467 5
258 259 468
259 260 -3
259 358 410
259 531 -65
259 582 245
259 620 -195
260 261 0
260 497 639
261 262 -47
261 342 697
262 263 -81
262 381 235
262 557 268
263 264 -117
264 265 768
264 335 884
265 266 -189
266 267 -99
266 293 202
266 629 -53
267 268 -67
268 269 -171
269 270 -116
269 382 468
269 485 312
270 271 -95
270 337 969
271 272 -24
271 581 -68
272 273 -234
272 761 164
273 274 -176
273 372 -87
273 582 247
274 275 406
274 740 58
275 276 332
276 277 716
277 278 756
277 619 666
278 279 697
279 280 585
279 483 344
280 281 -86
280 773 -15
281 282 225
282 283 157
283 284 239
284 285 224
284 416 114
284 588 -229
285 286 -175
286 287 48
286 665 -169
286 675 -184
287 288 -238
288 289 -219
288 356 -237
288 587 207
289 290 -60
290 291 840
290 439 -124
290 471 -93
290 569 630
291 292 -43
292 293 -49
292 419 80
292 718 -70
293 294 -135
294 295 355
294 797 -134
295 296 -235
295 427 975
296 297 941
297 298 816
298 299 524
299 300 244
300 301 701
300 515 -41
300 529 -53
301 302 202
301 362 -35
301 666 -133
301 707 -163
301 708 -36
302 303 -217
303 304 527
303 483 -14
304 305 -105
305 306 -9
306 307 218
307 308 -140
308 309 -34
308 540 -111
309 310 909
309 439 -248
310 311 90
310 466 362
311 312 -83
312 313 278
312 675 366
313 314 -76
313 569 -68
314 315 148
314 343 -50
314 593 -49
314 750 -149
314 785 -112
315 316 496
316 317 -174
317 318 791
318 319 563
318 790 -198
319 320 551
319 567 66
320 321 834
321 322 645
322 323 722
323 324 -6
323 689 57
324 325 191
325 326 34
326 327 132
327 328 -102
328 329 -48
328 607 175
328 758 648
329 330 -31
329 547 -208
329 735 909
330 331 488
330 526 -139
331 332 -72
332 333 -39
333 334 336
334 335 479
335 336 333
336 337 -123
336 566 541
336 720 -145
337 338 -105
337 451 -242
338 339 213
338 625 -230
339 340 752
339 378 -181
339 439 562
339 450 672
339 622 -108
340 341 -193
340 384 813
341 342 363
341 579 -1
342 343 -25
342 544 373
342 745 -61
343 344 912
343 647 -188
344 345 -66
344 570 174
345 346 280
345 517 180
345 758 -247
345 763 -63
345 792 141
346 347 -228
347 348 823
348 349 503
349 350 986
350 351 -14
350 424 -80
351 352 709
352 353 -114
352 458 802
352 682 -165
353 354 263
353 603 -222
354 355 333
355 356 572
355 366 104
356 357 -1
357 358 -105
358 359 -221
358 464 770
358 589 -171
359 360 -191
359 676 -224
360 361 275
361 362 -139
361 518 -167
362 363 -194
363 364 -220
364 365 -112
364 685 -175
365 366 627
365 765 667
366 367 743
366 546 -140
367 368 939
368 369 213
368 560 604
368 731 611
369 370 646
369 393 -181
370 371 767
370 660 -247
370 786 -24
371 372 -163
372 373 -76
373 374 -173
374 375 -141
375 376 359
376 377 586
377 378 138
377 515 865
378 379 -37
379 380 918
379 462 -247
379 712 -151
380 381 -222
381 382 768
381 606 -76
381 727 -143
382 383 -173
383 384 -234
384 385 -17
385 386 119
386 387 625
387 388 -95
387 488 723
388 389 818
389 390 -5
390 391 -102
391 392 -121
391 425 -146
391 742 -185
391 766 -188
392 393 457
393 394 721
394 395 -244
394 453 722
395 396 -12
395 483 109
396 397 166
397 398 -43
397 547 924
398 399 139
398 414 295
399 400 642
400 401 369
400 751 -85
401 402 -96
402 403 891
402 624 -112
403 404 -72
403 572 979
403 712 -204
404 405 148
404 602 239
405 406 -35
406 407 78
407 408 439
407 428 -230
407 472 -46
407 770 437
408 409 -227
409 410 -229
409 712 379
410 411 -171
411 412 731
411 557 231
412 413 905
413 414 -33
413 416 233
413 728 -129
414 415 197
415 416 445
416 417 433
417 418 -161
417 658 -38
417 739 -109
418 419 676
418 566 -50
418 738 154
419 420 83
420 421 -227
420 551 180
421 422 974
422 423 116
423 424 275
424 425 212
425 426 389
426 427 -34
427 428 731
428 429 -79
428 510 141
429 430 893
430 431 -40
431 432 863
432 433 866
433 434 -73
434 435 728
435 436 368
435 450 -141
435 634 -155
436 437 697
436 776 -52
437 438 242
437 494 973
437 600 727
438 439 301
439 440 -243
440 441 650
440 479 -47
441 442 199
442 443 848
443 444 -120
444 445 116
445 446 384
445 487 129
446 447 -221
447 448 393
447 726 213
447 785 631
448 449 -129
448 592 -27
448 686 511
449 450 -83
449 644 337
450 451 310
451 452 -75
452 453 288
452 711 407
453 454 520
454 455 -166
455 456 -231
456 457 -28
457 458 651
458 459 -67
458 556 -77
458 693 363
458 782 -188
459 460 -166
459 693 -33
460 461 -222
460 575 -67
460 631 -200
461 462 -232
462 463 428
462 788 638
463 464 -125
463 483 -212
463 677 -171
464 465 130
465 466 -39
466 467 493
467 468 -243
467 633 682
468 469 -185
468 592 522
468 657 360
469 470 636
470 471 -8
471 472 405
472 473 352
472 744 289
473 474 326
474 475 971
474 701 -138
474 707 -35
474 728 940
475 476 243
476 477 237
477 478 -158
478 479 -165
479 480 59
480 481 -104
480 770 482
481 482 -33
481 699 266
482 483 365
483 484 446
484 485 942
484 543 -11
485 486 -160
485 648 -33
486 487 321
487 488 121
488 489 555
489 490 962
489 507 -9
490 491 15
491 492 -136
492 493 851
493 494 -7
494 495 -222
495 496 403
496 497 -135
496 796 -106
497 498 -230
497 709 -242
498 499 -181
499 500 729
500 501 -185
501 502 514
501 667 -160
502 503 -175
503 504 775
504 505 861
505 506 -247
506 507 -205
507 508 -88
508 509 -34
509 510 -106
509 542 259
510 511 75
510 718 -245
511 512 -106
512 513 -90
512 650 795
513 514 473
513 744 -215
513 752 960
514 515 -6
515 516 -51
516 517 741
516 639 386
517 518 854
518 519 -6
519 520 -198
520 521 -66
521 522 -78
522 523 81
523 524 -120
524 525 763
525 526 -89
525 642 977
525 720 964
526 527 -71
527 528 892
528 529 -56
529 530 818
530 531 -38
531 532 853
531 595 -144
532 533 -237
533 534 295
533 799 -152
534 535 39
535 536 947
536 537 -201
536 569 349
536 658 -48
537 538 -22
537 667 435
538 539 -117
538 766 -99
538 792 342
539 540 22
539 734 968
540 541 -122
541 542 -222
542 543 -78
543 544 -176
544 545 -201
545 546 180
546 547 542
546 798 -232
547 548 354
548 549 195
548 623 731
549 550 -113
550 551 -149
551 552 -69
551 633 541
551 720 456
552 553 815
552 658 907
552 726 -34
553 554 639
554 555 -192
554 695 895
555 556 -128
555 764 -108
556 557 869
556 598 -44
557 558 -19
558 559 -163
558 579 -101
559 560 193
560 561 980
560 743 -93
561 562 -103
562 563 -22
563 564 449
563 702 21
564 565 96
564 759 13
565 566 -50
566 567 498
567 568 -193
568 569 -81
569 570 68
570 571 60
571 572 871
571 754 271
572 573 -50
573 574 738
574 575 798
575 576 86
576 577 789
577 578 323
577 655 693
577 758 -249
578 579 654
579 580 -192
580 581 21
580 706 507
581 582 19
582 583 -126
583 584 -152
583 588 646
584 585 -238
585 586 960
586 587 -130
586 607 -194
586 700 -73
587 588 478
588 589 422
588 745 399
589 590 970
590 591 258
591 592 -62
591 603 98
592 593 -86
593 594 961
593 783 165
594 595 -184
595 596 -37
596 597 -236
597 598 -71
598 599 340
599 600 631
599 743 -189
600 601 -129
600 788 582
601 602 397
601 678 -155
601 699 28
602 603 -80
602 728 -220
603 604 -114
604 605 -112
605 606 213
605 750 -83
605 769 571
606 607 848
607 608 -18
608 609 861
608 751 -90
609 610 -69
610 611 -66
611 612 -114
612 613 732
613 614 -181
614 615 850
615 616 -150
615 630 -238
616 617 88
617 618 96
618 619 -63
619 620 710
619 733 -68
620 621 -157
621 622 -236
622 623 -140
622 690 -77
623 624 -136
624 625 428
625 626 843
625 678 876
626 627 595
627 628 -96
628 629 -248
629 630 -167
629 652 389
629 657 -208
630 631 -104
630 707 -226
630 729 -223
631 632 -105
632 633 640
633 634 -117
634 635 902
635 636 923
636 637 71
636 685 82
637 638 566
638 639 481
639 640 -93
640 641 906
641 642 723
642 643 399
643 644 743
644 645 482
645 646 225
646 647 871
647 648 379
648 649 -231
649 650 3
649 744 -63
650 651 -166
651 652 465
651 726 -249
652 653 941
652 793 -43
653 654 -172
654 655 690
655 656 -146
656 657 944
657 658 767
658 659 249
659 660 -71
660 661 929
661 662 724
661 736 -207
662 663 860
663 664 810
664 665 -247
664 798 -76
665 666 -18
666 667 -103
667 668 11
668 669 -36
668 696 -44
669 670 -94
670 671 -25
671 672 336
671 774 -16
672 673 248
673 674 476
674 675 -62
675 676 30
676 677 792
677 678 -216
678 679 -49
679 680 119
680 681 779
681 682 58
682 683 -178
683 684 -87
684 685 833
685 686 615
686 687 134
687 688 -227
688 689 -10
688 746 -69
689 690 22
690 691 616
690 709 34
691 692 -108
692 693 -239
692 795 159
693 694 -5
694 695 -31
695 696 65
696 697 -156
697 698 484
698 699 337
698 769 120
698 777 -149
699 700 275
700 701 -244
701 702 893
702 703 952
703 704 886
704 705 254
705 706 -103
706 707 953
706 785 796
707 708 56
708 709 940
708 749 -167
708 794 623
709 710 -85
710 711 901
711 712 328
712 713 913
713 714 434
714 715 981
715 716 -158
716 717 -215
717 718 403
718 719 -138
719 720 44
720 721 -141
721 722 -241
721 727 520
722 723 -85
722 761 -29
723 724 -25
724 725 -212
725 726 -90
726 727 785
727 728 -241
728 729 879
729 730 4
730 731 811
731 732 -12
732 733 -32
733 734 563
734 735 85
734 763 986
735 736 -11
736 737 483
737 738 968
738 739 78
739 740 782
740 741 176
741 742 -136
742 743 -40
743 744 605
744 745 -185
745 746 490
746 747 334
747 748 -69
748 749 458
749 750 347
750 751 -8
751 752 428
752 753 -64
753 754 452
754 755 923
755 756 -85
756 757 413
757 758 745
758 759 917
759 760 909
760 761 -41
761 762 9
762 763 -5
763 764 -100
764 765 -38
765 766 -58
766 767 496
767 768 75
768 769 -66
769 770 349
770 771 -231
771 772 -200
772 773 -161
773 774 777
774 775 850
775 776 -113
776 777 934
777 778 574
778 779 -238
779 780 633
780 781 -64
781 782 -59
782 783 561
783 784 -246
784 785 -76
785 786 676
786 787 -13
787 788 459
788 789 965
789 790 933
790 791 964
791 792 -230
792 793 667
793 794 572
794 795 -16
795 796 260
796 797 393
797 798 15
798 799 59
799 0 373
