999 1098 0
0 1 -53
1 2 391
2 3 -260
2 548 356
3 4 -336
4 5 -161
4 702 15
5 6 -337
6 7 -95
7 8 -332
8 9 74
9 10 -192
10 11 -491
10 90 871
11 12 66
12 13 822
13 14 852
14 15 -311
15 16 -365
16 17 -440
17 18 -146
17 332 398
18 19 816
19 20 699
20 21 335
21 22 -378
22 23 383
23 24 -437
24 25 133
25 26 111
26 27 511
27 28 376
28 29 -7
29 30 -81
30 31 186
31 32 -238
32 33 906
32 818 552
33 34 -284
34 35 -322
35 36 -202
36 37 676
37 38 686
38 39 -147
39 40 -80
40 41 -354
40 750 -49
41 42 -126
42 43 -396
43 44 232
44 45 -395
44 880 -190
45 46 -345
46 47 641
47 48 466
48 49 828
49 50 304
50 51 490
51 52 -139
52 53 952
53 54 -450
53 219 659
54 55 623
55 56 624
56 57 -277
57 58 108
57 500 -163
58 59 -318
59 60 -54
60 61 -25
60 620 748
61 62 137
62 63 -243
63 64 550
64 65 -374
65 66 -496
66 67 208
67 68 -26
68 69 -427
69 70 546
70 71 -83
71 72 -127
72 73 48
73 74 -331
74 75 982
75 76 -104
75 316 314
76 77 -81
77 78 215
78 79 -435
79 80 -293
79 415 -356
80 81 195
81 82 -403
82 83 -155
82 969 -5
83 84 588
84 85 -148
85 86 962
86 87 506
87 88 -8
88 89 828
89 90 516
90 91 55
91 92 810
92 93 -427
92 365 895
93 94 993
94 95 911
94 887 -211
95 96 442
96 97 373
97 98 24
97 866 -458
98 99 418
98 736 210
98 866 -29
99 100 -196
100 101 -79
101 102 -87
102 103 -246
103 104 -452
103 568 -80
104 105 -269
104 847 -166
105 106 169
106 107 -355
107 108 231
108 109 929
108 696 -271
109 110 -386
110 111 449
111 112 809
112 113 515
113 114 -127
114 115 -215
114 718 479
115 116 0
116 117 -495
117 118 -104
118 119 695
119 120 -20
120 121 -379
120 450 210
121 122 649
122 123 -405
123 124 -366
124 125 -160
124 710 589
125 126 534
126 127 813
127 128 -354
128 129 648
129 130 105
130 131 855
131 132 -286
132 133 76
133 134 -458
134 135 435
135 136 -258
136 137 -12
137 138 879
138 139 -176
139 140 312
140 141 -240
141 142 -427
142 143 978
143 144 345
143 857 458
144 145 -58
145 146 -460
145 708 391
146 147 -381
147 148 720
148 149 887
149 150 482
150 151 383
151 152 862
152 153 -434
153 154 -360
154 155 154
155 156 612
156 157 -265
157 158 43
158 159 -123
158 456 -161
159 160 605
160 161 -231
161 162 -55
162 163 979
163 164 -65
163 292 519
164 165 -239
165 166 157
166 167 -306
167 168 -313
168 169 -325
169 170 -153
169 271 892
170 171 958
171 172 -382
172 173 304
173 174 -159
174 175 932
175 176 299
175 800 1
175 889 218
176 177 112
177 178 -254
178 179 -240
179 180 -167
180 181 306
180 245 786
180 313 392
181 182 446
182 183 -440
183 184 517
184 185 -129
185 186 -422
186 187 912
187 188 -149
187 975 327
188 189 745
188 763 968
189 190 925
190 191 -405
191 192 -153
191 233 577
192 193 461
193 194 84
194 195 901
195 196 -482
196 197 -279
197 198 -208
197 342 -4
198 199 278
199 200 687
200 201 333
201 202 -415
202 203 -250
202 466 -437
203 204 -63
203 343 -45
204 205 -412
205 206 -185
206 207 -483
206 446 232
207 208 974
208 209 -430
209 210 -170
210 211 287
211 212 -175
212 213 -246
213 214 25
214 215 748
215 216 -230
216 217 627
217 218 527
218 219 -409
219 220 965
220 221 940
221 222 814
222 223 -37
223 224 105
224 225 -278
224 262 -435
225 226 538
226 227 361
227 228 296
228 229 -359
229 230 -275
230 231 932
231 232 934
232 233 -300
233 234 -367
234 235 491
235 236 -53
236 237 693
236 760 104
237 238 4
238 239 -210
239 240 732
239 862 -170
240 241 953
240 274 -37
241 242 325
242 243 -65
243 244 -423
244 245 379
244 259 -212
245 246 970
246 247 -71
247 248 -31
248 249 969
249 250 881
250 251 -251
251 252 -21
252 253 -95
253 254 -89
254 255 896
255 256 -379
256 257 940
257 258 -234
258 259 -282
259 260 -207
260 261 -386
261 262 -249
262 263 579
263 264 293
263 889 892
264 265 -184
265 266 881
266 267 603
266 349 -31
266 679 178
267 268 169
268 269 289
269 270 859
270 271 -81
271 272 -431
272 273 -398
273 274 -434
274 275 -279
274 388 -134
275 276 427
276 277 -426
277 278 -16
278 279 883
278 357 434
279 280 -20
280 281 904
281 282 518
281 977 518
282 283 -11
283 284 824
284 285 -346
285 286 317
286 287 797
287 288 759
288 289 -197
288 891 -148
289 290 -92
290 291 411
291 292 -338
292 293 -94
293 294 725
294 295 353
295 296 -281
296 297 99
297 298 334
298 299 958
299 300 -374
300 301 -346
301 302 881
302 303 730
303 304 515
304 305 -120
304 690 -200
305 306 -72
306 307 -178
307 308 51
308 309 -245
309 310 -197
310 311 -189
311 312 -51
311 629 -444
312 313 -203
312 789 943
313 314 -237
314 315 -57
315 316 -292
315 591 33
316 317 -172
317 318 -159
318 319 729
319 320 -460
320 321 642
321 322 516
322 323 -356
323 324 -277
324 325 509
325 326 -468
326 327 -275
326 973 -123
327 328 11
328 329 733
329 330 -242
330 331 -174
331 332 8
332 333 228
333 334 120
334 335 -222
335 336 -269
336 337 -498
337 338 909
338 339 -150
339 340 -127
340 341 -105
341 342 534
342 343 -130
343 344 222
344 345 -439
345 346 -465
346 347 199
347 348 545
348 349 170
349 350 623
350 351 -474
351 352 424
352 353 675
352 800 -221
353 354 -414
354 355 -112
354 949 382
355 356 -477
356 357 378
357 358 232
358 359 -302
359 360 924
360 361 -223
361 362 491
362 363 408
363 364 -200
364 365 -69
365 366 798
366 367 -178
367 368 -135
367 445 701
368 369 186
369 370 -346
369 820 -54
370 371 -278
371 372 -447
372 373 -300
373 374 524
374 375 610
375 376 842
376 377 740
377 378 18
378 379 -440
378 778 534
379 380 -429
380 381 214
381 382 -495
382 383 -23
382 760 910
383 384 -147
384 385 381
385 386 -371
386 387 376
386 800 854
387 388 409
387 583 44
388 389 619
389 390 529
390 391 235
391 392 -382
392 393 -263
392 731 249
393 394 -355
394 395 -462
395 396 -196
396 397 -251
397 398 -140
398 399 -381
399 400 891
400 401 20
401 402 -103
401 581 908
402 403 -214
403 404 -398
404 405 471
405 406 -378
405 684 41
406 407 -493
407 408 45
408 409 276
409 410 -151
410 411 662
411 412 446
412 413 -461
413 414 -106
414 415 933
415 416 572
416 417 371
417 418 -145
418 419 -482
419 420 474
420 421 787
421 422 312
422 423 -236
423 424 -127
424 425 -310
425 426 977
426 427 -119
427 428 -306
428 429 -8
429 430 998
430 431 201
431 432 -404
432 433 -44
433 434 -145
434 435 -271
434 613 -474
435 436 -347
436 437 171
437 438 -446
438 439 -431
439 440 486
440 441 -20
441 442 699
442 443 892
443 444 413
444 445 818
445 446 915
446 447 -215
447 448 -375
448 449 109
448 622 121
449 450 365
450 451 -253
451 452 380
452 453 -200
453 454 758
454 455 98
455 456 531
456 457 -69
457 458 785
458 459 -242
459 460 681
460 461 834
461 462 -424
462 463 903
463 464 29
463 682 -411
464 465 -297
465 466 75
466 467 764
467 468 960
468 469 -35
469 470 -379
470 471 -210
471 472 -346
472 473 721
473 474 779
474 475 589
475 476 -146
476 477 645
476 564 801
477 478 965
478 479 519
479 480 668
480 481 778
481 482 -484
482 483 310
483 484 335
484 485 -272
485 486 277
486 487 -254
487 488 222
488 489 -50
489 490 346
489 638 -324
490 491 10
491 492 -410
492 493 306
493 494 -216
494 495 -34
495 496 959
496 497 -152
496 544 948
497 498 554
498 499 486
499 500 977
500 501 614
501 502 538
502 503 -134
503 504 838
504 505 -403
505 506 -470
506 507 520
506 779 -45
507 508 -122
508 509 -348
508 879 -446
509 510 -176
510 511 -250
511 512 -104
512 513 -494
513 514 574
514 515 -374
514 816 -152
515 516 -247
515 896 -147
516 517 -107
517 518 900
518 519 -1
519 520 -385
519 583 -4
520 521 -349
521 522 835
522 523 -463
523 524 193
524 525 -123
525 526 -72
526 527 911
527 528 -431
527 948 632
528 529 221
529 530 -217
529 818 728
530 531 -113
531 532 -40
532 533 -221
533 534 35
534 535 -336
535 536 -236
536 537 -284
537 538 -162
538 539 379
539 540 -206
540 541 -55
540 946 170
541 542 678
542 543 -224
543 544 679
544 545 612
545 546 -397
546 547 415
547 548 753
548 549 484
548 890 274
549 550 135
550 551 458
550 736 626
551 552 301
552 553 521
553 554 -332
554 555 -478
555 556 -309
556 557 -248
557 558 -20
558 559 670
559 560 -194
560 561 -244
561 562 297
562 563 698
563 564 893
564 565 899
565 566 -392
566 567 193
567 568 -181
568 569 435
569 570 595
570 571 642
571 572 210
571 975 -333
572 573 -17
573 574 -222
574 575 -471
575 576 -442
576 577 -244
576 768 -363
577 578 -408
578 579 972
579 580 782
580 581 482
581 582 103
582 583 -97
583 584 475
584 585 48
585 586 -341
586 587 -123
587 588 346
588 589 -188
589 590 62
590 591 864
591 592 -23
592 593 557
593 594 769
594 595 21
594 619 178
595 596 692
596 597 709
597 598 217
598 599 763
599 600 -211
600 601 570
601 602 126
602 603 388
603 604 237
604 605 417
605 606 -65
606 607 623
607 608 -208
607 910 587
608 609 394
609 610 -461
610 611 -262
611 612 547
612 613 659
613 614 -155
614 615 97
615 616 -374
616 617 -407
617 618 -21
618 619 -203
619 620 -27
620 621 -215
621 622 -211
622 623 -299
623 624 192
624 625 -283
625 626 -457
626 627 717
627 628 -418
628 629 -369
629 630 -388
630 631 -219
631 632 -209
632 633 -229
632 927 -300
633 634 -328
634 635 -319
635 636 -147
636 637 11
637 638 -208
638 639 -6
639 640 319
640 641 -374
641 642 431
642 643 225
643 644 679
644 645 -492
644 742 -52
645 646 -203
646 647 -78
647 648 -265
648 649 -201
649 650 -385
650 651 -135
650 806 -212
651 652 95
652 653 549
653 654 -379
654 655 -117
655 656 885
656 657 594
657 658 -70
658 659 -243
659 660 -353
660 661 -40
661 662 -82
662 663 594
663 664 -143
664 665 -215
665 666 -411
666 667 19
666 746 -90
667 668 318
668 669 -185
669 670 733
670 671 262
671 672 -438
672 673 116
673 674 366
674 675 -96
675 676 890
676 677 84
677 678 98
678 679 156
679 680 -143
680 681 -199
681 682 -240
682 683 926
683 684 912
684 685 672
685 686 570
686 687 550
687 688 -15
688 689 -148
689 690 695
690 691 -112
691 692 -239
692 693 -226
693 694 778
694 695 328
695 696 -270
696 697 300
697 698 -136
698 699 118
699 700 657
700 701 89
701 702 598
701 908 -12
702 703 -385
703 704 -205
704 705 550
705 706 332
706 707 -274
707 708 -386
708 709 -463
709 710 -167
710 711 632
711 712 929
712 713 567
713 714 -395
714 715 -477
715 716 190
716 717 256
717 718 -388
718 719 -185
719 720 -467
720 721 -321
721 722 856
722 723 231
723 724 -403
724 725 -260
725 726 248
726 727 -450
727 728 175
728 729 323
729 730 -243
730 731 -322
731 732 801
732 733 706
733 734 19
734 735 -146
735 736 442
736 737 -47
737 738 -135
738 739 804
739 740 346
740 741 -4
741 742 -102
742 743 985
743 744 -385
744 745 -431
745 746 400
746 747 84
747 748 -220
748 749 -42
749 750 -53
749 775 -481
750 751 212
751 752 100
752 753 -239
753 754 146
754 755 253
755 756 -65
756 757 -6
757 758 -466
758 759 935
759 760 -63
760 761 504
761 762 262
762 763 -231
763 764 -71
764 765 736
764 887 348
765 766 59
766 767 -133
767 768 -265
768 769 497
769 770 980
770 771 -75
771 772 -160
772 773 0
772 922 830
773 774 -61
773 988 598
774 775 399
774 871 952
775 776 570
776 777 -123
777 778 693
778 779 -299
779 780 655
780 781 128
781 782 -246
782 783 776
783 784 -200
784 785 508
785 786 -108
786 787 625
787 788 -55
788 789 37
789 790 -317
790 791 -467
791 792 227
792 793 173
793 794 -145
794 795 -26
795 796 38
796 797 672
797 798 -145
798 799 384
799 800 -56
800 801 -445
801 802 -344
802 803 784
803 804 941
804 805 138
805 806 -29
806 807 -417
807 808 542
808 809 -96
809 810 -269
810 811 -375
811 812 -29
812 813 -377
813 814 871
814 815 -453
815 816 -482
816 817 713
817 818 823
818 819 -322
819 820 906
820 821 415
821 822 231
822 823 -197
823 824 -289
824 825 -226
825 826 766
826 827 75
827 828 -77
828 829 554
829 830 406
830 831 584
831 832 606
832 833 932
833 834 920
834 835 -226
835 836 -290
836 837 10
837 838 -371
838 839 -430
839 840 -68
840 841 -232
841 842 -420
842 843 -162
843 844 518
844 845 -461
845 846 -230
846 847 -447
847 848 -13
848 849 -203
849 850 455
850 851 -320
851 852 278
852 853 -491
853 854 -106
854 855 192
855 856 76
856 857 624
857 858 53
858 859 0
859 860 968
860 861 239
861 862 -427
862 863 -10
863 864 640
864 865 -154
865 866 -285
866 867 -465
867 868 -81
868 869 47
869 870 -439
870 871 -90
871 872 956
872 873 728
873 874 662
874 875 -69
875 876 -379
876 877 -359
877 878 -301
878 879 -355
879 880 -113
880 881 59
881 882 770
882 883 871
883 884 -431
884 885 259
884 964 -105
885 886 256
886 887 -311
887 888 571
888 889 -305
889 890 -56
890 891 368
891 892 15
892 893 -284
893 894 -131
894 895 299
895 896 586
896 897 60
897 898 640
898 899 -81
899 900 587
900 901 -478
901 902 232
901 944 327
902 903 -393
903 904 339
904 905 -368
905 906 -109
906 907 -40
907 908 -448
908 909 -290
909 910 486
910 911 941
911 912 439
912 913 862
913 914 -239
914 915 16
915 916 429
916 917 108
917 918 444
918 919 503
919 920 954
920 921 734
921 922 -266
922 923 577
923 924 -45
924 925 -175
925 926 -296
926 927 238
927 928 497
928 929 534
929 930 84
930 931 -484
931 932 -86
932 933 138
933 934 898
934 935 989
935 936 -11
936 937 -153
937 938 35
938 939 383
939 940 -68
940 941 -213
941 942 -46
942 943 302
943 944 -50
944 945 633
945 946 -385
946 947 94
947 948 -187
948 949 630
949 950 -422
950 951 313
951 952 -407
952 953 -252
953 954 109
954 955 -319
955 956 487
956 957 -58
957 958 -353
958 959 526
959 960 -149
960 961 819
961 962 480
962 963 -476
963 964 -295
964 965 -50
965 966 -348
966 967 -232
967 968 871
968 969 515
969 970 179
970 971 -438
971 972 123
972 973 -64
973 974 779
974 975 -334
975 976 472
976 977 2
977 978 977
978 979 -381
979 980 342
980 981 -7
981 982 -7
982 983 686
983 984 320
984 985 -189
985 986 -137
986 987 -89
987 988 437
988 989 63
989 990 -118
990 991 -198
991 992 768
992 993 -372
993 994 370
994 995 -323
995 996 438
996 997 816
997 998 111
