1000 1999 0
0 1 3244
1 2 -501
1 377 -2685
2 3 118
2 250 3749
3 4 1846
3 48 -1587
4 5 2733
4 322 -692
5 6 -2078
5 663 -4704
5 728 -1318
6 7 2851
6 57 -1097
6 253 1118
6 616 4770
7 8 5030
7 429 -4536
8 9 -3959
8 420 8071
8 643 4814
8 711 -2147
8 753 -3925
9 10 7393
9 15 -2683
9 75 765
9 382 -4160
9 576 9893
9 811 5969
9 859 4208
10 11 8267
11 12 -820
11 90 725
11 117 6392
11 131 -574
11 149 1486
12 13 5732
12 205 -2315
12 357 -323
12 385 -2310
12 632 -859
13 14 -4254
13 172 5726
13 230 -2066
13 823 3315
13 919 -3653
13 920 -582
14 15 -355
14 226 -3374
14 306 -248
15 16 -4687
15 788 -3464
15 967 -2181
16 17 8692
16 242 -976
16 630 -4072
16 902 7248
17 18 -2994
17 697 1663
17 738 8550
17 808 -98
17 861 6202
18 19 5936
18 197 9515
19 20 -2065
19 124 7648
19 614 -1455
20 21 -4236
20 365 8764
21 22 -1471
21 354 -4184
21 940 6059
22 23 1121
22 64 8813
23 24 6968
23 506 109
23 661 -3096
24 25 -2652
24 460 -2520
24 603 -1141
24 750 1274
25 26 -4023
25 753 6122
25 859 2256
26 27 -3932
26 221 -3357
26 525 -407
26 676 1913
27 28 -1812
27 78 8173
27 316 1445
28 29 -1296
28 404 -1266
28 956 -2452
29 30 866
29 553 8402
29 737 2408
30 31 -1156
30 297 -2286
30 597 -424
31 32 -1032
31 301 7871
31 464 5562
31 510 -1829
32 33 2276
32 150 3283
32 456 961
32 637 -2788
33 34 -4557
34 35 -2113
34 475 5500
35 36 3180
36 37 1290
37 38 -759
38 39 -1268
39 40 9056
39 144 -1957
39 924 -3258
40 41 4030
40 658 920
40 731 -4738
40 841 6876
41 42 -1739
41 243 6928
41 522 -2588
41 525 5107
42 43 8109
42 75 7504
42 135 2553
42 210 -653
42 531 -2056
43 44 4081
43 311 3543
43 498 7452
44 45 1788
44 89 -2448
45 46 -474
45 635 6312
46 47 4030
46 212 -2503
46 230 -3719
47 48 9092
47 979 3157
48 49 -4019
48 382 7619
48 479 -1771
48 813 -4983
49 50 -3135
49 735 -11
49 758 -1405
50 51 -1239
50 256 -809
50 280 2920
50 426 -1865
50 493 3916
50 871 5400
51 52 -795
51 316 6769
52 53 -3236
52 101 100
53 54 4429
53 193 9772
53 487 -4201
54 55 9930
55 56 4004
55 369 -4491
56 57 8546
56 215 -216
56 778 -750
57 58 -2200
58 59 -1981
58 93 -3429
58 192 -1631
58 633 -1320
58 643 2100
58 859 7499
59 60 1071
59 136 -650
59 152 4430
59 277 1530
59 503 -4201
60 61 -1754
60 227 5684
60 505 3721
61 62 1721
62 63 -3841
63 64 2562
63 532 -1525
63 995 -1011
64 65 -3892
64 183 -3500
64 474 -2803
64 555 -3226
65 66 -1594
65 492 3672
66 67 -1486
66 282 189
66 699 -566
66 937 -4056
67 68 -1396
67 544 4309
67 681 1187
68 69 -475
69 70 -707
69 152 8502
69 195 -239
69 465 -2766
69 695 986
69 723 3957
70 71 -382
70 284 2871
70 452 -4692
70 678 -258
70 787 -1733
70 845 1335
70 954 -3531
71 72 7484
72 73 5692
72 358 -4132
72 560 -2062
73 74 -4800
73 404 -2950
73 977 -3928
74 75 7564
75 76 2570
76 77 8180
76 293 4704
76 565 9102
76 811 -4132
77 78 3069
77 315 5197
77 473 3168
78 79 -1876
78 642 -1512
78 807 7685
79 80 -281
79 306 -972
79 337 -2841
79 792 -3511
79 837 1180
80 81 3475
80 933 -2189
81 82 3938
81 219 3648
81 277 -1009
81 335 9618
81 733 -3594
82 83 -3560
83 84 -2028
83 197 6079
83 391 -1757
84 85 -3772
84 368 6479
84 731 -3528
85 86 1312
85 211 7940
86 87 2544
86 549 512
86 939 -4925
86 941 4790
86 946 -3367
87 88 -2986
87 121 8741
87 254 -2902
87 366 1425
87 954 8990
88 89 -4703
88 681 -3816
89 90 -4612
89 444 9487
89 618 4854
90 91 9316
90 485 -2632
90 782 6495
91 92 -549
91 358 1769
91 438 -4842
91 854 -711
92 93 3632
93 94 -4819
94 95 2261
94 700 -1899
94 769 6782
95 96 4792
95 494 -4269
96 97 -1844
96 337 -536
97 98 3238
97 115 -1521
98 99 -4708
98 843 -1999
99 100 9758
99 897 4041
100 101 -328
100 254 1062
100 643 -1381
100 703 -262
101 102 -4260
101 192 9667
102 103 2279
102 528 -2747
102 917 436
103 104 3838
103 369 -4825
103 750 4078
104 105 -2049
104 294 9553
104 533 -1878
105 106 -2937
105 555 -2218
105 602 -255
105 964 3416
106 107 -3470
107 108 -4930
107 322 2343
108 109 2092
108 360 9629
108 419 2149
109 110 1627
109 160 -875
109 169 4629
109 368 751
110 111 1063
110 809 8900
111 112 -2678
111 654 -3268
111 817 9226
112 113 -1978
113 114 5253
114 115 5303
114 886 7874
115 116 -2910
115 208 -2659
115 624 -1601
116 117 -158
116 204 3391
116 583 -4857
116 698 -796
116 819 -2334
117 118 -4486
118 119 9976
118 201 -1338
118 625 -3726
118 853 -3483
119 120 -1313
119 335 -4559
120 121 -2636
120 983 3443
120 998 4244
121 122 -2754
121 545 4564
121 708 8502
121 813 -2771
122 123 -2848
122 281 -538
122 657 -2571
122 744 -4099
123 124 5673
123 816 3941
124 125 7819
124 698 937
125 126 6928
125 143 1013
125 555 9195
125 620 3036
125 685 5803
125 691 6741
125 987 9519
126 127 -1241
126 299 -4457
127 128 -4451
127 221 -1588
127 313 1677
128 129 -3863
128 167 -709
129 130 6646
129 572 8437
129 871 4785
130 131 -1557
131 132 177
131 314 5690
131 331 -378
131 336 8013
131 618 -4958
132 133 -4149
133 134 -3550
133 400 3210
134 135 -3796
134 675 -727
134 842 4536
135 136 -1262
135 604 2223
136 137 -3530
136 144 4264
136 363 -3611
136 377 4481
136 707 -4134
137 138 -4964
137 453 6711
138 139 -3561
138 156 -922
138 679 -1784
139 140 9549
139 710 6708
140 141 -4999
140 529 4724
141 142 5984
141 736 3426
142 143 -3893
142 678 -4234
142 962 -3271
143 144 3598
143 243 -3926
143 319 4899
144 145 -1074
145 146 7359
146 147 1903
146 156 -1158
146 310 8980
146 410 -1784
147 148 -1977
147 677 -4430
147 805 -255
148 149 -1852
149 150 811
150 151 -1426
150 798 2806
151 152 -4302
151 788 -4909
152 153 -4876
153 154 -1728
154 155 -280
154 177 8764
154 348 -4378
154 524 -4778
154 525 406
154 619 8324
154 827 9506
155 156 9858
155 395 623
155 543 -698
155 828 6080
156 157 1398
156 531 819
156 683 1258
157 158 989
157 352 -3107
157 361 875
158 159 -4207
158 681 8049
159 160 2494
160 161 9924
161 162 -3462
161 485 6140
161 790 -2347
162 163 -421
162 634 4006
162 700 -2035
163 164 251
163 534 5361
163 744 3327
164 165 -4531
164 409 -4436
164 448 9151
164 895 -3643
165 166 8891
165 514 8456
165 923 -187
166 167 1389
167 168 1670
167 187 -1346
168 169 5215
168 458 -2012
169 170 9017
169 182 -3116
170 171 -4781
170 343 -1168
170 665 6443
171 172 -884
171 250 -1958
171 661 2966
171 809 -375
172 173 6477
172 630 7823
172 718 7512
173 174 -1965
173 239 -1631
173 338 5525
173 423 1163
173 811 2706
174 175 8112
174 728 1909
175 176 3599
175 215 5037
176 177 -348
176 462 6446
176 812 7735
176 972 -585
177 178 -1000
177 428 -4994
178 179 -1626
178 956 -2557
179 180 -1059
179 455 1358
180 181 -227
181 182 -3772
181 372 1251
181 540 5556
181 734 -2015
181 812 -1532
182 183 -3336
182 332 8616
182 524 -248
182 718 -408
182 785 -3163
183 184 -343
183 189 5045
183 567 3820
183 627 9165
184 185 6848
185 186 -3539
186 187 1381
187 188 3874
187 197 -1983
188 189 -1474
188 356 -145
188 558 -2928
188 710 -2691
189 190 5211
189 637 5302
189 978 -1906
190 191 4684
190 322 -2117
190 657 -341
190 762 -1401
191 192 -1674
191 426 -1588
191 980 2124
192 193 6663
192 429 -4201
193 194 2052
194 195 -3789
194 579 866
194 782 -382
194 798 8397
195 196 -4222
195 329 6473
195 549 -4394
195 981 -3992
196 197 3810
196 584 -2209
196 847 5057
197 198 -1663
198 199 1440
198 711 3237
198 772 -2885
199 200 9300
199 220 -2984
199 363 3009
199 388 492
199 429 -2812
199 918 6530
200 201 5831
200 257 -3096
200 339 -1574
201 202 -1775
201 248 6739
202 203 8400
203 204 -1280
203 447 5067
203 474 -3116
204 205 -3364
205 206 6562
205 257 -869
205 425 3032
205 733 9090
206 207 -4636
207 208 3420
207 837 -1594
208 209 -4576
208 893 7865
209 210 -3198
209 978 -4400
210 211 -2490
211 212 -4264
211 259 4255
212 213 -409
213 214 -3210
213 412 9305
213 683 3981
214 215 -4323
214 232 4769
215 216 1439
215 233 -1087
215 928 -3274
216 217 -874
217 218 -388
217 868 -4927
217 902 398
218 219 -3720
218 317 3867
218 407 -1809
218 528 3910
218 584 -2494
219 220 7482
219 407 -4238
219 985 -3263
220 221 -128
221 222 -3682
222 223 1743
222 618 2447
222 659 -1237
222 742 -3615
222 858 -3837
222 993 -169
223 224 9767
223 357 -2250
223 461 8787
224 225 -499
225 226 -4343
225 728 -4911
225 892 -518
225 964 -3062
226 227 4685
227 228 869
228 229 -4298
228 241 752
229 230 -4760
229 773 -128
230 231 8034
230 339 7702
230 777 -2133
231 232 -533
231 578 -3908
231 901 -3365
232 233 4345
232 978 -191
233 234 5734
233 537 -4054
234 235 -2426
235 236 -126
235 456 8911
236 237 -4914
236 619 299
236 964 6082
237 238 -956
237 299 -664
237 912 -3125
237 929 -3860
238 239 7713
238 277 -2906
239 240 -1765
239 527 -1158
239 965 6354
240 241 -3363
240 423 -1499
241 242 -4189
241 486 3513
241 535 -2685
241 538 8381
241 711 -1026
242 243 2894
243 244 4585
243 504 9392
243 559 -1253
243 982 6116
244 245 -4599
244 880 9308
244 916 -3281
244 960 3386
245 246 4199
245 573 -613
245 721 3990
246 247 2744
246 704 2114
247 248 -2022
247 358 -105
248 249 9079
248 252 -3176
248 517 -1511
249 250 -877
249 351 -3996
249 440 8593
250 251 320
250 716 735
251 252 -1432
251 595 3624
252 253 1068
252 321 -44
253 254 2213
253 297 -2201
253 543 8920
253 673 3541
254 255 4359
254 291 9508
254 455 -1831
255 256 9600
255 329 6602
255 695 3129
255 880 -1217
256 257 1560
257 258 7017
258 259 -4648
258 707 3496
258 821 -1095
259 260 2641
259 279 -1847
260 261 4798
261 262 -674
261 768 -4744
262 263 -235
262 837 1214
263 264 1942
263 972 6127
264 265 2040
264 317 -4691
264 461 -1049
264 480 -3309
264 718 -4520
264 834 6537
265 266 9232
265 358 -885
266 267 -3601
266 791 5456
267 268 -3338
267 410 3374
267 488 -1487
268 269 2268
268 419 2362
268 543 -672
269 270 -2259
269 512 -744
269 582 -1507
270 271 -2746
270 700 179
270 738 5852
270 960 4666
271 272 9333
272 273 -4648
273 274 -1239
273 425 -3068
273 624 -1534
274 275 9470
274 510 -4174
274 817 857
275 276 606
275 789 -3357
276 277 2537
276 509 2004
276 607 5837
277 278 -845
277 337 6355
278 279 -4998
278 995 6415
279 280 -751
279 302 -3915
280 281 5384
280 461 4231
280 642 7727
280 700 -373
281 282 4991
281 988 -1275
282 283 7932
282 862 -4316
282 899 9392
283 284 780
283 477 -278
283 538 -2120
284 285 6953
285 286 -4531
285 662 4534
286 287 5203
287 288 -2402
288 289 -4723
289 290 8740
289 343 6376
289 707 -1898
289 813 4394
290 291 -254
291 292 -4947
292 293 -3496
293 294 -4532
293 362 6594
293 851 -4140
293 877 5442
294 295 9777
294 361 3569
294 834 -969
295 296 -776
296 297 4001
296 357 -1268
296 962 1832
297 298 734
297 407 -2281
297 454 -4895
298 299 787
298 476 -2494
298 589 -2134
299 300 -418
300 301 4683
300 897 1843
301 302 -24
302 303 -1417
302 799 6753
303 304 3849
303 411 -1674
304 305 -305
304 426 -1926
305 306 7397
306 307 4507
306 505 -2964
307 308 4079
307 409 2583
308 309 -4213
308 723 -453
309 310 -4483
309 686 9978
310 311 -67
311 312 6004
311 611 3978
311 917 485
312 313 3643
312 946 6919
313 314 827
313 550 6399
313 722 3970
313 837 9341
313 989 -1117
314 315 -2768
314 838 -3490
315 316 -4182
316 317 -1894
316 398 -1596
317 318 8784
318 319 350
319 320 -4944
319 627 3486
319 637 1679
320 321 -4367
320 443 911
320 817 -1343
321 322 -3952
321 683 4909
322 323 8551
322 546 -4803
322 910 5311
322 954 5752
323 324 3632
323 339 -989
323 432 2473
323 567 -2293
323 649 -51
324 325 -972
325 326 6324
325 412 4056
325 581 6997
326 327 1411
326 337 -1771
326 788 -3922
326 796 -1655
327 328 -3027
327 517 -1311
327 715 -131
328 329 -16
329 330 -4872
329 657 -2847
330 331 2835
330 971 -3191
331 332 -788
331 586 6762
331 929 -1860
332 333 4302
332 908 -864
333 334 -2201
333 341 7868
333 471 4308
333 871 -646
334 335 9473
334 701 -324
335 336 982
335 495 -2552
335 829 -278
336 337 -1429
336 498 -1531
336 550 -2417
336 767 5351
336 928 -618
337 338 -1370
338 339 -3057
338 387 8857
338 619 8174
338 836 -3196
339 340 -4522
339 594 1699
339 623 1474
339 849 -2436
340 341 8160
340 410 -317
340 433 -4873
340 520 -277
340 802 -982
341 342 -4229
342 343 1409
343 344 3604
343 746 -4654
344 345 9453
345 346 -2487
345 667 4048
345 893 3886
346 347 7658
346 518 -2956
347 348 -1762
347 971 -4322
348 349 -3884
348 548 -760
349 350 2650
349 530 -3596
350 351 3761
350 360 3088
351 352 -1431
351 499 -4881
352 353 2253
352 895 5601
353 354 4561
353 802 1973
353 904 -2823
354 355 9078
354 362 -613
354 759 8383
355 356 4917
355 846 -1593
356 357 -825
356 385 1795
357 358 -3880
357 392 -2233
358 359 5302
359 360 -4891
359 626 -2818
359 785 1040
360 361 2278
360 385 -3836
360 665 -3673
360 727 7761
361 362 8128
362 363 -3536
362 918 9550
363 364 -2308
363 584 -3137
363 697 9524
363 970 7259
364 365 6126
365 366 3849
366 367 -2853
366 546 -132
367 368 -447
367 447 -3997
368 369 8240
368 919 119
368 997 -2822
369 370 3182
369 493 -2168
369 506 9452
370 371 2347
371 372 -4646
371 467 8277
371 838 -56
372 373 -3754
372 401 9235
372 807 -656
372 811 -1090
372 856 -3113
373 374 4102
374 375 3935
375 376 5489
375 693 662
375 923 7002
376 377 -520
376 555 9972
376 938 8892
377 378 -4594
377 661 6683
378 379 5822
378 765 9980
379 380 3550
379 560 8594
379 708 -2364
380 381 9353
381 382 -3511
381 572 8112
381 988 67
382 383 -3148
383 384 -4013
383 528 -4713
383 843 6576
384 385 7582
384 907 9887
385 386 3257
386 387 -4173
386 575 1279
386 991 -2531
387 388 7776
387 481 8509
388 389 -1646
388 606 8592
388 780 -1002
389 390 2173
390 391 1548
390 991 7308
391 392 -2345
392 393 -3163
392 739 2048
392 899 9739
392 985 -4644
393 394 -2489
394 395 6295
394 892 375
395 396 -2417
395 463 -3618
396 397 -1140
396 560 8805
396 654 -3745
396 703 200
396 992 -1540
397 398 -3047
397 661 -3021
397 794 9770
397 862 3662
398 399 9172
399 400 1498
400 401 -3501
401 402 4993
402 403 1607
402 607 4890
402 909 344
402 973 855
403 404 -4204
403 741 6494
404 405 2857
405 406 -2096
405 540 -4927
405 596 4786
406 407 5801
406 803 -4787
407 408 -519
407 900 3268
408 409 -2854
408 462 -1810
408 652 4983
408 679 4803
408 906 9927
408 965 4429
409 410 -2727
410 411 4352
410 628 1690
410 799 -4790
410 882 2455
411 412 -697
412 413 3322
412 508 2834
412 511 7046
412 964 -904
413 414 -2217
413 855 -3909
414 415 9170
414 419 -4601
414 826 -2105
415 416 7877
415 491 -2675
416 417 670
417 418 -3213
417 427 2032
417 701 6704
418 419 5055
418 766 119
418 940 7070
419 420 6092
419 841 4057
420 421 3876
421 422 -3702
421 736 8394
421 864 -4905
422 423 -3393
422 901 3318
423 424 5305
423 589 -2276
423 962 -3958
424 425 -3783
424 572 554
424 707 -1737
425 426 -2170
425 515 -1333
425 998 3494
426 427 9897
426 740 -2614
426 947 3302
427 428 -2562
427 894 -1905
427 939 4421
428 429 4232
428 678 -3506
429 430 6986
429 561 -1281
429 960 8419
430 431 -966
430 725 -1962
430 845 5859
431 432 5842
432 433 2614
432 622 7828
432 813 -942
432 878 -3047
433 434 105
433 859 8629
434 435 -1991
435 436 5371
436 437 3385
437 438 566
437 612 -3567
437 660 8516
438 439 -3012
438 445 2970
439 440 -4132
440 441 1141
440 484 5268
441 442 -919
442 443 4916
443 444 -2909
444 445 2034
444 742 -526
444 958 1210
445 446 -3589
445 775 -4414
446 447 -4420
446 453 8515
446 946 -942
447 448 4428
447 860 8805
448 449 8101
448 907 1404
448 977 7935
449 450 591
449 808 -2619
450 451 -765
450 945 7527
451 452 1244
452 453 -3455
453 454 4199
453 626 -329
454 455 4618
455 456 -3450
455 490 -3200
455 536 236
455 856 -232
455 917 1192
456 457 2956
456 592 4038
457 458 9852
458 459 9507
458 651 8160
458 718 -1006
458 931 -3103
459 460 -4219
460 461 -301
460 912 2225
461 462 4702
462 463 -3917
462 703 -2241
463 464 -3407
464 465 -3615
464 822 9578
465 466 4415
466 467 3916
466 513 -204
466 668 245
466 816 -1909
467 468 3169
468 469 8224
468 851 -1771
469 470 9483
469 814 -1464
470 471 5314
470 573 1754
470 619 -4571
470 635 1662
470 683 -1915
471 472 191
472 473 -269
472 892 257
473 474 1185
473 781 8018
474 475 5910
474 715 9534
475 476 5102
475 761 -4361
476 477 1865
476 797 -4208
477 478 2212
477 491 7495
477 920 2512
478 479 -4366
478 633 -3002
479 480 -1621
479 759 -2384
480 481 -2139
480 702 -414
480 727 -2404
480 814 9798
480 976 -1264
481 482 1506
482 483 -1706
483 484 -2190
483 884 -2663
483 967 -3790
484 485 8767
484 983 -1216
485 486 4494
485 958 1478
486 487 4780
487 488 1022
487 979 8865
488 489 6234
488 992 -4460
489 490 3162
489 856 -1782
490 491 -2147
490 571 8993
491 492 -415
492 493 -3009
492 680 -337
492 992 -3931
493 494 4083
493 796 9249
494 495 8661
495 496 -4128
496 497 4570
496 531 -2468
497 498 -3981
497 785 8446
498 499 7763
498 523 2871
498 960 -4797
498 988 -975
499 500 3796
499 630 -3803
500 501 -2398
501 502 9183
502 503 -1133
502 665 -3724
502 782 -2303
503 504 -501
503 547 2478
504 505 3778
504 568 -1538
504 950 3134
505 506 -2548
505 640 -2380
505 782 -590
506 507 3400
506 677 -1052
506 781 -1878
507 508 2384
508 509 -427
509 510 1042
509 818 5900
510 511 -1259
511 512 -153
512 513 3451
512 746 9888
513 514 385
513 590 6196
513 943 -777
513 996 -4698
514 515 -127
514 643 412
514 785 -3840
514 987 -3166
515 516 9361
515 574 -2946
515 658 -2765
515 765 -497
516 517 -4775
517 518 1014
517 652 -1369
517 709 931
517 735 -2273
517 736 9894
518 519 -92
519 520 4382
520 521 2692
520 574 -987
521 522 5750
522 523 -4572
522 611 5561
522 660 -911
522 860 6067
523 524 3160
523 804 7386
523 817 -819
524 525 3945
524 530 416
524 542 -1600
524 587 1704
524 897 -1400
525 526 -4072
525 669 5446
526 527 2801
527 528 -4898
527 904 -2802
528 529 1565
528 955 6075
529 530 1218
529 735 -735
530 531 2391
530 643 693
531 532 2124
532 533 1431
533 534 4179
534 535 21
534 630 -1551
534 794 3938
535 536 2752
535 984 -2401
536 537 749
537 538 -4986
537 798 -2483
538 539 -3909
538 702 -4411
539 540 2445
540 541 6132
541 542 -4920
542 543 -3709
543 544 -1957
543 682 -1379
544 545 388
545 546 4428
546 547 -4247
547 548 -3100
547 630 -2355
547 682 3546
548 549 4065
549 550 -2785
549 643 9531
549 917 -817
550 551 9514
551 552 724
552 553 -4978
552 619 -1702
553 554 9970
553 700 2599
554 555 4669
554 774 -2790
555 556 6934
555 965 -3057
556 557 -3162
557 558 5945
557 993 6607
558 559 7459
559 560 -2864
559 849 -2335
559 870 -86
560 561 9447
560 626 1702
560 955 1136
561 562 -938
562 563 -1340
563 564 -1353
563 886 3498
564 565 3676
564 590 1216
565 566 8185
565 647 -1702
565 721 -1759
565 971 -2659
566 567 3948
566 918 2618
567 568 2073
567 603 2749
567 805 -1834
567 871 -4741
568 569 3724
568 587 4191
568 888 -3928
569 570 -424
570 571 -2282
570 684 -4499
571 572 2387
571 686 4871
572 573 -109
572 726 7627
572 850 -3365
573 574 3473
573 769 -1120
574 575 6749
575 576 -1531
576 577 -3933
577 578 3226
577 747 -4106
578 579 1931
579 580 -1311
579 765 -1065
579 995 -2562
580 581 5682
580 619 733
580 946 617
580 969 -3173
581 582 4915
581 882 -2832
582 583 -4143
582 789 5005
582 859 -825
583 584 -1075
584 585 9584
584 641 6687
585 586 1549
586 587 -4866
587 588 -939
587 785 -4158
588 589 -3251
588 709 -4550
588 783 -4287
588 898 731
589 590 5147
589 869 -597
590 591 -3434
590 782 -2651
591 592 -435
592 593 -663
593 594 -2730
593 870 -2632
594 595 3749
595 596 -4070
596 597 -4075
596 652 7378
596 795 -1293
597 598 -1385
597 770 9549
598 599 -4867
599 600 -4955
599 674 -4151
600 601 5512
601 602 -2254
601 943 -3631
602 603 2238
603 604 -2061
604 605 -4460
604 727 5380
604 857 3249
604 999 2041
605 606 -2815
605 883 3117
606 607 3794
607 608 -1776
608 609 -3648
609 610 728
609 631 -1246
610 611 -2594
610 642 -2255
611 612 -1937
611 998 2413
612 613 7813
613 614 -4687
613 695 1160
614 615 -4904
615 616 6517
615 795 -3441
616 617 -4477
616 957 4249
617 618 -2790
617 885 2766
617 890 -1285
617 921 -81
618 619 635
619 620 4569
620 621 9564
621 622 -45
621 905 -662
622 623 6561
622 697 -352
623 624 -340
624 625 2283
624 697 -216
625 626 7455
625 708 4677
626 627 2988
626 781 -524
627 628 9860
628 629 -4109
629 630 4291
630 631 -3517
630 669 7372
630 793 -3913
630 919 4410
631 632 -345
631 786 2104
632 633 -931
632 663 392
633 634 627
633 705 -4764
634 635 -1575
635 636 -1717
636 637 3224
637 638 3506
637 789 -1913
637 996 4601
638 639 3820
639 640 4092
640 641 -2922
641 642 7880
642 643 -1069
643 644 -2304
644 645 575
644 885 -2336
645 646 4031
645 844 2265
646 647 -1827
647 648 -3670
648 649 -2265
649 650 1890
650 651 -4712
650 709 2755
650 799 -1035
650 834 2637
651 652 -2578
652 653 -3588
652 830 -4369
653 654 6824
654 655 -1506
654 658 4468
654 934 7662
655 656 -1482
656 657 -155
657 658 -3496
658 659 3548
659 660 332
660 661 7862
661 662 -344
661 780 5861
661 787 -4417
661 912 -1861
661 973 -193
662 663 -2295
663 664 -4080
663 902 3760
664 665 -4071
664 878 -335
665 666 1889
666 667 -1679
667 668 4613
667 956 2335
668 669 -1689
668 697 4605
669 670 -4995
669 692 4342
669 759 -3010
669 954 -1528
670 671 8105
671 672 1956
672 673 9564
673 674 3472
674 675 4518
674 710 -2049
675 676 2043
675 790 -239
676 677 -730
676 727 -4240
677 678 8842
677 927 4681
678 679 7415
678 904 5519
678 998 -237
679 680 9029
679 750 -1121
680 681 848
681 682 37
682 683 -2443
682 717 6413
682 854 -407
683 684 -4752
683 705 2169
684 685 6023
685 686 -3550
685 862 1987
686 687 -4066
686 744 5805
686 801 5640
686 826 -3981
687 688 6321
687 694 6147
688 689 7420
689 690 8323
689 926 2809
689 970 8889
690 691 1294
690 720 5606
690 917 48
690 949 2614
691 692 -1576
691 840 5963
692 693 -2264
692 952 15
692 983 764
693 694 5046
693 797 -2357
693 834 -2763
694 695 3078
695 696 6092
696 697 2538
696 752 -3842
697 698 -3425
698 699 9035
698 743 261
699 700 -2868
700 701 -4583
701 702 5412
702 703 6622
702 947 6732
703 704 -1889
703 807 -342
703 953 -398
704 705 3107
705 706 -4009
706 707 5966
706 777 -246
707 708 -2472
708 709 193
708 827 -3926
709 710 -976
710 711 -2249
711 712 6021
712 713 1020
713 714 9840
714 715 5142
715 716 7350
716 717 -1127
717 718 -1365
717 814 -3284
718 719 -636
718 762 -2556
719 720 -311
720 721 -2132
720 885 2268
721 722 -2715
721 748 -1284
722 723 1633
723 724 9732
724 725 -4936
724 820 -3356
725 726 6678
726 727 -1427
727 728 6685
727 953 9513
728 729 2569
729 730 6690
730 731 -2382
731 732 -2755
731 763 6954
732 733 1288
732 780 -1430
733 734 -35
733 830 6171
733 911 3063
734 735 1497
734 991 7543
735 736 835
736 737 -2145
736 950 2340
737 738 -3851
738 739 -269
739 740 -2857
740 741 -2514
740 759 -1562
741 742 -2569
742 743 5874
743 744 485
744 745 -70
744 908 -1206
745 746 9937
746 747 -4091
746 823 7092
747 748 5560
748 749 -4301
748 798 -1052
749 750 3478
750 751 -883
750 989 -4719
751 752 -2541
752 753 686
753 754 -3752
754 755 -235
755 756 -3210
756 757 6334
757 758 1973
757 864 -4984
757 958 -4839
758 759 4833
759 760 -3684
760 761 -4893
760 797 4732
761 762 8262
762 763 8337
763 764 -1812
764 765 -4840
764 984 -3749
765 766 -1268
765 992 7253
766 767 5179
766 873 -4784
767 768 -3948
768 769 425
769 770 8127
769 809 5002
770 771 -1333
770 853 7712
771 772 -3184
772 773 8404
773 774 -352
773 790 7174
774 775 3572
774 992 3493
775 776 8778
775 874 -1397
775 989 -1496
776 777 -1932
776 812 -3348
777 778 -2664
777 843 5541
777 859 -524
777 880 -2330
778 779 -4828
778 803 2788
779 780 885
780 781 3665
781 782 -1259
781 850 9716
782 783 -3980
783 784 -3144
784 785 -3943
785 786 8294
786 787 888
787 788 7829
788 789 -1015
789 790 3059
790 791 -4889
790 819 6542
791 792 5456
791 811 -87
792 793 -3509
793 794 8989
794 795 -1592
794 868 1013
795 796 -383
796 797 -3017
797 798 -52
798 799 4400
799 800 -1062
799 961 -1774
800 801 -3072
801 802 -2498
802 803 1411
803 804 1854
803 889 -2915
803 955 -1927
804 805 -778
805 806 9138
806 807 -4700
806 887 6526
806 964 2089
807 808 3603
807 994 -3881
808 809 4314
809 810 -933
810 811 5222
810 936 -4205
811 812 3691
812 813 -3664
812 858 -1361
813 814 1438
813 927 1472
814 815 259
815 816 -4227
815 862 3609
816 817 1383
817 818 -4603
817 964 1303
818 819 7120
819 820 9979
820 821 -4529
821 822 -4217
821 964 -3271
822 823 9799
823 824 -2569
824 825 -2787
825 826 5228
826 827 -829
827 828 -4118
827 963 3073
827 992 -3148
828 829 8577
829 830 9261
830 831 -4341
831 832 9066
832 833 7376
833 834 6391
834 835 -2409
835 836 1341
836 837 -1422
837 838 8213
837 918 -1430
838 839 -386
838 880 684
839 840 6047
840 841 -2438
840 885 -3934
841 842 7713
842 843 4376
843 844 5930
844 845 -4204
845 846 -111
846 847 -1822
847 848 3829
848 849 570
848 917 8064
849 850 183
849 957 -1775
850 851 -996
850 983 -1130
851 852 1188
852 853 140
852 970 2114
853 854 7869
853 929 -3123
854 855 -1363
855 856 3401
856 857 -3164
856 924 -3302
857 858 -2369
858 859 3072
859 860 5935
860 861 -4328
861 862 -1473
862 863 2952
863 864 5631
864 865 -4882
865 866 -117
866 867 -3123
867 868 8203
867 892 -109
867 934 2028
868 869 7058
869 870 -3094
870 871 2731
871 872 -948
872 873 2255
873 874 -1410
874 875 -2125
874 911 -4973
875 876 6198
876 877 3878
876 964 -2686
876 970 -2881
877 878 740
878 879 5968
879 880 -1001
879 939 6852
880 881 -518
880 936 -4231
881 882 -152
882 883 -472
883 884 7369
884 885 6101
884 984 -325
885 886 -376
885 980 6788
886 887 -54
887 888 -2557
888 889 4644
888 915 -873
888 982 -421
889 890 6367
890 891 4870
891 892 -1515
892 893 8885
893 894 -4757
894 895 -186
894 960 3039
895 896 -525
896 897 -1309
896 960 -39
897 898 -3250
898 899 -615
899 900 -4428
899 996 -1029
900 901 -2484
901 902 -4164
902 903 -780
903 904 9453
904 905 4409
904 981 -3951
905 906 -3793
906 907 2334
907 908 3760
908 909 1361
909 910 4283
910 911 2525
910 986 -1367
911 912 -4711
912 913 4239
913 914 3599
914 915 6930
915 916 1910
916 917 3288
916 930 9086
917 918 -3762
918 919 -4827
919 920 -1331
920 921 5420
921 922 921
922 923 -1248
923 924 5080
923 978 -3597
924 925 -4038
925 926 -4986
926 927 -4025
926 957 -3060
927 928 9170
928 929 783
929 930 -2370
930 931 -4768
931 932 -311
931 998 1662
932 933 8334
933 934 9161
934 935 3694
935 936 9063
936 937 2087
937 938 -550
938 939 -2723
938 996 7640
939 940 3736
940 941 3411
941 942 6482
942 943 -2759
943 944 7218
944 945 8019
945 946 2985
946 947 -2501
947 948 4513
948 949 -1454
949 950 -4583
950 951 746
951 952 -339
952 953 -425
953 954 5906
954 955 -73
955 956 -3626
956 957 -987
957 958 -1007
958 959 7890
959 960 2358
960 961 9375
961 962 -2512
962 963 -140
963 964 9194
964 965 -4899
965 966 7805
966 967 -3842
967 968 -3727
968 969 5677
969 970 9891
970 971 6206
971 972 972
972 973 1594
973 974 -3184
974 975 -1683
975 976 -652
976 977 3680
977 978 -3067
978 979 7010
979 980 9265
980 981 -849
981 982 -3713
982 983 9350
983 984 -3227
984 985 8686
985 986 -2016
986 987 -3454
987 988 -3482
988 989 -2152
989 990 7579
990 991 2393
991 992 -2255
992 993 -4990
992 997 8176
993 994 6978
994 995 -2087
995 996 -2783
996 997 -4682
997 998 -3414
998 999 8015
