88 200
0 22
0 27
0 64
0 65
0 76
1 10
2 18
2 22
2 23
2 43
2 76
3 11
3 39
3 49
3 65
3 74
3 82
4 17
4 65
5 8
5 13
5 25
5 31
5 80
6 13
6 34
6 41
6 55
6 83
7 9
7 26
7 72
7 79
7 81
9 11
9 21
9 29
9 52
9 54
9 55
10 23
10 24
10 32
10 65
10 66
11 20
11 47
11 67
11 78
12 25
12 35
12 42
12 58
12 74
13 25
13 32
13 76
13 80
13 87
14 25
14 31
14 32
14 45
14 51
14 56
14 81
15 43
15 45
15 48
15 66
16 37
16 86
17 22
17 50
17 62
17 69
17 85
18 38
18 65
19 38
19 42
19 48
19 84
20 45
20 46
20 63
20 72
20 87
21 46
21 57
22 26
22 77
23 40
23 42
23 53
23 73
23 81
24 45
24 68
24 74
24 87
25 40
25 59
25 61
25 78
26 38
26 59
26 78
26 87
27 56
27 62
28 51
28 53
29 48
29 49
29 57
30 32
30 37
30 48
30 64
30 66
30 86
31 69
31 71
32 36
32 40
32 46
32 52
32 64
32 73
32 86
32 87
33 51
33 56
33 73
33 77
35 49
35 62
35 63
35 66
36 43
37 71
37 75
37 77
37 83
39 87
41 55
41 63
42 58
42 76
44 76
45 55
46 56
46 66
46 71
47 60
47 64
47 68
47 83
48 54
49 51
49 74
49 76
50 64
51 81
52 78
52 80
53 76
53 84
53 86
54 64
55 60
55 75
56 80
56 82
58 59
58 64
58 82
59 75
59 78
62 76
63 65
63 73
64 74
65 77
65 80
66 79
66 82
67 72
67 86
69 70
70 87
71 86
72 79
72 82
74 85
75 76
75 86
79 80
83 84
