100 236
0 2
0 15
0 61
0 79
0 89
0 92
1 6
1 7
1 11
1 49
1 61
2 17
2 53
2 66
2 75
3 24
3 28
3 62
3 64
3 77
3 89
4 23
4 24
4 37
4 45
4 63
4 75
4 87
4 95
4 97
5 25
5 29
5 45
5 81
5 95
6 11
6 31
6 83
6 87
7 37
7 54
7 86
8 56
8 71
8 78
8 81
9 76
9 77
10 83
11 22
11 26
11 44
11 47
11 79
11 97
12 80
13 20
13 21
13 56
13 71
13 86
13 99
14 16
14 41
14 51
14 69
14 92
15 42
15 48
15 57
16 38
16 55
16 56
16 60
16 81
16 86
16 93
16 95
17 42
17 46
17 62
17 92
17 99
18 43
18 61
18 64
18 96
19 70
19 99
20 21
20 22
20 56
20 60
20 64
20 69
20 98
21 42
21 46
22 30
22 34
22 61
22 94
23 78
23 87
24 68
24 71
24 78
25 33
25 50
25 51
25 73
26 27
26 38
26 71
26 72
26 91
26 92
27 56
27 95
28 50
28 75
28 83
29 72
29 77
29 85
29 87
29 89
29 93
29 99
30 41
30 81
31 33
31 35
31 64
31 83
32 38
32 39
32 42
32 59
32 85
33 43
34 66
34 86
35 50
35 93
36 88
36 93
36 97
39 40
39 49
39 57
39 58
39 62
39 90
40 88
40 91
40 92
41 64
42 81
42 95
43 44
43 47
43 67
43 70
44 66
44 67
44 71
44 77
45 47
45 69
45 70
45 83
45 92
46 66
47 49
47 67
47 84
49 62
49 64
49 66
49 79
49 95
49 97
50 74
51 73
51 91
52 84
53 64
53 65
53 85
53 93
54 77
54 78
54 86
55 81
55 94
56 80
56 88
57 61
59 66
59 91
60 92
60 95
61 62
61 88
61 97
62 90
63 66
63 70
63 74
64 99
65 69
65 79
65 82
65 86
66 70
69 72
70 76
70 91
71 82
71 90
72 81
72 85
72 88
73 76
73 79
73 94
75 77
75 85
85 97
86 94
86 96
87 92
88 97
92 98
93 96
