155 467
0 81
0 150
1 35
1 51
1 58
1 140
1 153
2 34
2 58
2 59
2 82
3 33
3 116
3 122
4 23
4 40
4 72
4 73
4 78
4 103
4 145
5 7
5 26
5 114
5 124
6 17
6 24
6 55
6 73
6 96
6 117
6 140
7 20
7 44
7 116
7 125
8 31
8 36
8 51
8 90
8 100
8 120
8 138
8 142
8 150
9 14
9 20
9 99
9 124
9 153
10 65
10 82
10 116
10 133
10 148
10 154
11 22
11 76
11 88
11 89
11 101
11 114
11 116
11 131
11 153
12 55
12 57
12 70
12 85
12 96
12 97
12 106
12 114
12 121
12 153
13 29
13 32
13 35
13 86
13 117
13 122
14 64
14 71
14 123
14 135
14 141
15 28
15 32
15 58
15 65
15 120
16 41
16 62
16 112
16 127
16 142
16 145
17 45
17 70
17 89
18 49
18 64
18 70
18 92
18 104
18 111
18 145
18 146
19 43
19 66
19 78
19 105
19 106
19 115
19 129
20 24
20 25
20 26
20 60
20 90
20 108
20 128
20 154
21 45
21 70
21 73
21 79
21 97
21 98
21 126
21 137
22 30
22 31
22 39
22 73
22 78
22 112
22 133
22 149
23 26
23 62
23 117
23 143
23 149
24 100
24 101
24 103
24 108
25 47
25 100
25 126
25 140
25 154
26 124
26 137
27 53
27 73
27 96
27 107
27 113
28 48
28 54
28 75
28 83
28 123
28 125
28 143
28 146
30 60
30 63
30 95
30 114
30 131
30 136
30 138
31 45
31 47
31 149
32 48
32 60
32 65
32 78
32 79
32 83
32 112
32 148
33 79
33 99
33 151
34 36
34 37
34 48
34 66
34 72
34 122
34 125
34 134
35 42
35 65
35 70
35 105
35 107
35 140
36 38
36 68
36 88
36 139
36 143
36 152
37 47
37 65
37 84
38 58
38 76
38 83
38 88
38 92
38 102
38 115
39 63
39 72
40 47
40 91
40 93
40 115
40 134
41 62
41 73
41 80
41 97
41 132
42 55
42 89
42 103
42 110
42 113
42 148
43 45
43 49
43 97
43 99
43 126
43 136
43 148
44 59
44 72
44 83
44 112
44 145
45 71
45 128
45 134
45 143
46 96
46 127
46 132
47 71
47 72
47 76
47 93
47 95
47 99
47 146
48 52
48 70
48 123
49 68
49 104
49 117
49 125
49 152
50 59
50 80
50 96
50 105
50 150
51 100
51 118
51 122
53 80
53 105
53 133
53 140
54 98
54 120
55 91
55 148
56 64
56 122
58 62
58 70
58 74
58 85
58 89
58 136
59 119
60 84
60 90
60 92
60 117
60 129
61 63
61 88
61 97
61 104
61 114
61 116
61 129
61 135
61 138
62 98
62 122
62 124
63 101
63 114
63 119
63 122
63 134
64 85
64 91
65 82
65 97
65 118
65 127
66 84
66 97
66 105
66 107
66 126
67 75
67 79
67 80
67 91
67 119
68 113
68 123
68 128
69 101
69 124
69 144
70 110
70 128
71 142
71 150
72 105
72 127
72 138
73 92
73 132
73 139
73 142
74 137
75 118
75 125
76 132
77 131
78 103
78 130
78 154
79 84
79 133
80 88
80 134
80 136
81 97
81 111
81 154
82 96
82 116
82 146
83 118
83 132
83 144
83 145
84 132
85 97
85 101
87 106
89 102
89 144
90 99
90 104
90 133
91 136
91 149
92 143
92 152
93 109
93 136
93 137
93 140
93 153
94 97
94 114
95 134
95 139
95 147
96 143
97 101
97 145
97 146
98 112
100 125
100 132
100 144
101 152
102 107
103 109
103 150
104 108
104 128
104 132
104 141
105 134
105 147
105 151
106 140
107 108
107 138
107 140
107 148
107 154
108 119
108 132
108 154
109 119
109 126
109 129
109 139
109 146
111 150
115 125
116 128
116 137
116 153
117 118
117 130
117 132
117 138
118 122
122 131
122 140
122 141
122 150
122 153
123 139
123 142
123 143
124 139
124 143
124 146
125 127
125 136
125 148
127 134
128 140
128 147
130 153
131 132
131 144
132 147
132 154
136 148
138 140
138 149
140 146
144 150
