2048 7734
0 29
0 81
0 620
0 669
0 1194
0 1369
0 1442
0 2004
1 52
1 386
1 388
1 491
1 591
1 614
1 699
1 891
1 1348
1 1871
1 2022
2 19
2 392
2 469
2 1198
2 1500
2 1552
2 1746
3 277
3 333
3 388
3 568
3 702
3 836
3 999
3 1185
4 500
4 609
4 733
4 867
4 1038
4 1282
4 1428
4 1676
5 915
5 1310
5 1366
5 1390
5 1440
6 81
6 137
6 249
6 410
6 437
6 534
6 885
6 1357
6 1521
7 91
7 155
7 658
7 863
7 1029
7 1241
7 1341
7 1708
7 1723
7 1762
7 1807
8 165
8 1262
8 1519
8 1606
9 117
9 343
9 480
9 719
9 1335
9 1519
9 1571
9 1612
9 1996
10 13
10 187
10 241
10 371
10 565
10 965
10 1101
10 1376
10 1385
10 1576
10 1624
10 1827
10 1971
11 417
11 1067
11 2014
12 117
12 1508
12 1959
13 710
13 711
13 1446
13 1537
13 1716
13 1937
14 492
14 689
14 882
14 1252
14 1483
14 1610
15 189
15 475
15 1090
15 1806
15 1852
15 1945
15 1949
15 1985
16 190
16 517
16 632
16 749
16 1005
16 1142
16 1463
17 113
17 296
17 338
17 467
17 1469
17 1605
17 1825
17 1829
17 1880
17 1935
17 1999
18 706
18 809
18 847
18 914
18 1111
18 1326
18 1892
18 1942
19 43
19 302
19 474
19 585
19 595
19 703
19 801
19 1240
19 1378
19 1473
19 1852
19 1927
20 762
20 1512
20 1910
21 36
21 183
21 495
21 1712
21 1909
21 1960
22 132
22 479
22 564
22 664
22 672
22 703
22 944
22 984
22 1174
22 1714
22 1792
22 1839
22 2019
23 78
23 469
23 717
23 1070
23 1101
23 1133
23 1344
23 1385
23 1401
23 1831
23 1971
23 1980
24 344
24 407
24 649
24 678
24 747
24 898
24 1101
24 1274
24 1463
24 1627
24 1769
25 346
25 425
25 455
25 753
25 804
25 961
25 1071
25 1429
26 163
26 557
26 569
26 1082
26 1435
26 1452
26 1466
26 1712
26 1952
27 32
27 392
27 444
27 671
27 786
27 871
27 1073
27 1546
28 55
28 274
28 1508
29 114
29 230
29 357
29 361
29 545
29 610
29 702
29 840
29 1012
29 1239
30 329
30 445
30 480
30 556
30 636
30 902
30 1250
30 1385
30 1746
31 109
31 230
31 619
31 643
31 763
31 939
31 962
31 1255
31 1665
32 372
32 1041
33 202
33 757
33 795
33 1582
33 1888
34 61
34 68
34 491
34 608
34 1152
34 1519
34 1549
35 48
35 56
35 57
35 155
35 169
35 475
35 947
35 1246
35 1405
35 1730
35 1858
35 1976
36 780
36 1083
36 1371
36 1626
36 1856
36 1997
37 81
37 203
37 213
37 217
37 392
37 406
37 454
37 551
37 569
37 1191
38 41
38 244
38 358
38 428
38 1182
38 1409
38 1457
38 1679
38 1947
39 81
39 580
39 709
39 1727
39 1905
40 172
40 218
40 357
40 740
40 1077
40 1132
40 1398
40 1659
40 1679
40 1869
40 1885
40 1914
41 678
41 683
41 814
41 1009
41 1389
41 1487
41 1663
41 1929
42 667
42 738
42 1230
42 1694
43 343
43 422
43 679
43 1288
43 1526
43 1640
43 1758
43 1926
43 2034
44 364
44 648
44 687
44 778
44 905
44 1252
44 1522
44 1552
44 1566
44 1870
45 691
45 885
45 905
45 1054
46 207
46 902
46 1178
46 1316
46 1465
46 1690
46 1800
46 1890
46 1908
47 478
47 656
47 925
47 1151
48 93
48 249
48 615
48 1013
48 1712
48 1948
49 182
49 266
49 635
49 872
49 1046
49 1470
49 1631
49 1956
50 107
50 497
50 913
50 944
50 1828
50 2037
51 139
51 1237
51 1329
51 1347
51 1390
52 182
52 1120
52 1240
52 1320
52 1510
52 1710
53 67
53 108
53 332
53 798
53 1129
53 1273
53 1537
53 1619
53 1749
54 317
54 490
54 646
54 1184
54 1562
54 1873
54 1946
54 2000
55 154
55 1000
55 1500
56 149
56 244
56 319
56 376
56 410
56 715
56 779
56 923
56 1807
57 476
57 690
57 978
57 1123
57 1425
57 1919
57 1990
57 2045
58 668
58 708
58 766
58 802
58 888
58 902
58 1253
58 1279
59 105
59 166
59 1464
59 1749
59 1958
60 966
60 1234
61 177
61 461
61 477
61 983
61 1096
61 1472
61 1523
61 1847
62 1827
63 198
63 291
63 320
63 683
63 700
63 738
63 1109
63 1208
63 1406
63 1871
63 1907
63 1909
64 93
64 157
64 406
64 1749
64 1900
65 102
65 345
65 580
65 683
65 737
65 1049
65 1189
65 1409
65 1626
66 457
66 597
66 809
66 1170
66 1291
66 1519
67 594
67 893
67 1081
67 1109
67 1799
67 1964
68 200
68 909
68 1026
68 1056
68 1074
68 1317
68 1391
68 1643
68 1930
69 922
69 1586
70 219
70 1061
70 1263
70 1812
70 1985
70 2035
71 618
71 926
71 1140
71 1622
71 1815
71 1983
72 234
72 637
72 733
72 1433
72 1599
72 1966
72 2003
73 131
73 971
73 1140
73 1346
73 1584
74 133
74 424
74 593
74 680
74 1216
74 1824
75 104
75 416
75 890
75 1312
75 1378
75 1434
75 1615
75 1681
76 322
76 368
76 623
76 966
76 1000
76 1232
76 1436
76 1463
77 80
77 304
77 946
77 1441
77 1442
77 1496
77 1597
77 1631
77 1809
77 1943
78 379
78 466
78 624
78 1331
78 1917
78 1961
79 386
79 847
79 1564
79 1635
79 1636
80 1018
80 1083
80 1934
81 305
81 372
81 373
81 384
81 1180
81 1878
81 1977
82 563
82 808
82 1280
82 1412
82 1484
82 1634
82 1736
82 1915
83 282
83 482
83 951
83 1677
84 1010
84 1097
84 1142
84 1146
84 1657
84 1673
84 1706
84 1906
85 613
85 882
85 933
85 1033
85 1442
86 362
86 1678
87 134
87 155
87 526
87 810
87 1089
87 1149
87 1492
87 1752
87 1757
87 1910
87 2003
88 221
88 380
88 428
88 606
88 919
88 978
88 1027
88 1086
88 1335
88 1952
89 522
89 694
89 1083
89 1892
89 1973
90 105
90 291
90 683
90 737
90 786
90 1154
90 1455
90 1590
90 1740
91 141
91 533
91 841
91 985
91 1064
91 1227
91 1230
91 1398
91 1403
91 1925
92 810
92 1158
92 1221
92 1345
92 1974
93 111
93 331
93 692
93 898
93 1289
93 1318
93 1418
94 241
94 264
94 363
94 509
94 794
94 956
94 1193
94 1295
94 1610
94 1934
95 142
95 148
95 157
95 1271
95 1462
95 1574
95 1653
95 1778
95 1801
96 164
96 332
96 477
96 478
96 957
96 1001
96 1261
96 1652
96 1653
96 1660
96 1844
96 1883
96 1888
96 1950
97 185
97 520
97 1030
97 1079
97 1139
97 1439
97 1984
98 126
98 320
98 324
98 540
98 985
98 1276
98 1491
98 1583
98 1927
98 2011
99 490
99 800
99 1181
99 1295
99 1310
99 1942
100 135
100 520
100 529
100 573
100 660
100 958
100 959
100 1078
100 1446
100 1533
100 1635
100 1645
100 1722
100 1817
100 1913
101 841
101 1071
101 1073
101 1087
101 1493
102 231
102 476
102 714
102 1190
102 1554
102 1613
102 1648
102 1747
102 1857
102 1925
102 1950
103 823
103 1215
103 1571
103 1862
104 109
104 125
104 188
104 282
104 795
104 909
104 1037
104 1225
104 1411
105 703
105 1461
105 1507
106 279
106 939
106 940
106 1350
106 1632
106 1754
106 1975
107 211
107 272
107 1744
107 1778
108 190
108 372
108 1214
108 1216
108 1631
108 2033
109 143
109 415
109 448
109 651
109 654
109 1403
109 1466
109 1720
109 2041
110 372
110 586
110 867
110 1242
111 829
111 1465
111 1698
111 1838
112 378
112 870
112 1224
112 1795
112 1941
112 1997
113 741
113 1229
113 1403
113 1597
113 1661
113 1865
113 1949
113 1995
113 2025
114 144
114 312
114 625
114 696
114 857
114 930
114 1073
114 1332
114 1544
114 1676
114 2006
115 501
115 552
115 607
115 713
115 740
115 777
115 1033
115 1728
116 469
116 539
116 1359
116 1673
116 1905
117 359
117 662
117 733
117 1197
117 1597
117 1910
118 120
118 394
118 647
118 708
118 1144
118 1146
118 1211
118 1715
118 1792
118 1907
119 737
119 867
119 1537
119 1813
120 627
120 1153
120 1322
120 1502
120 1780
120 1815
121 171
121 232
121 366
121 810
121 1017
121 1207
121 1261
121 1424
121 1679
122 684
122 828
122 1137
122 1661
123 307
123 470
123 502
123 651
123 1135
123 1181
123 1418
123 1648
124 932
124 1083
124 1877
124 1926
124 1977
124 1979
125 161
125 1534
125 1559
125 1648
125 1865
126 265
126 477
126 1112
126 1386
127 536
127 1122
127 1434
127 1567
127 1857
128 298
128 497
128 794
128 1308
128 1517
128 1523
128 1941
129 562
129 708
129 816
129 1334
129 1459
129 1566
129 1710
129 1900
130 615
130 792
130 998
130 1327
130 1833
131 472
131 502
131 579
131 1110
131 1222
131 1620
131 1782
131 1917
131 1980
132 320
132 569
132 1058
132 1073
132 1195
132 1673
132 1771
132 1822
132 2008
132 2044
133 134
133 249
133 522
133 736
133 752
133 966
133 1013
133 1041
133 1527
133 1664
134 571
134 621
134 927
134 1199
134 1203
134 1344
135 498
135 607
135 725
135 1308
135 1777
135 1912
136 153
136 187
136 563
136 1136
136 1240
136 1387
136 1499
136 1804
136 1871
136 1872
136 1897
136 1932
137 501
137 964
137 978
137 1166
137 1439
137 1586
138 254
138 300
138 739
138 836
139 341
139 1047
139 1288
139 1386
139 1392
139 1607
140 324
140 510
140 554
140 646
140 660
140 975
140 1232
140 1477
140 1506
140 1659
140 1841
141 160
141 418
141 724
141 1235
141 1389
142 263
142 454
142 1013
142 1791
142 1926
143 414
143 689
143 929
143 1268
143 1943
144 694
144 874
144 1193
144 1352
145 161
145 369
145 530
145 559
145 802
145 1393
145 1828
146 293
146 1115
146 1910
146 2043
147 209
147 325
147 412
147 525
147 564
147 697
147 913
147 1295
147 1493
148 334
148 444
148 638
148 723
148 741
148 769
148 782
148 1607
148 1861
149 332
149 553
149 625
149 930
149 1209
149 1368
149 1516
149 1636
150 309
150 599
150 795
150 981
150 1511
151 521
151 722
151 855
151 964
151 1037
151 1357
151 1383
151 1774
151 1892
151 1926
151 1944
152 190
152 264
152 265
152 711
152 795
152 884
152 1330
152 1441
153 503
153 954
153 1079
154 331
154 505
154 507
154 731
154 847
154 1308
154 1583
154 1613
155 188
155 603
155 761
155 867
155 955
155 1094
155 1506
155 1768
156 504
156 643
156 732
156 770
156 771
156 782
156 870
156 986
156 1289
156 1628
156 2008
157 538
157 995
157 1030
157 1261
157 1527
157 1570
157 1610
157 1766
157 1768
157 1868
158 238
158 790
158 823
158 1011
158 1342
158 1700
159 713
159 761
159 1047
159 1281
159 2020
160 339
160 434
160 1133
160 1268
160 1368
160 1625
160 1676
160 1847
160 2044
161 545
161 789
161 1437
161 1501
161 2036
162 691
162 808
162 919
162 1068
162 1933
163 523
163 1836
164 841
164 1112
164 1118
164 1426
164 1439
164 1622
164 1822
165 277
165 376
165 548
165 726
165 1648
165 1774
166 248
166 604
166 1001
167 265
167 470
167 947
167 956
167 1179
167 1734
167 2021
168 502
168 514
168 873
168 1134
168 1181
168 1383
169 423
169 665
169 1052
169 1272
169 1978
170 696
170 741
170 922
170 962
170 1095
170 1153
170 1894
170 1913
171 548
171 835
171 986
171 1157
171 1370
171 1379
171 1469
172 319
172 864
172 977
172 1119
172 1409
172 1591
172 1958
173 305
173 502
173 583
173 830
174 251
174 255
174 491
174 945
174 957
174 999
174 1093
174 1248
174 1621
174 1699
174 1824
175 323
175 361
175 379
175 1011
175 1226
175 1823
175 1874
175 1969
176 255
176 1592
176 1736
176 1965
176 1975
177 232
177 454
177 936
177 947
177 1071
177 1102
178 466
178 966
178 1128
178 1137
178 1393
178 1728
178 1908
179 275
179 914
179 928
179 1450
179 1625
179 1657
179 1866
179 1942
179 1999
179 2034
180 319
180 495
180 782
180 960
180 1064
180 1102
180 1815
181 303
181 621
181 976
181 1422
182 764
182 1017
182 1055
182 1056
182 1373
182 1577
182 1776
183 976
183 1433
184 1269
184 1366
184 1398
184 1763
185 924
185 968
185 1100
185 1166
185 1219
185 1867
186 419
186 1134
186 1276
186 1601
186 1886
187 435
187 610
187 723
187 1023
187 1080
187 1148
187 1592
188 405
188 435
188 502
188 686
188 1196
188 1398
188 1890
189 201
189 329
189 402
189 588
189 794
189 1040
189 1192
189 1849
189 1898
190 286
190 940
190 1054
191 274
191 477
191 494
191 554
191 657
191 1011
191 1032
191 1190
191 1258
191 1430
191 1747
192 202
192 787
192 798
192 835
192 1125
192 1429
193 1001
193 1050
193 1057
193 1436
194 302
194 353
194 486
194 973
194 1027
194 1205
194 1710
194 1846
195 258
195 428
195 451
195 1157
195 1622
195 1973
195 1977
196 793
196 794
196 1164
196 1489
196 1773
196 1857
196 1910
196 2014
197 483
197 890
197 942
197 1009
197 1204
197 1540
197 1838
197 2015
198 1193
198 1732
198 1843
198 1887
199 531
199 732
199 970
199 1793
199 1824
200 212
200 357
200 762
200 964
200 1191
200 1556
200 1712
200 2022
201 393
201 422
201 776
201 818
201 990
201 1301
202 466
202 558
202 660
202 703
202 726
202 764
202 793
202 1120
202 1367
202 1768
203 216
203 714
203 905
203 1571
204 213
204 535
204 680
204 1031
204 1464
204 1860
204 1978
205 410
205 497
205 970
205 1416
205 1721
206 243
206 482
206 503
206 543
206 744
206 1465
206 1487
206 1562
206 1955
207 547
207 574
207 779
207 841
207 1822
208 850
208 851
208 2042
209 249
209 446
209 771
209 869
209 1635
209 1744
210 810
210 846
210 890
210 1298
210 1559
210 1854
211 766
211 1447
211 1647
211 1655
211 1687
212 216
212 636
212 787
212 1087
212 1119
212 1174
212 1342
212 1408
212 1441
212 1535
213 258
213 500
213 544
213 849
213 883
213 1037
213 1179
213 1849
214 247
214 267
215 1317
215 1727
216 1188
216 1212
216 1234
216 1862
216 1922
216 2019
217 432
217 514
217 545
217 879
217 920
217 934
217 940
217 943
217 1021
217 1863
217 1946
217 2026
218 465
218 510
218 1291
219 357
219 579
219 1239
219 1599
219 1912
220 229
220 395
220 940
220 1034
220 1161
220 1198
220 1371
220 1711
220 1715
221 311
221 707
221 816
221 865
221 1360
221 1485
222 504
222 704
222 713
222 1135
222 1282
222 1347
222 1899
222 1924
222 1980
223 233
223 601
223 662
223 990
223 1194
223 1224
223 1352
223 1367
223 1551
223 1602
224 260
224 766
224 791
224 1319
224 1428
224 1808
225 570
225 893
225 981
225 1328
225 1823
225 1839
225 1849
225 2009
226 340
226 374
226 424
226 1147
226 1203
227 711
227 797
227 1071
227 1232
228 542
228 723
228 897
228 1545
228 1718
228 1903
228 1923
229 416
229 568
229 859
229 1566
229 1596
229 1979
230 389
231 1135
232 388
232 423
232 448
232 824
232 883
232 1576
232 1656
232 1732
233 386
233 462
233 519
233 705
233 812
233 966
233 1107
233 1582
233 1976
234 299
234 391
234 841
234 1178
234 1311
234 1411
234 1518
235 386
235 1167
235 1289
235 1992
236 703
236 1031
236 1038
236 1122
236 1313
236 1362
236 1419
236 1621
236 2032
237 581
237 590
237 591
237 687
237 965
237 986
237 1806
238 405
238 772
238 1546
238 1698
238 1723
239 352
239 407
239 967
239 1148
239 1440
240 461
240 953
240 1037
240 1161
240 1374
240 1565
241 302
241 636
241 972
241 1285
241 1321
241 1638
241 1710
242 809
242 985
242 1231
242 1631
242 1659
243 254
243 283
243 1223
243 1278
243 1356
244 682
244 978
244 1215
244 1517
244 1845
245 355
245 564
245 766
245 917
245 988
245 1195
245 1285
245 2046
246 262
246 516
246 907
246 1163
246 1713
246 1743
246 1808
246 1873
246 1888
246 1982
247 789
247 922
247 1007
247 1739
247 1961
247 2038
248 527
248 776
248 1259
248 1349
248 1369
248 1683
249 343
249 744
249 860
249 936
249 993
249 1108
249 1290
249 1315
249 1316
249 1858
249 1877
250 325
250 391
250 1127
250 1283
250 1532
250 1971
250 1984
250 1988
251 554
251 741
251 942
251 1010
251 1048
251 1450
251 1800
251 1870
251 1879
252 550
252 765
252 1244
252 1789
252 1868
252 1883
253 1085
253 1301
253 1411
253 1883
254 585
254 858
254 1135
254 1326
254 1582
255 633
255 855
255 1164
255 1665
255 1755
256 308
256 1176
256 1193
256 1334
257 342
257 806
257 1253
257 1394
257 1437
257 1554
257 1792
257 1861
258 311
258 550
258 669
258 848
258 851
258 1124
258 1690
258 2044
259 272
259 410
259 465
259 871
259 1060
259 1132
259 1325
259 1454
259 1811
259 1963
259 2028
260 378
260 524
260 777
260 1185
260 1205
260 1793
260 1808
260 1829
260 1927
261 380
261 478
261 966
261 1437
261 1794
261 1982
262 369
262 410
262 534
262 865
262 962
262 1828
262 1938
262 1940
263 441
263 615
263 1682
263 1732
263 1775
264 432
264 564
264 739
264 1182
264 1358
264 1826
264 1856
265 569
265 656
265 805
265 977
265 1190
265 1232
265 1513
265 1866
265 1880
265 1985
265 1997
266 1437
266 1602
266 1973
267 303
267 929
267 1205
267 1218
267 1228
267 1454
267 1589
267 1686
268 389
268 571
268 611
268 745
268 819
268 1511
268 1549
268 1635
268 1780
268 1808
268 1862
268 1983
268 1995
269 762
269 978
269 1175
269 1225
269 1629
269 1740
269 1799
270 554
270 652
270 698
270 722
270 788
270 816
270 840
270 864
270 1687
271 308
271 504
271 809
271 835
271 1333
271 1356
271 1589
272 308
272 472
272 692
272 1700
272 1828
272 1919
273 547
273 616
273 719
273 856
273 981
273 1113
273 1464
273 1600
273 1649
273 1684
274 294
274 316
274 360
274 427
274 445
274 460
274 590
274 779
274 1377
274 1433
274 1449
274 1609
274 1669
274 1691
274 1774
274 1795
274 1991
274 1996
275 617
275 965
275 1386
275 1578
276 503
276 673
276 847
276 860
276 1705
277 337
277 812
277 1199
278 462
278 734
278 761
278 1689
279 420
279 431
279 1037
279 1303
280 363
280 706
280 803
280 1596
280 1616
280 1818
280 1891
280 1975
281 484
281 580
281 712
281 750
281 790
281 1006
281 1336
281 1372
281 1522
281 1805
281 1916
282 310
282 698
282 924
282 992
282 1145
282 1966
283 310
283 675
283 881
283 915
283 1400
283 1851
283 1910
284 317
284 429
284 481
284 497
284 651
284 835
284 1012
284 1122
284 1560
284 1561
284 1777
284 2009
285 681
285 844
285 1653
285 1776
286 329
286 382
286 504
286 593
286 1786
286 1928
286 1936
287 584
287 823
287 850
287 1338
287 1548
287 1688
287 2020
288 383
288 444
288 609
288 965
288 1058
288 1329
288 1344
288 1738
288 1885
289 357
289 917
289 1025
289 1546
289 1716
289 2023
290 901
290 1405
290 1516
290 1701
290 2018
291 560
291 562
291 1108
291 1126
291 1358
291 1477
291 1532
291 1695
291 1769
291 1803
291 1932
291 1980
291 2012
292 293
292 505
292 1915
293 646
293 702
293 1060
293 1187
293 1429
293 1552
293 1698
293 1750
293 1939
294 631
294 1268
294 1511
294 1521
294 1865
295 629
295 830
295 1212
295 1293
295 1485
295 1526
295 2025
296 475
296 535
296 581
296 630
296 806
296 871
296 1309
296 1382
296 1423
296 1582
296 1709
297 584
297 1363
297 1546
297 1710
297 1720
298 306
298 365
298 1445
298 1723
299 583
299 676
299 886
299 1202
299 1280
299 1541
300 323
300 794
300 951
300 1769
300 1971
300 2027
301 774
301 791
301 1072
301 1097
301 1106
301 1123
301 1512
302 315
302 713
302 1076
303 706
303 749
303 953
303 1079
303 1161
303 1303
303 1921
303 1933
304 626
304 868
304 1272
304 1333
304 1492
304 1600
304 1721
304 1763
305 429
305 746
305 748
305 790
305 914
305 1143
305 1341
305 1422
305 1468
305 1771
305 1848
305 1936
305 1957
305 1993
306 432
306 843
306 1264
306 1306
306 1774
306 1982
307 560
307 1363
307 1675
308 319
308 391
308 896
308 998
308 1002
308 1068
308 1157
308 1243
308 1820
309 415
309 672
309 945
309 948
309 1344
309 1393
309 1405
309 1712
310 377
310 491
310 623
310 630
310 1031
310 1429
310 1508
311 496
311 562
311 702
311 736
311 1716
312 594
312 1163
312 1536
312 1632
312 1678
312 1897
313 1328
313 1766
313 1895
314 772
314 1027
314 1037
314 1334
314 1414
314 1533
315 1213
315 1877
316 452
316 1532
316 1917
317 1161
317 1214
317 1715
318 402
318 1114
318 1176
318 1288
318 1505
319 903
319 1021
319 1228
319 1306
319 1466
319 1955
320 369
320 394
320 731
320 997
320 1369
320 1538
320 1573
320 1954
321 508
321 648
321 732
321 754
321 907
321 1077
321 2010
322 325
322 470
322 741
322 1152
322 1803
322 1860
323 324
323 441
323 675
323 756
323 943
323 1268
323 1621
323 1840
323 2016
324 325
324 395
324 729
324 827
324 1561
324 1755
325 378
325 810
325 1726
325 1883
325 2035
326 1045
326 1116
326 1119
326 1559
326 1857
327 543
327 667
327 1106
327 1222
327 1246
327 1593
327 1669
327 2025
328 570
329 401
329 513
329 632
329 638
329 739
329 957
329 1322
329 1442
329 1606
330 998
331 880
331 907
331 1057
331 1276
331 1295
331 1348
332 831
332 853
332 950
332 1311
332 1462
332 1480
332 1630
332 1868
332 1951
333 756
333 806
333 913
333 966
333 1297
333 1322
333 1459
333 1461
333 1473
333 1504
333 1513
333 1800
333 1975
334 450
334 465
334 825
334 1132
334 1498
334 1548
335 461
335 785
335 1229
335 1665
335 1697
335 1850
335 1976
335 2013
336 680
336 1085
336 1180
336 1201
336 1235
336 1299
336 1406
336 1734
337 506
337 513
337 792
337 1915
337 2014
338 494
338 831
338 922
338 1564
338 1744
338 1758
338 1869
339 554
339 587
339 622
339 1132
339 1233
339 1270
339 1443
339 1948
340 399
340 881
340 954
340 1605
340 1695
340 1776
340 1823
340 1974
341 448
341 623
341 1094
341 1346
341 1608
341 1646
341 1938
342 590
342 670
342 1472
342 1532
342 1778
342 1982
342 2027
343 469
343 608
343 1156
343 1422
343 1485
343 1487
343 1664
344 512
344 1168
345 381
345 509
345 1449
346 377
346 668
346 860
346 1986
347 416
347 430
347 432
347 1194
347 1598
347 1859
347 1959
348 628
348 683
348 704
348 1083
348 1107
349 746
349 844
349 1095
349 1590
350 501
350 776
350 1274
350 1277
350 1896
351 453
351 647
351 1277
351 1290
351 1521
351 1716
351 1823
351 1934
352 442
352 494
352 1179
353 497
353 716
353 1151
353 1389
353 1714
353 1774
353 2017
354 585
354 631
354 697
354 856
354 1126
354 1150
354 1355
354 1366
354 1963
355 1256
355 1329
355 1338
355 1555
355 1937
355 2016
356 520
356 600
356 613
356 731
356 1066
356 1147
356 1623
356 1639
356 1879
356 1995
357 751
357 1274
357 1698
357 1830
358 431
358 547
358 1024
358 1170
359 594
359 647
359 687
359 1291
359 1424
359 1455
359 1708
359 1733
359 1774
359 1944
359 1967
360 416
360 494
360 646
360 774
360 868
360 1750
360 1827
360 2029
361 778
361 1089
361 1118
361 1477
361 1644
361 1673
361 1909
362 555
362 982
362 1197
362 1236
362 1296
362 1328
362 1739
362 2017
363 519
363 689
363 918
363 1439
363 1596
363 1689
364 421
364 515
364 551
364 727
364 760
364 869
364 905
364 1086
364 1260
364 1505
364 1795
364 1860
364 1999
365 490
365 709
365 841
365 873
365 1244
365 1504
365 1551
365 1584
365 1707
366 425
366 807
366 1363
366 1698
367 480
367 704
367 967
367 989
367 1010
367 1938
368 474
368 1104
369 489
369 541
369 620
369 735
369 1031
369 1147
369 1263
369 1319
369 1440
369 1493
369 1866
369 1998
370 422
370 629
370 810
370 823
370 1035
370 1619
370 1826
370 1889
370 1922
370 1973
371 607
371 687
371 1263
371 1275
371 1551
371 1571
371 1645
371 1655
371 1675
371 1735
372 549
372 634
372 740
372 1139
372 1216
372 1488
372 1733
373 484
373 781
373 854
373 1129
373 1322
373 1355
374 948
374 1204
374 1441
375 570
375 735
375 817
375 839
375 1486
375 1655
375 1710
375 1948
376 910
376 1329
376 1458
376 1597
376 1827
376 1841
376 2000
377 610
377 665
377 873
377 881
377 1195
377 1281
377 1781
377 1808
378 533
378 640
378 834
378 1074
378 1179
378 1278
378 1300
378 1578
378 1625
378 1988
379 502
379 718
379 782
379 842
379 1039
379 1134
379 1412
379 1719
380 406
380 439
380 593
380 1171
381 686
381 778
381 1580
381 1727
382 610
382 625
382 680
382 1036
382 1583
382 1694
383 450
383 719
383 828
383 832
383 919
383 1072
383 1367
383 1712
383 1793
383 1909
383 1933
384 481
384 492
384 1169
384 1258
384 1588
385 940
385 1510
385 1532
385 1563
385 1606
386 657
386 748
386 1268
386 1582
386 1966
386 2027
386 2037
387 593
387 749
387 1076
387 1078
387 1099
387 1239
387 1471
388 591
388 644
388 863
388 1179
388 1376
388 1646
388 1943
388 1969
389 399
389 583
389 604
389 920
389 1337
389 1471
389 1597
389 1670
389 1758
389 1798
389 1802
389 1944
390 392
390 531
390 699
390 969
390 1099
390 1264
390 1354
390 1431
390 1473
390 1495
391 1036
391 1209
391 1285
391 1737
391 1910
392 660
392 926
392 1115
392 1840
392 1892
393 730
393 913
393 1132
393 1156
393 1333
393 1490
393 1506
393 1539
393 1551
394 817
394 911
394 966
394 1086
394 1641
395 770
395 1000
395 1121
395 1813
395 2002
396 399
396 832
396 1184
396 1226
396 1371
396 1385
396 1773
396 1972
396 1983
397 701
397 1029
397 1640
397 1797
397 1934
398 727
398 1009
398 1044
398 1177
398 1306
398 1594
398 1906
399 469
399 1352
399 1414
400 465
400 534
400 890
400 1181
400 1446
401 1335
401 1476
401 1522
401 1630
401 1671
402 816
402 1136
402 1240
402 1266
402 1690
402 1868
403 468
403 1099
403 1253
403 1352
403 1375
403 1471
403 1536
403 1754
403 1980
404 563
404 682
404 1072
404 1152
404 1166
404 1476
404 2013
405 779
405 805
405 908
405 982
405 1047
405 1090
405 1115
405 1469
406 742
406 1217
406 1453
407 435
407 477
407 513
407 601
407 745
407 941
407 1021
407 1084
407 1328
407 2038
408 828
408 1151
408 1617
409 422
409 853
409 992
409 1011
409 1096
409 1424
409 1431
409 1556
409 1891
409 1982
410 1472
410 1573
410 1726
411 533
411 744
411 834
411 1232
411 1925
412 418
412 461
412 683
412 948
412 983
412 996
412 1047
412 1117
412 1191
412 1294
412 1567
412 1570
413 657
413 1267
413 1414
413 1433
413 1802
414 695
414 727
414 1054
414 1065
414 1135
414 1608
414 1663
415 595
415 781
415 1175
415 1280
415 1492
415 1589
415 2026
416 543
416 783
416 1330
417 1826
418 1182
418 1470
418 1537
418 1820
419 594
419 1078
419 1240
419 1255
419 1585
419 1819
420 435
420 729
420 934
420 945
420 996
420 1063
420 1550
420 1786
420 1864
421 442
421 1131
421 1194
421 1726
421 1794
421 1947
422 512
422 615
422 1088
422 1774
423 653
423 872
423 899
423 961
423 1121
423 1815
423 1885
424 1045
424 1269
425 1346
425 1808
425 1830
426 933
426 1764
427 800
427 814
427 944
427 1535
427 1663
427 1900
428 894
428 1238
428 1314
428 1350
428 1537
428 1657
428 1848
428 1923
428 1976
429 873
429 909
429 952
429 1592
429 1654
429 1822
430 512
430 594
430 818
430 1230
430 1471
430 1517
430 1721
431 811
431 898
431 1175
431 1432
431 1468
431 1478
431 1594
431 1931
432 460
432 540
432 742
432 843
432 995
432 1206
432 1403
432 1614
432 1647
432 1743
433 1205
433 1507
433 1536
433 1649
433 1819
433 1855
434 773
434 922
434 1307
434 1369
434 1420
434 1729
434 1790
434 1909
434 1995
435 499
435 593
435 604
435 1201
435 1244
435 1347
436 951
436 1521
436 1867
437 1366
437 1468
437 1972
437 2036
438 968
438 1336
438 1863
439 1481
439 1801
440 593
440 722
440 925
440 954
440 1359
440 1654
440 1904
440 1978
441 488
442 547
442 852
442 941
442 1200
442 1327
442 1469
442 1802
443 484
443 675
443 718
443 992
443 1364
443 1401
443 1671
443 1733
443 2042
444 535
444 1527
444 1717
444 1981
445 1114
445 1321
445 1636
445 1734
445 1916
446 478
446 550
446 698
446 779
446 827
446 936
446 961
446 1292
446 1330
446 1412
446 1814
446 2046
447 697
447 1211
447 1427
447 1747
448 488
448 1183
448 1288
448 1558
448 1751
449 563
449 790
449 949
449 1056
449 1148
450 694
450 838
450 899
450 1250
450 1547
450 1770
450 1793
451 628
451 981
451 1081
451 1471
451 1514
451 1552
451 1702
451 1831
451 2004
452 645
452 806
452 1063
452 1683
452 1938
453 750
453 803
453 815
453 1140
453 1652
453 1669
454 516
454 568
454 1241
454 1773
455 501
455 1714
455 1799
456 620
456 632
456 712
456 764
456 1394
456 1761
456 1989
457 530
457 1338
457 1588
457 1745
457 1752
458 1400
458 2013
459 582
459 1226
459 1570
459 1939
459 1951
459 2024
460 604
460 718
460 1173
460 1641
461 480
461 544
461 739
461 855
461 1898
461 2009
462 1195
462 1575
463 705
463 1139
463 1556
463 1569
463 1626
463 1828
463 1871
464 964
464 1170
464 1688
465 493
465 610
465 863
465 1129
465 1321
465 1337
465 1351
465 1452
465 1577
465 1589
465 1653
465 1688
465 1910
465 1919
465 2005
466 647
466 798
466 1029
466 1310
466 1633
466 1885
466 1982
467 491
467 859
467 924
467 1065
467 1258
467 1440
467 1654
467 1817
467 1823
469 815
469 1717
470 509
470 698
470 784
470 810
470 862
470 1513
471 1975
472 584
472 666
472 1656
472 1677
472 1799
473 949
473 974
473 1884
474 617
474 1001
474 1171
474 1712
475 763
475 852
475 902
475 1436
475 1463
475 1554
476 1043
476 1643
476 1869
476 1928
477 587
477 845
477 980
477 1612
477 1813
477 1893
477 2018
478 484
478 561
478 1766
479 547
479 596
479 630
479 988
479 1126
479 1161
479 1164
479 1847
480 539
480 650
480 872
480 1655
480 1807
481 561
481 627
481 781
481 1151
481 1488
481 1566
481 1614
482 640
482 647
482 837
482 871
482 1337
482 1344
482 1399
482 2029
483 600
483 1428
483 1477
483 1519
483 1980
484 956
484 1070
484 1357
484 1478
485 546
485 785
485 968
485 1284
485 1352
486 516
486 531
486 613
487 629
487 910
487 1081
487 1084
487 1962
488 1276
488 1537
488 1605
488 1635
489 741
489 1000
489 1220
490 617
490 637
490 1051
490 1231
490 1326
490 1557
490 1644
490 1687
490 1693
490 1813
491 657
491 908
491 1109
491 1164
491 1265
492 506
492 550
492 711
492 1334
492 1711
492 1729
492 1788
492 1807
493 896
493 1379
493 1388
493 1477
493 1905
493 1941
494 997
494 1353
494 1519
494 1720
494 1851
495 651
495 692
495 700
495 742
495 756
495 914
495 937
495 972
495 1004
495 1078
495 1157
495 1186
496 525
496 1383
496 1403
496 1489
496 1560
496 1591
496 1898
496 1998
497 715
497 847
498 689
498 1236
498 1280
498 1723
498 1817
499 816
499 876
499 1009
499 1086
499 1171
499 1205
499 1394
499 1396
499 1783
500 510
500 711
500 824
500 966
500 988
500 1300
500 1597
500 1700
500 1966
501 1552
501 1614
502 1388
502 1462
502 1811
502 1896
503 728
503 823
503 933
503 994
503 1209
503 1363
503 1559
503 1701
503 1733
503 1766
503 1781
504 603
504 734
504 1083
504 1476
505 568
505 631
505 645
505 890
505 1063
505 1282
505 1396
505 1860
505 1962
505 1979
505 2031
506 807
506 960
506 1403
506 1436
506 1543
506 1813
507 596
507 682
507 1100
507 1589
507 1595
507 1668
508 705
508 715
508 723
508 1097
508 1426
508 1549
508 2028
509 648
509 1010
509 1152
509 1353
509 1624
510 1292
510 1690
511 604
511 1306
511 1406
512 658
512 1067
512 1074
512 1406
512 1928
513 1517
513 1694
514 1061
514 1415
514 1773
514 1781
514 1827
514 1855
514 1946
515 681
515 998
515 1324
515 2031
516 679
516 792
516 1033
516 1492
516 1521
517 852
517 992
517 1227
517 1359
517 1436
517 1496
517 1597
518 767
518 1056
518 1146
518 1337
518 1465
518 1614
518 1735
518 1866
518 1879
518 1966
519 1047
519 1238
520 600
520 624
520 880
520 1226
520 1370
520 1455
520 1873
520 1891
521 828
521 1014
521 1103
521 1438
521 1543
521 1804
521 2003
522 527
522 779
522 914
522 1461
522 1536
522 1595
522 1926
523 576
523 751
523 889
523 932
523 1025
523 1047
523 1184
523 1198
523 1222
523 1364
523 1729
523 1850
524 703
524 863
524 1094
524 1230
524 1262
524 1775
524 1884
525 581
525 702
525 849
525 1244
525 1520
526 672
526 675
526 986
527 786
527 1145
527 1314
527 1384
527 1400
527 1446
527 1950
528 590
528 635
528 770
528 984
528 1227
528 1416
528 1596
528 1676
528 1738
529 1641
530 535
530 674
530 851
530 921
530 1100
530 1712
531 782
531 1554
531 1640
531 1749
531 1933
531 1942
532 938
532 1043
532 1066
532 1103
532 1419
532 1692
532 1754
533 584
533 689
533 735
533 1817
534 1179
534 1237
534 1352
534 1788
534 2028
534 2047
535 802
535 835
535 869
535 920
535 1741
536 1602
536 1918
537 764
537 1004
537 1024
538 678
538 695
538 994
538 1149
538 1558
538 1720
539 809
539 933
539 974
539 1066
539 1692
540 560
540 1034
540 1330
540 1369
540 1946
541 973
541 994
541 1093
541 1241
542 947
542 1094
542 1480
542 1771
542 1916
542 1974
543 629
543 1749
543 1769
544 553
544 601
544 1046
544 1358
544 1446
544 1829
544 1917
544 2000
545 777
545 783
545 1240
546 697
546 821
546 1217
546 1274
546 1640
547 700
547 924
547 961
547 1262
547 1306
547 1383
547 1596
547 1800
547 1842
548 586
548 626
548 755
548 1754
549 649
549 812
549 1377
550 712
550 746
550 836
550 920
550 1777
550 1865
550 1871
552 599
552 1370
552 1391
552 1408
552 1562
552 1858
552 2020
553 569
553 1269
553 1422
553 1503
553 1832
553 1976
554 1460
554 1608
554 1661
554 1758
554 1773
554 1966
555 1039
555 1068
555 1721
555 1778
555 2001
556 732
556 989
556 991
556 1334
556 1827
557 608
557 748
557 815
557 1090
557 1265
557 1313
557 1412
557 1687
557 1913
557 1975
558 874
558 1024
558 1280
558 1422
558 1720
558 1729
558 2002
558 2007
559 734
559 1130
559 1174
559 1763
560 996
560 1658
560 1732
560 1887
560 1962
560 1963
561 596
561 834
561 951
561 1024
561 1944
562 634
562 914
562 1577
562 1585
562 1898
562 1928
562 1933
563 630
563 689
563 846
563 1146
563 1198
563 1275
563 1599
563 1654
563 1681
564 896
564 969
564 1376
564 1832
564 1863
564 1932
564 1960
565 705
565 833
565 1327
565 1372
565 1441
566 606
566 897
566 1376
566 1526
566 1797
566 1810
567 617
567 671
567 1319
567 1625
568 1569
569 645
569 972
569 1251
569 1283
569 1414
570 1446
570 1655
570 1750
570 1772
571 1153
571 1207
571 1485
571 1545
571 1566
571 1627
571 1634
571 1711
572 581
572 928
572 1247
572 1325
572 1832
572 1930
573 648
573 856
573 988
573 1107
573 1255
573 1307
573 1645
574 689
574 1056
574 1239
574 1301
574 1470
574 1714
574 2009
575 789
575 1374
575 1593
575 1758
575 1763
575 2024
576 688
576 1136
576 1731
577 724
577 793
577 822
577 840
577 1163
577 1500
577 1702
577 1814
577 1820
578 743
578 929
578 1214
578 1390
578 1623
578 1782
578 1858
579 830
579 846
579 1183
579 1187
579 1206
579 1290
579 1387
579 1830
579 1869
579 1913
580 783
580 839
580 1874
581 1211
581 1765
582 631
582 668
582 920
582 1116
582 1355
582 1411
582 1427
582 1438
582 1468
582 1554
582 1869
583 696
583 711
583 721
583 757
583 1303
583 1320
583 1448
583 1740
584 950
584 1229
584 1791
584 1798
584 1853
584 1877
584 1899
585 782
585 791
585 1213
585 1344
585 1546
585 1766
586 709
586 1186
586 1287
586 1301
586 1736
586 1768
586 1782
586 1987
587 793
587 1331
587 1524
588 628
588 830
588 1156
588 1509
588 1713
588 1755
588 1760
589 742
589 943
589 1281
590 876
590 1323
590 1568
591 705
591 747
591 1468
592 1351
592 1471
592 1663
593 1947
593 2015
594 703
594 803
594 1009
594 1062
594 1080
594 1106
594 1297
594 1323
594 1966
594 2029
595 938
595 957
595 1206
595 1320
595 1596
595 1771
595 1775
595 1864
596 628
596 706
596 1053
596 1842
597 1621
597 2029
598 1139
598 1402
598 1642
598 1945
598 1981
599 621
599 787
599 1080
599 1313
599 1651
599 1878
600 615
600 1449
600 1699
601 633
601 718
601 1530
601 1906
602 725
602 796
602 854
602 1377
602 1381
602 1790
602 1920
602 1940
603 619
603 1205
603 1636
603 1725
603 1753
603 1898
604 659
604 925
604 958
604 1405
604 1455
604 1525
604 1747
605 728
605 1010
605 1216
605 1659
605 1785
605 1797
605 1897
606 695
606 1062
606 1098
606 1209
606 1326
606 1403
606 1525
606 1882
606 1913
607 628
607 1000
607 1048
607 1057
607 1451
607 1552
607 1558
607 1701
608 751
608 1059
608 1170
608 1471
609 615
609 672
609 705
609 1550
609 1734
609 1820
609 1899
610 878
610 1555
610 1746
610 1936
611 709
611 1221
611 1258
611 1313
611 1315
611 1316
611 1491
611 1827
612 931
612 1046
612 1138
612 1179
612 1638
612 1657
612 1758
613 649
613 875
613 1006
613 1042
613 1046
613 1302
613 1670
613 1761
613 1862
614 622
614 717
614 848
614 1366
614 1522
614 1617
614 1675
614 1839
614 1844
615 1122
615 1535
615 1600
616 751
616 865
616 1087
616 1224
616 1281
616 1692
617 806
617 894
617 1127
617 1586
617 1652
618 704
618 740
619 868
619 1327
619 1475
619 1562
619 1878
620 884
620 917
620 975
620 1283
620 1977
621 771
621 1023
621 1104
621 1153
621 1526
621 1750
622 863
622 1376
622 1413
622 1467
622 1850
623 969
623 1085
623 1126
623 1334
624 806
624 1113
624 1155
624 1380
624 1728
624 1933
625 935
625 1426
625 1497
625 1583
626 769
626 799
626 912
626 1026
626 1048
626 1085
626 1225
626 1369
626 1379
626 1690
626 1862
626 1869
627 792
627 1173
627 1736
628 717
628 1016
628 1285
628 1660
628 1686
629 743
629 780
629 948
629 1275
629 1304
629 1848
629 1909
630 729
630 1069
630 1290
630 1404
630 1597
630 1687
630 1964
631 680
631 838
631 856
631 1319
632 808
632 1192
632 1504
632 1535
632 1641
632 1683
632 1926
632 2023
633 1166
633 1486
634 791
634 1060
634 1244
634 1705
634 1835
635 655
635 1594
636 794
636 1046
636 1176
636 2010
637 948
637 1001
637 1226
637 1622
637 1652
638 858
638 993
638 999
638 1378
638 1856
639 689
639 708
639 763
639 1487
639 1562
639 1735
639 1921
640 770
640 1112
640 1265
640 1510
641 1579
642 672
642 746
642 840
642 970
642 1116
642 1282
642 1391
642 1440
642 1469
642 1829
643 722
643 873
643 936
643 1224
643 1712
643 1996
644 1587
644 1671
644 1706
644 1869
645 763
645 875
645 909
645 1108
645 1230
645 1258
645 1322
645 1414
645 1597
645 1647
645 1768
645 1964
646 973
646 1239
646 1527
646 1871
646 1877
646 1930
646 1932
647 906
647 1100
647 1708
648 1022
648 1164
648 1307
648 1921
649 887
649 904
649 1238
649 1285
649 1572
650 712
650 936
650 1478
650 2032
651 852
651 1187
651 1389
651 1405
652 793
652 1260
652 1518
652 1701
652 1872
654 817
654 847
654 882
654 945
654 1007
654 1745
654 1994
655 827
655 862
655 1015
655 1080
655 1102
655 1498
655 1520
655 1607
655 2024
656 740
656 803
656 914
656 919
656 1010
656 1069
656 1681
656 1859
657 926
657 1112
657 1128
657 1848
657 1972
657 1975
657 2017
658 878
658 1144
658 1907
658 2031
659 784
659 1235
659 1241
659 1531
660 1038
660 1085
660 1511
660 2046
661 840
661 1069
661 1409
661 1486
661 1659
661 1677
661 1773
661 1885
661 1986
661 1993
662 768
662 802
662 1237
662 1496
662 1782
662 1807
662 1834
662 1952
663 746
663 1299
663 1803
663 1857
664 844
664 1008
664 1009
664 1059
664 1114
664 1474
664 1955
665 708
665 750
665 767
665 1246
665 1697
666 1328
666 1567
666 1656
666 1664
666 1684
667 1357
667 1486
668 717
668 766
668 1072
668 1090
668 1397
668 1435
669 838
669 916
669 1025
669 1206
669 1209
670 1822
671 1145
671 1251
671 1520
671 1696
671 1748
671 1992
672 732
672 1025
672 1202
672 1511
672 1584
672 1829
672 1941
673 697
673 785
673 823
673 1329
673 1518
673 1570
673 1885
673 2004
674 837
674 1125
674 1219
675 916
675 937
675 1412
675 1501
675 2016
676 798
676 1167
676 1983
677 1011
677 1179
678 982
678 1464
678 1885
679 1001
679 1094
679 1226
679 1304
679 1427
679 1839
679 1895
679 1945
679 1995
680 865
680 1069
680 1166
680 1451
681 913
681 1388
681 1419
681 1694
681 1909
682 764
682 820
682 1314
682 1495
682 1562
682 1741
683 931
683 1215
683 1307
684 704
684 773
684 1058
684 1162
684 1349
684 1901
684 2014
685 1032
685 1639
685 1681
686 759
686 824
686 834
686 944
686 1015
686 1078
686 1432
686 1725
686 1912
687 709
687 918
687 1712
687 1865
688 1287
688 1438
688 1582
688 1638
688 1935
689 1960
690 1067
690 1201
690 1254
690 1551
690 1956
691 793
691 1133
691 1392
691 1816
691 1900
691 1957
692 771
692 997
692 1147
692 1578
692 1846
693 828
693 1954
694 840
694 1562
694 1746
694 1777
694 1778
695 730
695 797
695 1354
695 1522
696 756
696 771
696 822
696 1066
696 1071
696 1092
696 1267
696 1322
696 1343
696 1404
697 1996
698 772
698 1071
698 1135
698 1340
698 1661
698 1836
698 1870
699 815
699 831
699 1017
699 1181
699 1274
699 1284
699 1363
699 1821
699 1950
700 788
700 1241
700 1601
701 1518
701 1894
701 1936
702 1029
702 1084
702 1251
702 1393
702 1753
703 778
703 946
703 1635
703 1676
703 1693
703 2021
704 734
704 819
704 988
704 1039
705 1090
705 1267
705 1389
705 1641
705 1708
706 882
706 1024
706 1494
706 1734
707 718
707 769
707 1360
707 1457
707 1764
708 805
708 1795
709 898
709 1110
709 1163
709 1220
709 1369
709 1371
709 1520
709 1772
709 1919
710 1078
710 1143
710 1164
710 1182
710 1251
710 1523
710 1650
710 1691
710 1939
711 1003
711 1486
711 1585
711 1609
712 1050
712 1292
712 1309
712 1391
712 1661
712 1803
713 1001
713 1312
714 756
714 870
714 1210
714 1409
714 1439
714 1604
715 1001
715 1645
715 1703
715 2002
716 959
716 1103
716 1450
716 1762
717 799
717 1067
717 1127
717 1362
717 1390
717 1503
717 1561
717 1677
717 1760
717 1766
718 1425
719 1074
719 1177
719 1571
720 764
720 781
720 1318
720 1340
720 1507
720 1517
720 1887
720 1993
721 1563
721 1698
721 1761
722 840
722 987
722 1625
722 1639
723 916
723 1008
723 1073
723 1094
723 1221
723 1223
723 1339
723 1551
723 1629
724 1023
724 1615
725 1998
726 1476
726 1498
726 1500
726 1657
726 1825
727 1435
728 795
728 1490
728 1554
728 1584
729 1582
729 1884
730 1207
730 1219
730 1508
730 1516
731 784
731 893
731 1090
731 1430
732 1057
732 1374
732 1389
732 1743
732 1760
733 1219
733 1792
733 1814
734 949
734 1238
734 1309
734 1594
734 1610
734 1816
735 736
735 1233
736 869
736 940
736 986
736 1438
736 1484
736 1995
737 1184
737 1187
737 1725
737 1856
737 1860
738 894
738 1232
738 1237
738 1458
738 1600
739 1475
739 1548
739 1738
740 1151
740 1192
740 1196
740 1365
740 1475
740 1524
740 2040
741 784
741 937
741 1549
741 1665
742 808
742 1047
742 1054
742 1303
742 1514
742 1548
742 1925
743 881
743 1008
743 1011
743 1502
743 1561
743 1622
744 1113
744 1389
744 1975
745 1154
745 1176
745 1312
745 1358
745 1678
745 1734
746 859
746 1102
746 1501
746 1516
746 1813
746 1826
747 1084
747 1086
747 1255
747 1779
747 1856
747 1985
748 910
748 1219
748 1827
749 1520
749 1553
749 1787
749 1806
749 2011
750 871
750 1466
750 1833
751 1416
751 1495
751 1805
752 849
752 1125
752 1187
752 1581
752 1615
752 1623
752 1674
752 1896
752 2036
753 1414
753 1941
753 2034
754 757
754 1381
754 1695
754 1801
754 1892
755 811
755 1095
755 1280
755 1285
755 1290
755 1424
755 1613
755 1663
755 1803
755 2025
756 1046
756 1130
756 1362
756 1660
756 1792
756 1893
757 772
757 1312
757 1430
757 1591
757 1727
757 1762
757 1816
757 1819
758 1236
758 1390
758 1449
758 1560
758 1785
759 1029
759 1276
759 1488
759 1607
759 1761
760 891
760 1734
760 1749
761 813
761 980
761 1404
761 1621
762 938
762 952
762 1088
762 1316
762 1595
762 1761
762 2012
763 1181
763 1284
763 1369
763 1530
763 1695
763 1729
764 1459
764 1509
764 1982
765 1465
765 1541
765 1676
766 1195
766 1449
766 1631
766 1695
766 1806
766 1836
766 1939
766 1997
767 1158
767 1430
767 1599
767 2017
768 1207
768 1329
768 1751
768 1810
769 982
769 1442
769 1557
769 1701
769 1779
770 842
770 1357
770 1510
770 1733
770 1737
770 1907
770 1933
771 1810
771 1856
771 1974
772 929
772 1336
772 1374
772 1645
772 2043
773 1018
773 1281
773 1319
773 1484
773 1530
773 1669
773 1785
774 1080
774 1290
774 1421
774 1740
774 1753
774 1760
774 1919
775 1187
775 1298
775 1566
775 1647
776 1001
776 1141
776 1349
776 1472
776 1533
776 1563
776 1619
777 842
777 863
777 1061
777 1073
777 1142
777 1198
777 1318
777 1774
777 1776
777 1875
778 989
778 1113
778 1383
778 1421
779 1499
779 1744
779 1815
779 1906
779 2015
779 2022
780 944
780 1017
780 1086
780 1132
780 1553
780 1849
780 1938
781 841
781 873
781 1307
781 1453
781 1567
782 863
782 877
782 1217
782 1425
782 1698
782 1868
782 1966
783 1237
783 1317
783 1428
783 1670
783 1955
784 1123
784 1230
784 1698
785 1013
785 1029
785 1094
785 1141
785 1317
785 1622
786 943
786 1057
786 1142
786 1457
786 1783
786 1836
786 1839
786 1917
786 2011
787 1005
787 1245
787 1910
787 1947
787 1979
788 973
788 1432
788 1445
789 869
789 1307
789 1549
789 1595
790 930
790 1205
790 1469
790 1473
790 1579
790 1852
791 964
791 997
791 1157
791 1426
791 1696
791 1725
792 971
792 1007
792 1893
793 838
793 1378
793 1669
793 1706
793 1854
794 1783
794 1893
795 834
795 840
795 971
795 1329
795 1554
795 1735
795 2009
796 1212
796 1465
796 1528
796 1847
796 2007
797 1087
797 1240
797 1484
797 1498
797 1626
797 1685
797 1902
798 1087
798 1752
798 1769
799 1026
799 1160
799 1577
799 2042
800 1239
800 1309
800 1611
800 1940
801 934
801 1125
801 1346
801 1439
802 1187
802 1320
802 1646
802 1674
802 1684
803 1252
803 1698
803 1704
803 1741
803 1782
803 1799
803 1941
804 999
804 1147
804 1517
804 1521
804 1788
804 1880
805 1111
805 1187
805 1300
805 1596
806 887
806 1409
806 1959
807 1041
807 1079
807 1282
807 1433
807 1678
807 1955
808 924
808 1222
808 1239
808 1424
808 1430
809 991
809 1005
809 1148
809 1178
810 1065
810 1626
810 1994
811 1303
811 1318
811 1346
811 1548
811 1579
811 1744
812 972
812 1059
812 1222
812 1593
812 1693
812 1958
813 1427
814 1431
814 1946
814 1990
815 965
815 1188
815 1581
815 1899
815 1917
816 946
816 1326
816 1356
816 1542
817 1320
818 1121
818 1166
818 1519
819 917
819 1641
819 1847
819 1861
819 2031
821 1042
821 1141
821 1496
821 1778
822 861
822 1256
822 1508
822 1635
822 1670
823 1016
823 1383
823 1828
823 1974
823 2035
824 844
824 1026
824 1586
824 1795
824 1799
825 1352
825 1604
826 1077
826 1449
826 1681
827 1095
828 1894
829 907
829 1046
829 1191
829 1453
829 1489
829 1786
830 1553
831 1214
831 1902
831 1949
832 1735
832 1863
833 878
833 982
833 1615
833 1738
833 1930
834 880
834 962
834 1074
834 1325
834 1437
834 1824
835 1007
835 1303
835 1510
835 1805
835 1983
835 2014
836 851
836 888
836 907
836 1597
837 1739
838 886
838 1082
838 1083
838 1688
839 1421
840 1932
841 1004
841 1188
841 1257
841 1306
841 1580
841 1710
841 1768
841 1836
842 1072
842 1339
842 1688
843 938
843 1728
843 1853
844 1343
844 1441
844 1553
844 1678
844 1867
844 1895
845 947
845 1155
845 1361
845 1491
845 1726
846 874
846 1304
846 1869
847 1040
847 1132
847 1224
848 1484
848 1538
848 1856
849 935
849 993
849 1087
849 1534
849 1737
850 883
850 1274
850 1616
850 1851
851 1482
851 1708
851 1901
852 853
852 895
852 1126
852 1204
852 1588
852 1786
852 1888
852 1894
853 882
853 1386
853 1492
853 1494
853 1676
854 1715
854 1889
855 872
855 1271
855 1788
855 2003
855 2041
856 880
856 1155
856 1437
856 1447
856 1804
857 1255
857 1265
857 1329
857 1471
857 1650
858 1732
859 1376
859 1448
859 1474
859 1663
859 1806
859 1934
859 1989
860 1331
860 1583
860 1653
860 2040
861 1315
861 1471
861 1728
862 1016
862 1646
862 1721
862 1823
862 1913
863 931
863 987
863 1833
864 1133
864 1157
864 1720
864 1851
864 1887
864 1958
865 1007
865 1242
865 1443
865 1646
866 946
866 1313
866 1403
866 1685
866 1828
867 925
867 1028
867 1125
867 1645
867 1923
868 944
868 1204
868 1489
868 1589
868 1640
868 1774
868 1858
868 1935
869 1706
869 1874
869 1977
870 1511
870 1984
871 1234
871 1317
871 1336
871 1612
871 1705
871 1796
872 983
872 1187
872 1396
872 1399
872 1439
872 1772
872 1906
873 925
873 1531
873 1817
873 1867
874 908
874 1066
874 1135
874 1310
874 1339
875 1154
875 1516
875 1518
875 1780
875 1831
875 1926
875 2043
876 1003
876 1517
876 1619
876 1850
876 1860
876 1901
877 928
877 1129
877 1139
877 1306
877 1792
877 1890
878 1366
878 1382
878 1415
878 1859
879 1029
879 1049
879 1173
879 1369
879 1559
879 1618
879 1778
879 1904
879 1955
879 1973
879 2035
880 1202
880 1429
880 1922
880 2012
881 1027
881 1105
881 1164
881 1424
881 1498
882 1364
883 1073
883 1669
883 1769
883 1905
883 1919
884 923
884 1266
884 1325
884 1332
884 1453
884 1597
884 1794
884 1906
884 1935
885 1313
886 1113
886 1132
886 1137
886 1544
887 1155
887 1237
887 1325
887 1448
887 1492
887 1891
887 1947
888 924
888 1056
888 1097
888 1133
888 1471
888 1805
888 1908
889 1370
889 1849
890 1245
890 1513
890 1734
890 1798
891 939
891 1266
891 1735
892 1435
892 2004
893 1052
893 1211
893 1488
893 1778
894 1071
894 1257
894 1262
894 1895
895 1429
895 1441
895 1628
895 1745
895 1778
895 1825
895 1847
895 1979
896 1769
897 1019
897 1186
897 1394
898 1703
899 985
899 1136
899 1194
899 1410
899 1459
899 1481
900 1140
900 1463
900 1510
900 1856
901 1044
901 1905
901 2000
902 909
902 1157
902 1225
902 1383
902 1696
902 1728
902 1912
903 926
903 932
903 976
903 982
903 1042
903 1232
903 1347
903 1474
903 1703
903 1875
904 939
905 987
905 1563
905 1717
906 1561
906 1825
907 1038
907 1201
908 1116
908 1586
908 1852
908 1867
908 1880
908 1891
909 1130
909 1640
909 1698
910 1041
910 1905
910 2012
911 1086
911 1357
911 1568
912 1145
912 2005
913 971
913 1475
913 1647
913 1721
914 1127
914 1227
915 1335
915 1508
916 1011
916 1211
916 1388
916 1465
916 1819
917 979
917 1891
917 1943
918 1147
918 1618
918 1763
918 1849
918 1927
919 1137
919 1397
919 2040
920 1206
920 1293
920 1461
920 1604
920 1742
920 1763
921 1512
921 1587
922 1593
923 939
923 1192
923 1815
923 1824
924 1212
925 1009
925 1071
925 1459
925 1618
926 1071
926 1378
926 1514
927 1152
927 1234
927 1531
927 2014
928 1252
928 1996
929 1545
929 1757
930 1031
930 1139
930 2040
931 973
931 1091
931 1895
932 1010
932 1163
932 1478
932 1508
933 954
933 1131
933 1140
933 1991
934 949
934 1298
934 1361
934 1371
934 1387
934 1504
934 1646
934 1835
934 2023
935 1229
935 1748
935 1784
935 1895
935 1933
936 1509
936 1560
936 1709
938 1505
938 1586
939 1074
939 1115
939 1210
939 1272
939 1286
939 1314
939 1339
939 1554
939 1665
939 1839
939 1852
939 1920
940 1281
940 1476
940 1481
941 945
941 1145
941 1213
941 2015
942 948
942 1007
942 1091
942 1353
942 1584
942 1662
942 1837
943 962
943 1025
943 1229
943 1492
943 1816
943 1865
944 1241
944 1390
944 1645
944 1904
945 1154
945 1632
945 1835
945 1837
946 1230
946 1234
946 1524
946 1912
947 949
947 1317
947 1870
948 950
948 1270
948 1332
948 1751
948 2007
949 1525
950 987
950 1101
950 1382
950 1449
950 1479
950 1499
950 1512
950 1730
950 1802
950 1847
951 1265
951 1891
951 1934
953 1611
954 1329
954 1488
954 1605
954 1813
954 1814
954 1933
955 1045
955 1110
955 2014
956 966
956 1690
956 1802
957 1505
957 1627
957 1677
957 2010
958 1083
958 1245
959 1212
959 1381
960 1008
960 1301
960 2035
961 1048
961 1053
961 1421
961 1573
961 1632
961 1645
962 1006
962 1873
963 1652
963 1813
963 1931
963 1936
963 1998
964 1604
965 968
965 1378
965 1683
965 1915
966 1139
966 1521
966 1566
966 1617
966 1826
967 1169
967 1244
967 1315
967 1768
967 1897
968 1048
968 1186
968 1919
968 2032
969 1107
969 1355
969 1958
970 1025
970 1507
971 1632
971 2039
972 1202
972 1301
972 1354
972 1427
972 1712
972 1761
972 1799
972 1990
973 1012
973 1194
973 1612
973 1641
973 1706
974 981
975 1581
975 1614
975 1957
975 1977
976 1024
976 1216
976 1235
976 1256
976 1351
976 1370
976 1670
977 1337
977 1801
977 1864
977 1979
978 1077
978 1332
978 1339
978 1737
978 1927
978 2019
979 1562
980 1117
980 1438
980 1674
980 1722
981 1016
981 1184
981 1688
982 1819
982 1922
983 1375
983 1864
983 1994
984 1788
985 1533
985 1867
985 2029
986 1195
986 1361
986 1512
986 1570
986 1632
986 1642
986 1964
987 1149
987 1339
987 1373
987 1875
987 2002
987 2043
988 1155
988 1232
988 1241
988 1383
988 1402
988 1690
988 1691
988 1749
989 1019
990 1127
990 1610
990 1904
990 1953
991 1658
992 1199
992 1422
993 1948
994 1044
994 1171
994 1569
994 1960
994 2015
997 1106
998 1073
998 1193
998 1233
998 1949
999 1065
1000 1473
1000 1962
1001 1255
1001 1509
1001 1539
1001 2003
1002 1545
1002 1551
1003 1118
1003 1212
1003 2016
1004 1668
1004 1740
1004 1745
1004 1935
1005 1757
1006 1960
1007 1172
1007 1563
1007 1826
1007 1904
1007 1945
1008 1073
1008 1153
1008 1441
1008 1444
1008 1990
1009 1054
1009 1196
1009 1249
1009 1378
1009 1584
1009 1739
1009 1962
1009 1980
1010 1545
1010 1725
1010 1727
1010 1904
1010 1971
1011 1132
1011 1143
1011 1288
1011 1559
1011 1652
1011 1703
1011 1752
1012 1551
1012 1612
1012 1772
1013 1433
1013 1533
1013 1606
1013 1838
1014 1376
1014 1470
1014 1958
1015 1100
1015 1225
1015 1304
1015 1708
1015 1803
1015 1806
1015 1912
1016 1320
1016 1365
1016 1876
1017 1724
1017 2025
1018 1792
1019 1171
1019 1875
1020 1128
1020 1316
1022 1277
1022 1553
1022 1605
1022 1739
1022 1792
1023 1231
1024 1174
1024 1245
1024 1378
1024 1959
1025 1283
1025 1736
1025 1828
1025 1916
1026 1081
1026 1098
1026 1560
1026 1597
1026 1656
1027 1120
1027 1685
1028 1607
1028 1679
1029 1076
1029 1092
1029 1165
1029 1319
1029 1395
1029 1821
1029 1949
1029 2016
1029 2035
1030 1082
1030 1172
1030 1430
1030 1971
1031 1241
1031 1577
1031 1618
1031 1843
1031 1853
1032 1494
1032 1735
1032 1945
1032 2005
1032 2033
1033 1066
1033 1184
1033 1199
1033 1251
1034 1608
1034 1630
1035 1389
1035 1763
1035 1770
1036 1223
1036 1286
1036 1328
1036 1682
1037 1240
1037 1432
1037 2015
1038 1222
1038 1525
1039 1131
1039 1310
1039 1607
1039 1817
1039 1989
1040 1210
1040 1613
1040 1701
1040 2033
1040 2044
1041 1136
1041 1141
1041 1423
1041 1648
1041 1695
1041 1791
1041 1873
1041 1943
1041 1992
1042 1174
1042 1331
1043 1095
1043 1496
1043 1694
1043 1751
1044 1271
1044 1303
1044 1341
1044 1828
1044 1848
1045 1439
1045 1776
1046 2004
1047 1312
1047 1380
1047 1890
1048 1176
1048 1179
1048 1250
1048 1351
1048 1936
1048 1969
1049 1945
1050 1093
1050 1211
1050 1346
1050 1444
1050 2030
1051 1351
1052 1185
1052 1240
1052 1452
1052 1585
1052 1945
1053 1398
1053 1576
1053 1633
1054 1240
1054 1820
1054 1863
1054 1961
1055 1329
1055 1709
1055 1892
1056 1357
1056 1422
1056 1517
1056 1540
1057 1061
1057 1637
1057 1714
1057 1796
1057 1916
1059 1502
1060 1560
1060 1644
1060 1913
1060 2017
1061 1152
1061 1217
1061 1291
1061 1619
1061 1713
1061 1960
1062 1124
1062 1318
1062 1432
1062 1535
1062 1817
1062 1907
1063 1100
1063 1483
1063 1568
1064 1217
1064 1543
1064 1584
1065 1437
1065 1561
1065 1832
1066 1088
1066 1540
1066 1557
1067 1208
1067 1239
1067 1282
1067 1476
1067 1534
1067 1635
1067 1745
1067 1842
1068 1332
1068 1768
1068 2010
1069 1809
1069 1815
1069 1945
1070 1180
1070 1200
1070 1669
1070 1790
1070 2003
1070 2005
1071 1105
1071 1542
1071 1635
1072 1222
1072 1466
1073 1175
1073 1329
1073 1413
1073 1777
1073 1889
1073 1942
1074 1190
1074 1250
1074 1369
1074 1568
1074 1703
1074 1904
1074 1937
1074 2043
1075 1115
1075 1410
1076 1350
1076 1409
1076 1476
1076 1685
1077 1107
1077 1259
1077 1358
1077 1998
1078 1080
1078 1557
1078 1622
1078 1846
1079 1307
1079 1338
1079 1565
1079 1773
1079 1947
1079 1954
1079 1994
1080 1427
1081 1260
1081 1648
1082 1484
1082 1969
1082 2025
1083 1162
1083 1243
1083 1311
1083 1422
1083 1440
1083 1530
1083 1731
1084 1215
1084 1416
1084 1582
1084 1630
1084 1857
1084 1983
1084 1993
1085 1226
1085 1331
1085 1387
1085 1585
1085 2040
1086 1099
1086 1586
1086 1656
1086 2010
1087 1375
1087 1441
1087 1490
1087 2010
1088 1256
1088 1315
1088 1317
1088 1638
1088 1749
1089 1299
1089 1310
1089 1694
1089 1774
1090 1526
1090 1900
1090 2027
1091 1280
1091 1483
1091 1519
1091 1927
1091 2018
1092 1238
1092 1296
1092 1624
1092 2046
1094 1241
1094 1387
1095 1100
1095 1245
1096 1099
1097 1347
1097 1577
1097 1857
1098 1240
1098 1955
1098 2024
1099 1179
1099 1227
1099 2004
1100 1302
1100 1463
1100 1749
1100 1816
1101 1132
1101 1405
1101 1637
1101 1697
1101 1880
1102 1319
1102 1651
1102 1958
1103 1636
1103 1855
1104 1178
1104 1492
1104 1515
1104 1673
1104 2000
1105 1754
1105 1897
1105 1953
1105 1979
1105 2023
1106 1151
1106 1533
1106 1810
1107 1364
1107 1569
1108 1659
1108 1933
1109 1337
1109 1573
1110 1552
1110 1661
1110 1906
1110 1987
1111 1541
1111 1595
1112 1569
1112 1752
1112 1861
1113 1702
1113 1953
1113 1988
1114 1215
1114 1387
1114 1394
1114 1669
1114 1732
1115 1276
1116 1476
1116 1533
1116 1855
1117 1299
1117 1345
1117 1421
1117 1550
1117 1784
1118 1571
1118 1743
1118 1851
1118 1971
1119 1524
1119 1916
1119 1984
1120 1231
1120 1529
1120 1782
1120 1809
1121 1566
1121 1939
1122 1305
1122 1352
1122 1930
1123 1399
1123 1915
1123 1960
1123 2031
1124 1250
1124 1388
1124 1690
1124 1928
1124 1929
1125 1148
1126 1378
1126 1379
1126 1617
1126 1637
1127 1231
1127 1573
1127 1585
1128 1200
1128 1208
1128 1852
1128 2004
1129 1180
1129 1544
1129 1547
1129 1900
1129 2019
1130 1261
1130 1630
1130 1831
1131 1155
1131 1421
1131 1471
1131 1759
1131 1924
1131 1935
1132 1825
1132 1965
1133 1229
1133 1332
1133 1659
1133 1745
1134 1770
1135 1369
1135 1823
1136 1177
1136 1617
1137 1159
1137 1162
1137 1447
1137 1554
1137 1616
1137 1661
1137 1731
1137 1779
1138 1620
1139 1934
1141 1152
1141 1376
1141 1626
1141 1962
1141 2013
1142 1562
1142 1886
1143 1594
1143 1626
1143 1799
1143 1824
1143 1881
1143 1924
1144 1414
1144 1914
1145 1340
1145 1795
1145 2001
1146 1210
1146 1275
1146 2018
1147 1533
1147 1701
1147 1759
1148 1373
1148 1681
1148 1853
1149 1750
1149 1961
1149 2016
1150 1169
1150 1795
1151 1253
1151 1260
1151 1680
1151 1720
1152 1421
1152 1560
1152 1693
1152 1936
1153 1477
1153 1496
1153 1722
1154 1157
1154 1308
1155 2038
1157 1331
1157 1513
1157 1656
1157 1724
1157 1764
1157 1780
1158 1311
1158 1585
1158 1953
1159 1348
1159 1486
1159 1508
1159 1573
1159 1669
1159 1679
1159 1820
1159 2020
1160 1509
1160 1810
1161 1573
1161 1689
1161 1732
1161 1802
1161 1871
1161 2012
1161 2043
1162 1493
1162 1665
1162 1755
1162 1928
1163 1575
1163 1661
1163 1887
1163 2009
1164 1408
1164 1674
1164 1691
1164 1822
1164 1880
1165 1358
1165 1555
1165 1557
1165 1947
1166 1306
1166 1422
1167 1622
1167 1702
1167 1713
1167 1910
1168 1758
1168 1928
1169 1361
1169 1924
1170 1646
1170 1865
1171 1237
1171 1677
1173 1547
1173 1719
1173 1748
1174 1586
1175 1252
1175 1364
1175 1728
1175 1748
1175 1812
1175 1869
1175 1951
1176 1516
1176 1585
1176 1846
1177 1196
1177 1502
1177 1575
1177 1984
1178 1368
1178 1481
1178 1541
1178 1811
1179 1209
1179 1268
1179 1830
1179 1930
1179 2042
1180 1836
1181 1405
1181 1692
1181 1920
1181 2018
1182 1244
1182 1748
1182 1956
1182 1974
1182 1983
1183 1344
1183 1466
1183 1476
1184 1348
1184 1455
1184 1619
1184 1821
1184 1921
1184 1997
1185 1548
1185 1592
1185 1742
1185 1859
1186 1528
1187 1532
1187 1791
1187 1870
1187 1889
1188 1487
1188 1509
1189 1196
1189 1224
1189 1941
1189 2026
1190 1860
1190 1993
1191 1719
1191 1725
1191 1795
1191 1813
1192 2005
1193 1365
1193 1438
1193 1663
1195 1446
1195 1829
1195 1949
1196 1302
1196 1623
1196 1757
1197 1320
1198 1714
1198 1978
1199 1313
1199 1388
1199 1744
1199 1865
1200 1730
1200 1909
1201 1910
1202 1317
1202 1700
1202 1749
1202 2030
1203 1586
1203 1703
1205 1708
1205 1760
1205 1975
1205 1993
1206 1256
1206 1312
1206 1337
1207 1277
1207 1387
1207 1628
1208 1561
1209 1274
1209 1415
1209 1425
1209 1696
1209 1742
1209 1809
1210 1611
1211 1493
1211 1871
1212 1492
1212 1965
1212 1979
1213 1475
1213 1656
1213 1873
1213 1985
1214 1237
1214 1642
1214 1717
1214 1828
1214 1849
1215 1394
1215 1903
1216 1468
1216 1608
1216 1645
1216 1937
1217 1462
1217 1550
1217 2047
1218 1887
1219 1350
1219 1444
1219 1535
1220 1247
1220 1432
1220 1452
1220 1711
1220 1886
1220 1980
1220 1985
1221 1245
1221 1347
1221 1480
1221 1958
1222 1520
1222 1755
1222 1806
1222 1977
1222 1988
1223 1634
1225 1882
1225 1935
1226 1246
1226 1279
1226 1283
1226 1754
1226 1904
1227 1600
1227 1622
1227 1930
1228 1482
1228 1871
1228 1974
1229 1410
1229 1424
1229 1639
1229 1723
1229 2031
1230 1254
1230 1732
1230 2019
1231 1458
1231 1575
1231 1938
1231 2035
1232 1251
1232 1302
1232 1457
1233 1677
1233 1788
1234 1302
1234 1419
1234 1541
1234 1870
1234 1958
1235 1300
1235 1520
1235 1814
1235 1899
1235 1995
1236 1237
1236 1579
1236 2033
1237 1579
1237 1618
1237 1741
1237 1821
1238 1311
1238 1395
1238 1526
1238 1654
1238 1877
1238 1963
1239 1466
1239 1547
1239 1708
1239 1766
1239 1888
1239 1914
1240 1896
1240 1897
1240 1966
1241 1402
1241 1470
1241 1982
1241 2012
1242 1469
1243 1810
1243 1875
1244 1557
1244 1920
1245 1279
1245 1541
1246 1433
1246 1614
1246 1622
1247 1324
1247 1573
1247 1916
1248 1456
1249 1387
1249 1408
1249 1810
1250 1748
1250 1801
1250 2010
1250 2031
1251 1295
1251 1666
1251 1956
1252 1375
1252 1523
1252 1746
1252 2003
1253 1612
1253 1673
1253 1835
1253 2016
1254 1628
1254 1736
1254 1921
1255 1699
1256 1398
1257 1264
1257 1727
1258 1475
1258 1649
1258 1714
1258 1789
1258 1877
1259 1543
1259 1613
1259 1737
1259 1739
1260 1328
1260 1698
1260 1740
1260 1749
1260 1963
1261 1521
1261 1592
1261 1606
1261 1641
1261 1747
1262 1483
1262 1872
1262 1977
1263 1296
1263 1406
1263 1418
1263 1544
1263 1598
1264 1701
1264 1922
1265 1379
1265 1470
1265 1774
1268 1586
1268 1663
1268 1829
1269 1401
1269 1596
1269 1736
1270 1653
1270 1723
1270 1771
1270 1927
1271 1293
1272 1758
1273 1569
1273 1809
1274 1330
1274 1426
1274 1615
1274 1758
1275 1717
1275 1718
1275 1811
1276 1463
1276 1841
1276 1872
1276 1880
1277 1372
1277 1490
1277 1585
1277 1614
1277 1616
1277 1621
1277 1633
1277 1847
1277 1915
1278 1381
1278 1716
1278 1829
1279 1328
1279 1438
1280 1604
1280 1760
1281 1413
1281 2031
1282 1375
1282 1422
1282 1708
1283 1612
1283 1727
1283 1843
1283 1999
1284 1476
1284 1853
1284 1922
1285 1630
1285 1880
1285 2009
1286 1298
1286 1300
1287 1934
1288 1486
1289 1344
1289 1360
1291 1331
1291 1391
1291 1752
1291 1806
1292 1300
1292 1365
1292 1478
1292 1795
1292 1797
1293 1405
1293 1466
1293 1622
1293 1770
1295 1360
1295 1855
1296 1631
1296 1643
1296 1699
1296 1986
1296 2014
1297 1329
1297 1751
1298 1563
1298 1598
1298 1855
1298 1987
1299 1315
1299 1324
1299 1579
1300 1324
1300 1507
1300 1897
1301 1396
1301 1402
1302 2037
1303 1506
1303 1791
1303 1980
1304 1664
1304 1825
1306 1370
1306 1687
1306 1798
1306 1813
1306 1859
1307 1438
1307 1445
1307 1608
1307 1631
1308 1414
1308 1833
1309 1480
1309 1554
1309 1916
1309 1943
1310 1338
1310 1373
1310 1738
1310 1787
1311 1792
1312 1418
1312 1457
1312 1746
1313 1355
1313 1379
1313 2030
1314 1702
1314 1778
1314 1924
1314 2047
1315 1681
1315 1730
1315 1775
1316 1741
1316 1756
1317 1826
1317 1944
1318 1341
1318 1659
1318 1685
1318 1721
1318 1827
1318 1966
1319 1399
1319 1425
1319 1765
1319 1776
1320 1646
1320 1652
1320 1664
1320 1815
1321 1460
1321 1964
1322 1355
1322 1865
1323 1414
1323 1523
1324 1433
1324 1631
1324 1719
1325 1991
1326 1621
1326 1650
1326 1769
1326 1886
1327 1409
1327 1779
1327 1818
1327 1870
1328 1432
1328 1469
1328 1786
1329 2019
1330 1627
1330 1793
1330 1927
1331 1361
1331 1624
1332 1427
1332 1576
1332 2012
1333 1405
1333 1768
1333 1784
1334 1936
1337 1550
1337 1606
1338 1418
1338 1453
1338 1713
1339 1820
1339 1845
1339 2038
1340 1655
1340 1808
1341 1871
1342 1371
1342 1423
1342 1478
1343 1552
1343 1680
1343 1713
1344 1349
1344 1451
1344 1947
1345 1388
1345 1776
1345 1995
1346 1516
1346 2004
1347 1406
1347 1481
1347 1699
1347 1784
1348 1691
1348 1939
1348 2001
1349 1519
1349 1649
1350 1600
1350 1719
1350 1943
1351 1962
1352 1719
1352 1908
1352 1984
1353 1355
1353 1438
1353 1588
1353 1641
1353 1833
1354 1394
1355 1570
1355 1827
1356 1529
1356 1609
1356 1619
1357 1538
1358 1630
1358 1906
1358 2001
1359 1445
1359 1517
1359 1909
1360 1421
1360 1449
1360 1721
1360 2038
1361 1602
1361 1638
1362 1972
1363 1491
1363 1809
1364 1922
1365 1692
1365 1709
1365 1896
1365 2022
1366 1483
1366 1557
1366 1666
1368 1380
1368 1613
1368 1883
1369 1435
1369 1516
1370 1398
1371 1606
1372 1677
1372 1807
1372 1912
1372 1995
1373 1395
1374 1523
1374 1748
1375 1806
1376 1716
1376 1810
1376 1822
1376 1884
1376 2021
1377 1441
1378 1562
1378 1908
1378 2039
1379 1388
1379 1709
1379 1821
1379 2046
1380 1588
1380 2001
1380 2008
1381 1684
1381 1781
1381 1851
1381 1974
1382 1539
1382 1729
1382 1877
1383 1585
1383 1616
1383 1917
1384 1744
1384 1962
1384 1974
1385 1661
1385 1860
1385 1885
1385 1928
1386 1861
1386 1900
1387 1511
1387 1727
1387 1786
1388 1771
1388 1936
1389 1450
1389 1714
1390 1579
1391 1851
1391 1916
1392 1869
1392 1899
1393 1519
1393 1808
1394 1437
1394 1445
1394 1876
1395 1473
1396 1830
1396 1833
1396 1850
1397 1482
1397 1608
1397 1655
1398 1866
1398 1998
1398 2034
1398 2040
1399 1412
1399 1504
1399 1661
1399 1729
1399 1833
1400 1552
1401 1431
1401 1458
1401 2042
1402 1517
1402 1538
1402 1648
1402 1908
1403 1446
1403 1476
1403 1571
1404 1672
1404 1780
1404 1882
1404 1964
1405 1478
1405 1549
1405 1674
1406 1593
1406 1618
1406 1624
1407 1800
1408 1609
1408 1699
1408 1863
1409 1916
1410 1608
1410 1760
1411 1537
1411 1906
1412 1708
1412 1878
1412 1963
1413 1444
1413 1466
1413 1524
1413 1554
1413 1701
1413 1717
1413 1723
1414 1455
1414 1628
1414 1732
1415 1512
1415 1534
1415 1864
1415 2017
1416 1458
1416 1591
1416 1727
1416 1736
1416 1861
1417 1506
1417 1663
1417 1955
1418 1660
1419 1753
1419 1860
1421 1551
1421 1981
1422 1436
1422 1644
1422 1736
1422 1739
1423 1586
1423 1844
1423 1855
1424 1502
1424 1631
1424 1802
1424 1902
1425 1592
1425 1720
1427 1675
1427 1967
1427 2024
1427 2036
1429 1514
1429 1793
1430 2043
1431 1641
1431 1659
1431 1685
1432 1565
1432 1603
1432 1833
1432 1873
1433 1534
1433 1845
1434 1666
1434 1701
1437 1549
1437 1828
1437 1918
1438 1774
1438 1798
1438 1836
1439 1728
1439 1908
1440 1679
1440 1864
1440 1892
1442 1587
1443 1575
1443 1738
1443 2038
1444 1687
1444 1705
1444 1863
1445 1561
1445 1653
1445 1691
1445 1935
1445 2010
1446 1617
1447 1481
1447 2018
1448 1616
1448 1754
1448 1983
1449 1985
1450 1483
1450 1722
1450 1723
1451 1461
1451 1863
1451 1928
1451 1993
1452 1456
1452 1621
1452 1914
1453 1984
1454 1663
1454 1963
1454 2039
1455 1760
1455 1842
1455 2005
1457 1472
1457 1841
1458 1710
1459 1811
1460 1489
1460 1566
1461 1692
1462 2036
1463 1783
1463 1883
1464 1564
1464 1570
1464 1672
1464 1682
1464 1828
1468 1471
1468 1738
1468 1968
1468 2043
1469 1558
1469 1717
1470 1576
1470 1603
1470 1767
1471 1567
1471 1625
1471 1626
1471 1803
1472 1807
1472 1844
1473 1942
1474 1837
1474 1950
1475 1619
1476 1477
1476 1526
1477 1798
1478 1534
1478 1835
1479 1632
1480 1513
1480 1703
1480 2020
1481 1615
1481 1918
1482 1669
1482 1827
1483 1950
1484 1523
1484 1735
1484 1918
1484 1972
1484 1977
1484 2022
1485 1555
1485 1621
1486 1651
1486 1775
1486 1821
1486 2036
1487 1682
1488 1900
1489 1709
1490 1846
1491 1498
1491 1641
1491 1820
1491 2021
1492 1570
1493 1605
1493 1622
1494 1786
1495 1811
1495 1812
1496 1676
1496 1828
1497 1989
1498 1523
1498 1973
1499 1568
1499 1887
1500 1704
1500 1919
1500 1986
1501 1764
1502 1602
1505 1895
1506 1537
1506 1563
1506 1586
1506 1659
1506 2013
1507 1777
1508 1583
1508 1709
1508 1984
1509 1694
1509 1883
1510 1683
1510 1806
1510 1859
1511 1890
1511 1975
1512 2001
1513 1772
1513 1786
1513 1919
1514 1552
1514 1715
1515 1663
1517 1555
1517 1925
1517 1992
1517 1999
1518 1553
1518 1660
1518 1952
1519 1632
1519 1983
1520 1669
1521 1556
1521 1576
1521 1853
1522 1532
1522 1659
1522 1826
1523 1757
1523 1830
1525 1579
1525 1587
1525 1659
1526 1931
1528 1805
1528 1821
1529 1541
1529 1769
1529 1870
1529 1934
1530 1730
1530 1977
1530 1986
1531 1965
1532 1705
1533 1583
1533 1719
1533 2037
1533 2039
1534 2012
1535 1904
1535 1905
1537 1599
1537 1884
1537 1935
1537 1964
1538 1743
1538 1809
1538 1866
1538 1919
1538 1942
1538 1974
1539 1667
1539 1834
1539 1972
1540 1930
1540 1940
1540 2007
1540 2014
1541 1557
1541 1682
1541 1692
1541 1817
1542 1618
1542 1665
1542 1743
1542 1784
1542 2009
1543 1768
1543 1823
1544 1557
1544 1800
1545 1800
1545 1979
1546 1604
1546 1704
1546 1845
1548 1578
1548 1672
1548 1924
1548 1989
1549 1561
1549 1800
1549 1854
1549 1978
1551 1575
1551 1619
1551 1901
1551 2037
1552 1706
1553 1669
1553 1957
1554 1827
1554 1843
1555 1584
1555 1851
1555 1932
1555 1956
1556 1660
1556 1827
1558 1667
1558 1671
1559 1631
1559 1670
1560 1622
1560 1668
1560 1733
1561 1616
1561 1767
1563 1584
1563 1671
1563 1781
1563 1984
1564 1720
1565 1671
1565 1855
1566 1789
1566 1812
1566 1978
1567 1724
1567 1744
1567 1804
1568 1696
1568 1797
1569 1693
1570 1877
1570 1891
1571 1987
1572 1706
1572 1714
1572 1742
1573 1849
1573 1933
1574 1911
1575 1642
1575 1884
1576 1692
1578 1946
1579 1640
1579 1652
1580 1805
1580 1951
1581 1632
1581 1729
1581 1763
1581 2007
1582 1679
1582 1832
1582 1847
1583 1608
1583 1692
1585 1633
1586 1725
1587 1592
1587 1658
1587 1992
1588 1738
1588 1756
1588 2042
1589 1717
1589 1854
1591 1889
1593 1805
1593 1830
1593 1997
1594 1623
1594 1691
1596 1908
1597 1654
1599 1936
1600 1656
1601 1647
1601 1766
1604 1637
1605 1668
1605 1841
1605 1896
1605 1920
1605 2037
1607 1826
1607 1882
1607 1932
1608 1835
1609 1704
1610 1668
1610 1765
1610 1889
1611 1907
1612 1920
1613 1765
1613 1887
1613 1938
1614 1637
1614 1730
1615 1875
1616 1720
1616 1958
1616 2000
1617 1684
1617 1934
1618 1849
1618 2045
1621 1835
1621 1900
1623 1812
1623 1823
1623 2034
1624 1875
1624 1962
1624 2026
1625 1829
1625 1894
1626 1848
1627 1762
1627 1967
1627 2004
1628 1657
1629 1650
1629 1783
1630 1816
1630 1969
1631 1876
1631 1936
1632 1665
1632 1810
1633 2007
1634 1811
1634 1905
1638 1797
1639 1677
1639 1912
1640 1902
1642 1710
1642 1848
1642 1883
1642 1986
1643 1676
1643 1760
1643 1821
1645 1688
1645 1771
1645 1979
1646 1708
1646 1821
1646 1829
1646 2013
1647 1661
1647 1801
1647 1852
1647 1920
1647 2034
1648 1797
1649 1687
1649 1810
1651 1824
1651 1855
1652 1953
1653 1835
1653 1930
1653 1978
1653 2009
1654 1833
1655 1817
1656 1697
1656 1852
1657 1755
1657 1756
1657 1772
1658 1810
1658 1843
1658 1959
1658 1987
1659 1875
1661 1710
1661 1880
1661 1955
1662 1972
1662 2008
1663 1844
1664 1689
1664 1707
1664 1852
1666 1928
1666 2040
1667 1674
1667 1995
1668 1705
1668 1724
1670 1850
1673 1773
1674 1783
1674 1942
1674 2002
1675 1902
1676 1701
1676 1808
1677 1678
1677 1832
1677 2010
1678 1715
1678 1835
1678 1862
1678 2024
1679 1686
1679 1714
1679 1816
1679 1867
1680 1982
1681 1798
1681 1834
1682 1842
1682 1848
1682 1979
1682 2029
1682 2031
1684 2032
1685 1799
1686 1771
1689 1943
1690 1869
1690 2042
1691 1950
1691 2009
1693 1718
1693 1909
1694 1806
1695 1854
1696 1782
1696 1889
1697 1767
1697 1811
1699 1725
1699 1778
1699 1952
1699 1990
1699 2040
1700 1976
1701 1930
1701 1962
1702 1757
1702 1858
1703 1733
1703 1801
1703 1865
1704 1771
1704 1868
1704 2032
1705 1707
1705 1925
1708 1776
1708 1818
1708 1963
1709 1989
1710 1730
1710 1739
1713 1809
1713 1930
1713 1969
1714 1855
1714 1895
1715 2013
1716 1857
1717 1895
1717 1996
1718 1807
1720 2003
1721 1871
1721 1949
1722 1788
1724 1898
1724 2034
1725 1815
1726 1966
1727 1836
1727 1989
1727 2046
1728 1769
1729 1731
1730 1899
1730 1916
1730 1978
1730 2005
1731 1849
1731 1943
1731 1992
1732 1998
1733 1877
1733 1944
1734 1862
1735 1771
1735 1830
1736 1789
1737 1905
1738 1873
1739 1788
1739 1882
1739 1969
1739 1989
1741 2017
1742 1812
1742 1847
1746 1832
1746 1869
1746 1960
1746 1967
1747 1785
1747 1787
1748 1805
1749 1877
1751 1811
1751 1838
1751 1868
1751 1990
1752 1954
1752 1970
1753 1819
1755 1946
1755 2038
1756 2027
1757 1783
1757 1966
1758 1981
1758 2046
1760 1810
1760 2036
1761 1970
1762 1998
1764 1899
1765 1849
1765 1986
1766 1949
1768 1821
1768 1863
1768 1901
1771 1921
1772 1898
1772 1917
1772 1931
1773 1807
1773 1850
1774 1811
1774 1818
1774 1969
1774 1998
1776 1835
1777 1915
1778 1980
1779 1802
1780 1969
1781 1994
1783 2005
1784 1999
1785 1985
1786 1966
1787 1868
1788 1791
1790 1863
1790 1938
1792 1873
1792 1890
1792 1900
1792 1915
1792 1983
1792 2010
1794 1859
1796 1920
1796 1952
1796 2032
1799 1895
1799 2021
1800 1847
1800 1854
1802 1969
1804 1918
1805 1967
1806 2030
1809 1900
1810 2039
1813 1827
1813 1838
1814 1830
1814 1922
1818 1947
1818 2026
1819 1867
1819 1897
1819 1928
1819 1956
1820 1840
1820 1880
1820 1901
1820 2005
1821 1845
1823 1973
1824 2036
1825 1839
1825 1875
1825 1920
1826 1979
1827 2003
1828 2042
1829 1878
1830 1957
1832 1900
1834 1859
1835 2028
1836 1918
1839 1948
1841 1855
1841 1969
1844 1850
1844 1948
1846 2036
1847 1914
1848 2002
1850 1947
1855 1857
1856 1884
1857 1977
1860 2046
1861 1992
1862 1969
1864 1975
1865 1983
1866 1870
1866 1901
1867 1955
1870 1929
1870 1978
1872 1979
1875 1905
1878 2036
1880 2007
1881 1910
1885 1969
1889 1922
1889 1976
1891 1904
1891 1912
1891 1955
1894 1939
1896 2031
1899 1985
1903 2025
1906 1966
1909 1949
1910 1973
1914 1989
1917 1981
1918 2013
1922 1970
1927 2011
1931 1939
1931 2006
1932 2002
1932 2010
1936 1957
1938 2041
1940 1941
1951 2010
1954 2001
1955 2009
1964 2004
1971 1997
1976 1993
1979 1991
1980 2021
1986 2023
1995 2011
2006 2020
2009 2029
2012 2037
2033 2045
