40
4 5
0 1 2
0 2 1
1 2 1
1 3 1
2 3 2
6 9
0 1 1
0 2 12
1 3 2
2 1 6
2 3 5
2 4 7
3 4 10
3 5 3
4 5 12
6 9
0 1 9
0 3 11
1 2 6
1 4 3
2 4 4
2 5 5
3 1 1
3 4 3
4 5 10
6 9
0 1 16
0 2 13
1 3 12
2 1 4
2 4 14
3 2 9
3 5 20
4 3 7
4 5 4
7 12
0 1 7
0 2 5
1 4 3
1 3 2
1 2 4
2 3 5
2 5 2
3 4 1
3 5 4
4 6 10
5 6 8
5 4 3
2 1
0 1 1000
2 1
0 1 0
4 5
0 1 10
0 2 10
2 1 10
3 1 10
3 2 10
4 5
0 1 1000
0 2 1000
1 2 1
1 3 1000
2 3 1000
10 15
0 9 20
1 2 19
1 8 12
2 3 1
2 8 17
3 6 9
5 3 10
5 9 0
6 0 15
6 2 15
7 3 7
8 4 2
9 2 5
9 3 12
9 4 10
13 28
0 2 17
0 3 13
0 4 8
0 7 19
0 9 1
0 12 3
1 3 0
1 4 19
1 5 10
1 10 13
2 1 19
2 6 18
2 10 12
3 4 11
3 11 11
3 12 18
5 0 12
5 9 14
6 10 9
7 1 7
7 3 7
8 6 4
9 7 1
9 12 1
10 3 13
10 7 5
10 12 14
11 9 14
28 65
0 4 7
0 9 3
0 16 29
1 20 15
2 14 18
3 1 4
3 4 2
3 17 1
4 2 24
4 13 19
4 14 15
4 23 15
4 24 5
4 27 9
5 16 17
5 22 6
6 15 22
7 4 16
7 6 22
8 12 2
8 14 26
9 2 3
10 3 14
10 12 15
10 21 9
11 4 25
11 5 11
11 23 18
12 2 13
12 3 28
12 9 20
12 15 17
13 20 24
14 23 5
14 25 10
14 27 13
15 7 21
15 14 11
15 17 5
16 7 21
16 14 19
16 24 30
16 27 5
18 17 24
18 20 29
18 24 6
19 10 28
21 1 2
21 8 5
21 16 1
21 20 18
22 8 14
22 21 21
23 5 8
23 18 5
23 26 1
23 27 19
24 2 1
24 10 11
25 12 3
25 15 17
25 20 3
25 23 19
26 16 27
27 18 7
40 200
0 4 32
0 5 26
0 18 27
0 36 20
0 38 36
1 34 32
2 0 19
2 1 1
2 7 0
2 12 3
2 15 11
2 17 13
2 23 32
2 28 40
2 34 35
2 35 23
3 0 40
3 1 26
3 4 11
3 7 40
3 9 21
3 12 19
3 17 38
3 20 31
3 22 14
3 31 16
4 2 1
4 16 3
4 33 31
4 34 27
5 1 14
5 6 6
5 8 38
5 10 10
5 27 32
6 19 34
6 20 20
6 35 39
7 18 9
7 24 13
7 26 37
7 28 11
7 30 28
7 39 9
8 6 35
8 10 26
8 18 9
8 22 20
8 28 25
8 33 22
9 4 10
9 20 2
9 29 15
9 36 22
10 7 25
10 16 2
10 19 1
10 24 38
10 28 8
10 30 13
10 38 4
11 0 2
11 4 23
11 5 10
11 13 35
11 15 24
11 29 18
11 30 29
12 6 16
12 11 28
12 31 0
12 39 16
13 1 5
13 7 18
13 8 20
13 14 1
13 27 31
13 34 34
14 1 35
14 8 6
14 17 2
14 18 33
14 21 28
14 29 16
14 30 19
15 10 0
15 16 21
16 18 0
16 29 9
16 34 20
17 1 25
17 5 24
17 19 36
17 20 31
17 36 16
17 38 37
17 39 35
18 6 35
18 9 19
18 20 33
18 29 30
19 1 11
19 3 31
19 12 25
19 18 23
19 36 33
20 2 15
20 21 18
20 22 5
20 26 22
21 7 26
21 10 34
21 17 17
21 23 11
21 33 16
22 2 17
22 12 22
22 21 30
22 34 0
22 37 33
23 1 4
23 11 39
23 13 37
23 33 33
23 34 10
24 12 11
24 16 37
24 19 18
24 28 1
25 15 5
25 28 38
25 36 25
26 3 4
26 4 15
26 15 17
26 24 12
26 28 31
26 32 26
27 6 10
27 16 32
27 23 20
27 30 28
27 31 35
28 23 15
28 31 17
28 35 20
28 37 37
29 0 4
29 19 10
29 23 40
29 26 21
29 27 36
29 30 25
29 32 33
29 33 8
29 37 29
30 8 35
30 23 33
30 35 29
31 5 6
31 9 29
31 11 10
31 15 11
31 17 24
32 6 29
32 11 31
32 14 3
32 25 14
32 36 2
33 6 11
33 17 19
33 19 32
33 27 2
33 37 13
33 38 4
34 0 16
34 36 27
35 1 39
35 16 21
35 17 32
35 23 40
35 32 16
36 2 7
36 12 15
36 20 9
36 21 7
37 5 33
37 13 8
37 14 17
37 17 16
37 34 20
38 8 39
38 18 40
38 30 25
38 32 30
38 37 25
39 14 1
39 25 12
39 26 14
39 30 10
50 300
0 3 30
0 4 12
0 6 3
0 32 19
0 37 13
0 47 1
1 7 1
1 11 13
1 15 36
1 16 26
1 25 10
1 26 1
1 30 49
1 33 27
1 39 41
2 5 24
2 9 31
2 12 35
2 13 16
2 21 49
2 25 36
2 42 22
2 45 9
3 11 14
3 12 40
3 49 7
4 6 46
4 11 28
4 15 47
4 33 43
4 36 47
4 44 50
4 48 1
5 0 25
5 27 15
5 30 33
5 39 24
5 43 28
5 47 19
6 7 5
6 10 42
6 27 5
6 34 24
7 4 33
7 9 3
7 18 15
7 22 19
7 31 24
7 32 44
7 43 45
8 5 29
8 12 50
8 23 29
8 27 1
8 49 28
9 19 50
9 23 29
9 48 22
10 0 0
10 2 50
10 5 50
10 18 6
10 20 5
10 30 14
10 38 44
10 39 0
11 2 47
11 17 37
11 19 22
11 34 14
11 35 21
12 0 13
12 6 48
12 9 2
12 24 49
12 25 14
12 36 0
12 38 26
13 0 16
13 4 23
13 7 34
13 8 44
13 21 22
13 26 40
13 35 23
13 37 12
14 15 48
14 19 44
14 23 1
14 35 6
14 42 20
15 6 14
15 10 42
15 17 50
15 34 47
15 37 27
15 44 11
15 45 18
15 48 18
15 49 37
16 11 17
16 26 31
16 29 49
16 34 14
16 39 49
16 44 3
17 8 7
17 12 23
17 14 9
17 24 21
17 29 26
17 36 0
17 40 37
18 3 36
18 20 0
18 31 23
18 37 9
18 45 10
19 5 10
19 15 38
19 31 4
19 33 8
19 45 8
19 47 16
20 0 47
20 4 3
20 9 47
20 14 1
20 26 30
20 40 8
20 41 46
20 46 16
21 18 45
21 20 27
21 26 29
21 35 43
21 46 5
22 16 23
22 21 35
22 23 50
22 37 44
22 41 21
23 1 32
23 3 35
23 6 19
23 11 36
23 19 25
23 30 50
23 32 31
23 36 21
23 37 26
23 41 43
24 28 25
24 30 21
24 32 24
24 33 1
24 44 13
25 6 32
25 7 7
25 15 32
25 16 17
25 29 4
25 34 33
25 36 7
26 34 30
26 36 20
26 40 26
27 13 26
27 16 12
27 35 18
27 48 20
28 3 6
28 7 22
28 15 49
28 19 50
28 26 30
28 27 48
28 32 9
28 47 39
29 2 17
29 3 22
29 11 9
29 34 1
29 42 30
29 46 34
29 49 38
30 8 43
30 17 4
30 22 22
30 26 0
30 41 45
30 43 24
30 44 12
31 2 32
31 17 11
31 23 44
31 42 32
32 3 37
32 4 47
32 19 28
32 26 19
32 38 29
32 40 39
32 44 22
32 49 12
33 11 0
33 16 1
33 27 46
33 39 46
33 40 48
33 49 17
34 5 24
34 7 33
34 17 44
34 19 46
34 31 50
34 33 2
34 46 25
34 47 8
35 8 27
35 48 45
36 3 26
36 10 33
36 20 14
36 27 31
36 31 33
36 35 26
36 42 21
36 49 19
37 3 46
37 4 41
37 7 34
37 12 10
37 46 13
38 1 23
38 20 9
38 25 14
38 26 5
38 28 19
39 8 23
39 9 25
39 11 11
39 19 16
40 3 5
40 10 32
40 11 3
40 13 34
40 18 15
40 21 42
40 23 1
40 25 44
40 30 20
40 39 38
40 49 45
41 3 29
41 13 50
41 37 32
41 42 5
41 46 22
41 47 10
42 4 16
42 8 34
42 9 44
42 16 17
42 21 2
42 30 34
42 47 49
43 19 46
43 33 34
43 37 9
43 38 41
43 39 33
44 5 27
44 10 26
44 18 37
44 19 38
44 20 14
44 25 20
44 49 29
45 22 42
45 24 30
45 31 23
45 32 4
45 48 29
46 36 45
47 13 26
47 16 44
47 20 27
47 46 42
47 48 25
48 25 9
48 36 35
48 40 38
48 44 44
48 49 35
49 1 1
49 4 5
49 24 12
49 35 0
49 47 2
60 400
0 9 10
0 11 1
0 17 11
0 26 37
0 37 8
1 6 46
1 12 53
1 22 54
1 24 5
1 35 6
1 36 47
1 37 61
1 40 54
2 4 70
2 15 35
2 24 54
2 25 79
2 33 4
2 35 71
2 45 3
2 48 45
2 58 38
3 2 25
3 6 60
3 20 31
3 35 25
3 50 1
4 6 4
4 10 42
4 16 8
4 34 55
4 42 30
4 43 62
4 57 66
5 11 25
5 24 13
5 34 50
6 0 56
6 12 36
6 17 4
6 23 9
6 25 37
6 29 54
6 30 24
6 37 17
6 43 30
6 45 42
7 10 41
7 11 42
7 26 20
7 38 30
7 40 47
7 51 56
7 52 67
8 0 29
8 7 70
8 18 57
8 24 16
8 35 36
8 36 68
8 41 12
8 46 31
8 48 70
8 49 37
8 54 22
9 1 31
9 7 1
9 14 25
9 37 42
9 45 56
9 58 69
10 11 18
10 25 21
10 27 37
10 28 9
10 34 47
10 35 31
10 56 7
11 17 80
11 22 78
11 30 40
11 40 19
11 42 75
11 52 40
12 2 67
12 22 37
12 24 21
12 27 74
12 35 17
12 49 7
12 51 0
13 2 63
13 4 0
13 10 67
13 14 46
13 19 74
13 33 30
13 48 40
13 54 78
14 15 41
14 17 65
14 19 56
14 26 62
14 31 63
14 37 22
14 44 8
14 48 61
14 56 3
14 59 2
15 1 55
15 39 68
15 43 71
16 1 45
16 7 18
16 8 39
16 20 27
16 30 25
16 31 36
16 38 48
16 46 27
16 54 35
17 1 38
17 10 53
17 12 49
17 42 60
17 43 67
17 53 69
17 56 29
17 59 4
18 0 49
18 16 63
18 31 14
18 33 48
18 37 32
18 40 62
18 42 79
18 44 11
18 49 56
19 4 4
19 6 31
19 11 77
19 29 11
19 43 37
19 45 78
19 46 33
19 56 23
20 8 59
20 19 64
20 24 69
20 45 1
20 49 19
20 51 61
21 7 31
21 8 74
21 40 64
21 44 41
22 3 30
22 4 40
22 16 63
22 17 2
22 20 29
22 28 23
22 31 70
22 38 13
22 45 73
22 47 37
22 48 22
22 52 42
22 53 55
22 59 48
23 4 54
23 9 30
23 14 67
23 17 72
23 27 31
23 39 72
23 58 37
24 6 43
24 19 4
24 29 15
24 49 32
24 54 72
25 4 23
26 3 45
26 10 20
26 38 39
26 43 46
26 58 77
27 7 27
27 18 54
27 33 9
27 36 26
27 43 43
27 55 16
28 7 3
28 15 24
28 25 30
28 27 34
28 41 4
28 57 69
29 0 54
29 4 72
29 5 45
29 7 21
29 9 80
29 22 61
29 25 40
29 28 61
29 34 79
29 44 4
29 48 43
30 3 19
30 5 78
30 22 8
30 34 35
30 48 35
30 49 18
31 10 67
31 11 51
31 19 46
31 30 25
31 50 13
31 54 41
32 5 59
32 14 8
32 18 4
32 47 14
32 48 28
32 51 48
33 8 13
33 10 44
33 16 74
33 17 41
33 43 1
33 52 62
33 55 14
33 56 56
33 57 45
34 0 15
34 1 42
34 9 26
34 49 54
34 51 50
34 58 1
34 59 62
35 18 20
35 20 56
35 32 76
35 59 79
36 0 48
36 17 70
36 32 48
36 34 5
36 44 21
36 49 5
36 59 3
37 25 21
37 27 46
37 29 22
37 30 49
37 36 54
37 55 55
38 2 25
38 3 40
38 9 62
38 17 35
38 19 28
38 20 6
38 30 2
38 34 65
38 40 21
38 45 58
38 52 4
38 55 55
39 1 51
39 21 9
39 38 14
39 40 8
39 50 10
39 51 12
39 53 29
40 6 48
40 20 6
40 27 65
40 44 68
41 23 72
41 55 58
42 6 25
42 20 8
42 30 7
42 47 16
42 50 3
43 18 76
43 39 80
43 47 70
43 52 49
43 59 54
44 16 37
44 27 27
44 33 10
44 39 73
44 43 31
44 48 42
44 50 30
44 52 45
44 57 27
45 25 49
45 26 26
45 27 53
46 1 54
46 2 37
46 13 69
46 39 54
46 49 37
46 50 17
47 0 8
47 24 74
47 29 60
47 33 2
47 41 5
47 50 12
47 57 11
48 1 48
48 6 55
48 28 6
48 35 20
48 41 60
48 50 78
49 1 53
49 17 23
49 37 33
49 40 34
49 47 17
49 56 24
50 1 29
50 15 22
50 29 18
50 32 9
50 35 11
50 36 63
51 3 30
51 8 2
51 24 0
51 28 59
51 33 77
51 35 56
51 44 39
51 48 46
51 56 0
51 57 30
52 10 25
52 12 29
52 18 75
52 29 28
52 30 3
52 35 50
52 49 58
52 53 71
53 27 64
53 41 40
53 49 26
53 54 46
53 56 77
54 0 13
54 23 20
54 26 49
54 37 67
54 46 79
55 1 66
55 7 54
55 23 0
55 46 60
55 47 36
56 2 53
56 6 9
56 8 69
56 15 35
56 22 25
56 24 44
56 29 72
56 36 28
56 58 73
57 13 76
57 21 54
57 24 63
57 46 34
57 55 30
58 5 28
58 11 29
58 15 27
58 16 73
58 32 17
58 40 20
58 42 39
59 6 18
59 8 70
59 23 61
59 29 59
59 46 6
59 56 1
65 555
0 12 35
0 15 99
0 21 14
0 22 66
0 33 39
0 34 29
0 37 59
0 60 5
0 62 99
1 0 11
1 3 27
1 5 46
1 24 57
1 35 30
1 52 24
1 53 41
1 55 26
2 12 44
2 22 87
2 34 72
2 49 77
2 56 10
2 57 14
2 59 87
2 61 51
2 64 70
3 19 77
3 29 75
3 54 43
3 55 49
3 61 10
4 0 58
4 2 93
4 5 10
4 8 55
4 29 68
4 32 24
4 36 94
4 42 23
4 44 56
4 54 89
5 2 94
5 10 44
5 14 89
5 33 0
5 34 7
5 44 33
5 49 38
6 2 49
6 12 87
6 13 97
6 21 69
6 30 59
6 43 42
6 44 5
6 48 29
6 58 98
6 59 58
7 8 34
7 27 77
7 28 11
7 34 88
7 41 9
7 54 62
7 61 87
7 62 17
8 1 54
8 19 51
8 26 4
8 29 42
8 49 37
8 52 60
8 61 48
9 0 44
9 2 23
9 4 87
9 8 93
9 12 22
9 17 2
9 29 62
9 40 5
9 45 23
9 56 96
10 7 100
10 11 11
10 20 32
10 21 85
10 24 41
10 30 56
10 36 43
10 46 93
10 48 7
10 51 16
10 57 50
11 6 16
11 8 10
11 32 82
11 36 68
11 46 86
11 62 29
11 64 51
12 5 69
12 10 2
12 16 38
12 18 49
12 22 93
12 23 81
12 25 67
12 32 27
12 38 72
12 42 51
12 44 99
12 48 51
12 51 19
12 53 43
12 56 12
12 59 79
12 60 69
13 4 24
13 18 49
13 19 96
13 20 29
13 27 26
13 30 15
13 47 50
13 64 13
14 6 86
14 19 19
14 22 9
14 24 67
14 42 73
14 45 40
14 60 47
14 63 35
15 1 19
15 16 50
15 18 54
15 23 6
15 29 30
15 44 52
15 47 92
15 54 82
16 17 37
16 26 74
16 34 48
16 44 12
16 47 93
16 48 43
16 49 79
16 57 9
16 61 58
16 64 92
17 13 49
17 23 94
17 26 11
17 33 0
17 42 94
17 52 48
17 56 55
18 9 31
18 32 95
18 34 56
18 39 14
18 40 80
18 42 8
18 56 58
18 58 57
19 2 70
19 6 7
19 11 28
19 17 0
19 21 19
19 33 14
19 39 33
19 57 47
19 60 59
20 4 50
20 5 94
20 9 51
20 21 2
20 31 15
20 36 97
20 53 18
21 1 33
21 8 51
21 16 5
21 17 93
21 23 75
21 36 28
21 43 81
21 44 28
21 57 97
21 63 24
22 11 57
22 17 41
22 31 83
22 35 86
22 51 47
23 1 94
23 3 60
23 10 34
23 30 6
23 31 64
23 34 9
23 38 43
23 41 63
23 48 84
23 51 75
24 9 30
24 37 23
24 45 76
24 47 23
24 56 17
24 60 78
25 4 4
25 7 95
25 16 91
25 19 0
25 24 1
25 42 62
26 13 11
26 14 79
26 21 71
26 28 17
26 31 65
26 41 8
26 45 2
26 58 28
26 60 92
27 3 43
27 11 15
27 14 43
27 16 71
27 43 14
27 63 71
27 64 10
28 2 71
28 18 93
28 20 87
28 25 63
28 41 97
28 44 66
28 47 89
28 54 72
28 57 80
28 63 10
28 64 19
29 12 79
29 37 41
29 41 57
29 51 21
29 56 61
29 57 39
30 1 11
30 12 100
30 16 60
30 21 6
30 22 99
30 55 99
31 0 56
31 6 8
31 13 42
31 14 7
31 18 26
31 29 2
31 43 53
31 56 18
31 59 98
32 0 41
32 6 21
32 15 8
32 16 61
32 22 14
32 23 5
32 36 68
32 43 48
32 46 21
32 51 96
33 26 43
33 34 52
33 42 16
33 55 5
33 56 86
34 6 98
34 8 1
34 9 39
34 10 26
34 14 30
34 15 27
34 26 63
34 32 14
34 37 68
34 38 100
34 55 72
35 2 28
35 3 16
35 37 95
35 43 27
35 56 100
35 61 25
36 22 25
36 27 47
36 31 99
36 34 38
36 35 15
36 38 26
36 47 88
36 63 17
37 3 40
37 4 68
37 13 88
37 15 24
37 21 92
37 22 39
37 41 96
37 48 76
37 52 21
37 57 27
38 17 69
38 20 94
38 24 14
38 25 71
38 32 95
38 45 76
38 52 26
38 55 9
38 58 29
39 0 33
39 4 25
39 7 53
39 8 53
39 25 4
39 46 14
39 51 37
39 64 54
40 3 83
40 12 81
40 13 15
40 17 48
40 23 9
40 27 60
40 32 58
40 36 66
40 47 23
40 49 2
41 5 44
41 11 39
41 14 41
41 20 99
41 32 48
41 35 96
41 36 36
41 38 9
41 42 57
41 44 8
41 46 15
41 49 22
42 1 43
42 13 27
42 16 74
42 37 8
42 39 58
42 44 38
42 45 51
42 48 2
42 54 37
42 57 20
42 64 65
43 1 44
43 3 55
43 14 11
43 22 30
43 26 17
43 38 65
43 40 40
43 50 66
43 52 85
43 55 59
44 3 59
44 46 13
44 49 95
44 51 34
44 57 14
44 64 45
45 10 85
45 11 75
45 15 32
45 17 80
45 21 73
45 25 63
45 35 1
45 46 19
45 52 32
45 58 86
45 63 70
45 64 41
46 2 46
46 3 51
46 6 69
46 15 64
46 19 37
46 22 36
46 30 45
46 31 29
46 38 54
46 52 32
46 62 42
46 63 63
47 0 9
47 4 18
47 6 31
47 20 73
47 33 9
47 34 19
47 45 70
47 56 5
47 60 46
47 61 61
48 9 2
48 11 82
48 34 37
48 39 12
48 47 22
48 54 65
48 55 12
49 26 63
49 32 66
49 35 78
49 38 51
49 43 99
49 57 98
49 58 90
50 6 20
50 10 10
50 20 81
50 21 75
50 25 95
50 30 43
50 41 34
50 48 18
50 61 55
51 4 56
51 11 51
51 34 30
51 58 55
51 60 35
52 2 66
52 3 96
52 11 39
52 20 82
52 25 91
52 28 82
52 29 77
52 30 1
52 31 98
52 32 50
52 41 94
52 42 86
52 48 95
53 11 80
53 21 15
53 33 46
53 36 49
53 37 72
53 47 90
53 51 98
53 55 60
54 0 17
54 1 36
54 14 1
54 16 2
54 20 5
54 22 55
54 25 7
54 31 99
54 32 28
54 33 66
54 37 12
54 43 8
54 58 86
55 0 77
55 2 82
55 5 58
55 10 71
55 26 94
55 37 19
55 56 92
55 61 1
56 0 99
56 27 1
56 41 24
56 60 10
56 63 72
56 64 31
57 1 30
57 3 77
57 17 83
57 22 95
57 27 5
57 31 68
57 40 28
57 54 15
57 63 39
58 1 74
58 8 92
58 19 7
58 35 58
58 62 38
58 63 79
59 23 55
59 48 57
59 51 96
60 3 67
60 16 60
60 25 73
60 29 95
60 41 84
60 43 3
60 44 74
60 53 7
60 58 19
61 18 71
61 24 80
61 27 88
61 30 35
61 44 13
61 46 11
61 59 10
61 64 39
62 4 19
62 10 58
62 14 2
62 15 47
62 28 68
62 41 41
62 42 89
62 44 34
62 60 43
63 1 7
63 4 64
63 22 40
63 23 47
63 30 76
63 37 87
63 48 43
64 0 5
64 6 90
64 12 83
64 24 12
64 43 14
64 47 98
64 48 10
64 49 92
64 52 99
64 57 66
70 777
0 4 450
0 6 18
0 15 303
0 16 137
0 21 22
0 22 597
0 34 491
0 37 873
0 38 541
0 41 700
0 53 575
0 61 195
0 65 48
1 2 650
1 3 516
1 8 152
1 18 300
1 28 684
1 29 342
1 31 198
1 37 400
1 38 738
1 40 41
1 41 597
1 45 66
1 47 794
1 50 37
1 55 972
1 58 663
1 60 463
1 63 790
1 66 873
2 12 656
2 27 427
2 29 119
2 34 554
2 36 908
2 37 80
2 39 606
2 57 659
2 59 295
2 60 662
2 61 105
2 62 547
2 65 363
2 67 626
3 0 72
3 17 173
3 26 774
3 32 752
3 45 74
3 48 62
3 56 307
3 60 794
3 66 572
4 6 340
4 11 321
4 16 414
4 26 69
4 27 783
4 31 895
4 32 414
4 47 244
4 48 526
4 49 917
4 65 424
4 67 296
5 6 33
5 8 667
5 13 125
5 14 887
5 16 247
5 19 941
5 22 85
5 25 606
5 26 814
5 39 640
5 45 831
5 50 118
5 52 717
5 57 996
5 61 39
5 67 403
6 2 481
6 20 19
6 26 805
6 29 89
6 35 20
6 39 300
6 42 24
6 44 268
6 47 408
6 48 509
6 59 519
6 63 881
7 2 760
7 5 222
7 23 137
7 30 752
7 34 638
7 35 18
7 37 910
7 46 390
7 50 503
7 63 666
7 64 483
7 66 790
8 4 533
8 14 494
8 26 893
8 27 84
8 42 652
8 55 650
8 57 868
8 65 174
8 67 582
9 6 331
9 11 395
9 16 714
9 18 399
9 22 425
9 30 988
9 38 427
9 42 619
9 46 282
9 49 4
9 53 220
9 55 985
9 56 843
9 59 295
9 62 967
9 69 477
10 1 104
10 2 709
10 12 63
10 13 21
10 26 642
10 28 57
10 41 265
10 43 522
10 45 525
10 47 22
10 57 246
10 66 98
11 15 862
11 16 98
11 17 599
11 31 981
11 40 12
11 52 636
11 54 158
11 65 989
11 66 652
11 68 841
12 0 985
12 3 188
12 18 777
12 25 357
12 30 22
12 32 496
12 36 80
12 40 702
12 41 786
12 45 478
12 55 876
12 57 165
12 59 854
12 62 260
13 1 638
13 12 851
13 15 90
13 16 908
13 21 412
13 25 611
13 30 865
13 32 334
13 46 164
13 51 763
13 55 177
13 64 997
13 66 466
13 69 285
14 9 406
14 10 600
14 11 946
14 17 32
14 21 601
14 22 221
14 24 892
14 29 869
14 35 368
14 36 91
14 48 200
14 51 71
14 54 548
14 62 73
14 68 924
14 69 22
15 3 446
15 10 80
15 26 384
15 34 127
15 38 203
15 59 530
16 23 703
16 26 62
16 39 202
16 48 383
16 53 90
17 4 408
17 20 928
17 23 842
17 36 48
17 38 982
17 50 982
17 54 545
17 56 59
17 64 972
17 68 453
18 5 635
18 8 457
18 13 658
18 15 257
18 16 207
18 20 780
18 22 28
18 30 144
18 32 232
18 46 237
18 65 911
19 10 658
19 20 313
19 25 792
19 29 445
19 31 80
19 47 315
19 50 392
19 54 80
19 61 79
19 62 263
20 0 310
20 3 133
20 4 539
20 8 71
20 9 247
20 24 296
20 34 78
20 44 209
20 48 152
20 49 563
20 53 690
20 57 34
20 62 655
20 68 158
21 32 456
21 38 987
21 48 716
21 61 956
21 65 276
22 1 991
22 3 596
22 7 119
22 11 570
22 12 677
22 17 203
22 25 936
22 31 857
22 36 483
22 37 173
22 38 657
22 41 646
22 42 642
22 51 133
22 55 648
22 56 642
22 60 33
22 68 205
23 4 251
23 6 674
23 8 485
23 11 150
23 18 909
23 30 890
23 36 300
23 51 251
23 62 256
23 65 569
24 5 174
24 6 948
24 11 811
24 15 232
24 21 354
24 23 634
24 43 917
24 44 749
24 47 653
24 61 35
24 62 981
25 0 718
25 4 428
25 10 854
25 11 956
25 16 256
25 29 189
25 43 129
25 44 18
25 48 629
25 56 618
25 64 474
26 13 504
26 21 195
26 27 447
26 33 812
26 38 174
26 48 217
26 51 794
26 54 867
26 62 302
27 13 70
27 14 490
27 18 733
27 23 274
27 24 837
27 38 898
27 53 829
27 57 574
27 59 505
27 60 442
27 68 354
27 69 188
28 5 32
28 6 178
28 7 459
28 9 9
28 14 863
28 16 839
28 18 529
28 19 404
28 22 521
28 26 74
28 29 179
28 30 988
28 37 91
28 69 436
29 3 747
29 31 191
29 36 223
29 47 898
29 56 625
29 58 480
29 65 400
30 1 288
30 10 661
30 24 844
30 33 610
30 36 808
30 37 654
30 44 228
30 55 115
30 59 271
30 66 249
31 8 908
31 9 869
31 10 568
31 24 487
31 30 335
31 41 780
31 46 232
31 52 833
31 55 136
31 56 384
31 64 672
31 66 133
32 5 253
32 6 785
32 7 267
32 20 104
32 27 176
32 28 543
32 40 649
32 47 791
32 60 473
32 61 689
32 65 519
32 66 369
32 68 56
33 0 971
33 8 677
33 27 730
33 35 826
33 43 169
33 47 492
33 60 261
33 69 494
34 17 665
34 18 881
34 23 975
34 24 673
34 25 181
34 35 698
34 56 276
34 60 147
34 64 619
35 3 324
35 19 591
35 21 446
35 22 447
35 23 582
35 27 49
35 36 631
35 50 66
35 53 969
35 54 99
35 57 30
35 62 222
35 66 578
36 4 298
36 11 698
36 13 29
36 15 676
36 20 121
36 33 820
36 41 296
36 43 557
36 44 10
36 53 810
36 62 721
36 63 125
36 64 23
36 66 724
37 4 142
37 14 410
37 15 37
37 17 486
37 20 554
37 25 270
37 34 776
37 35 773
37 36 180
37 38 925
37 40 706
37 47 405
37 50 16
37 55 717
37 60 754
37 67 506
38 13 898
38 18 256
38 31 678
38 39 645
38 42 473
38 58 314
38 60 70
38 64 164
39 11 664
39 12 647
39 17 521
39 22 703
39 23 986
39 26 286
39 29 146
39 34 69
39 35 906
39 42 568
39 43 758
39 55 423
39 63 430
40 3 772
40 5 87
40 15 276
40 17 481
40 20 769
40 25 927
40 36 627
40 38 979
40 51 987
40 53 150
40 59 837
40 67 122
40 69 28
41 5 499
41 9 203
41 16 73
41 23 755
41 32 718
41 34 901
41 42 284
42 1 60
42 20 488
42 24 619
42 26 315
42 32 420
42 35 799
42 44 631
42 51 272
42 55 899
42 56 414
42 62 873
42 66 645
43 8 153
43 12 168
43 14 241
43 23 963
43 32 232
43 35 346
43 42 851
43 50 287
43 52 849
43 55 290
43 61 510
44 7 732
44 16 525
44 21 454
44 33 869
44 41 13
44 46 429
44 50 935
44 52 467
44 56 437
44 60 295
44 69 384
45 9 560
45 19 813
45 24 141
45 26 678
45 28 795
45 34 944
45 48 508
45 51 178
45 57 576
45 67 671
46 15 754
46 20 341
46 24 32
46 39 644
46 43 157
46 58 132
46 63 691
46 66 366
47 11 851
47 13 232
47 16 340
47 27 9
47 28 563
47 36 781
47 39 994
47 53 877
47 55 319
48 0 982
48 8 414
48 9 507
48 10 286
48 17 158
48 22 640
48 30 633
48 33 563
48 39 755
48 50 586
48 65 365
48 66 777
48 67 779
49 18 81
49 27 305
49 30 22
49 38 970
49 40 547
49 41 847
49 47 789
49 51 109
49 53 664
49 62 656
49 68 309
50 10 186
50 15 395
50 20 578
50 28 901
50 29 896
50 30 773
50 33 52
50 38 809
50 40 434
50 60 929
50 61 921
51 3 151
51 11 357
51 16 794
51 17 250
51 32 517
51 33 943
51 36 689
51 53 284
51 56 533
51 59 743
51 62 736
51 65 988
51 68 682
51 69 10
52 17 122
52 22 55
52 24 95
52 35 93
52 41 820
52 46 977
52 49 52
52 54 109
53 4 959
53 8 784
53 14 769
53 19 817
53 21 908
53 38 906
53 39 471
53 57 420
53 62 214
53 65 663
54 3 610
54 7 411
54 20 418
54 25 756
54 37 385
54 43 922
54 46 67
54 56 88
54 59 460
54 62 521
54 63 435
55 10 781
55 20 690
55 21 848
55 25 934
55 29 58
55 36 26
55 38 258
55 57 705
55 61 739
55 62 309
55 65 572
56 1 332
56 12 573
56 13 792
56 21 622
56 41 847
56 43 641
56 48 411
57 4 664
57 7 86
57 11 121
57 16 491
57 28 641
57 34 158
57 37 219
57 38 422
57 40 359
57 49 891
57 60 363
57 62 142
58 3 134
58 8 127
58 13 666
58 16 394
58 24 793
58 27 417
58 30 432
58 34 507
58 43 588
58 49 772
58 59 104
58 61 441
58 63 288
58 65 447
58 68 707
59 1 751
59 13 950
59 23 900
59 28 384
59 32 313
59 34 249
59 35 209
59 37 520
59 38 227
59 39 215
59 45 60
59 62 190
60 4 616
60 48 989
60 53 596
60 66 181
61 3 580
61 10 337
61 12 690
61 28 216
61 33 171
61 34 233
61 39 912
61 44 910
61 48 884
62 5 343
62 7 114
62 13 394
62 18 638
62 29 81
62 37 97
62 39 570
62 56 871
63 2 458
63 9 458
63 19 639
63 28 370
63 30 87
63 33 326
63 43 752
63 49 110
63 56 148
63 60 436
64 0 248
64 8 887
64 26 267
64 27 901
64 33 954
64 41 16
64 47 417
64 48 126
64 65 695
64 69 713
65 1 531
65 15 58
65 27 117
65 34 641
65 37 213
65 56 132
65 60 563
65 63 983
65 66 872
66 4 998
66 5 943
66 16 670
66 22 598
66 23 223
66 27 808
66 33 652
66 37 158
66 54 611
66 57 399
66 62 420
66 69 717
67 6 130
67 7 776
67 12 198
67 15 804
67 26 190
67 30 164
67 31 276
67 33 56
67 42 271
67 47 198
67 58 90
67 65 589
68 6 231
68 10 828
68 33 376
68 37 218
68 39 197
68 40 364
68 43 909
68 45 627
68 54 833
68 57 461
68 60 3
68 63 453
68 67 14
68 69 725
69 5 771
69 15 65
69 16 845
69 42 583
69 48 984
69 57 714
9 16
0 1 10
0 3 10
0 4 8
1 2 0
1 4 4
1 5 3
2 5 0
3 4 5
3 6 0
3 7 8
4 5 4
4 7 5
4 8 10
5 8 6
6 7 2
7 8 6
16 33
0 1 38
0 4 26
0 5 2
1 2 19
1 5 20
1 6 27
2 3 8
2 6 36
2 7 48
3 7 6
4 5 35
4 8 28
4 9 13
5 6 7
5 9 39
5 10 34
6 7 1
6 10 37
6 11 9
7 11 41
8 9 39
8 12 19
8 13 12
9 10 39
9 13 35
9 14 20
10 11 42
10 14 45
10 15 25
11 15 8
12 13 14
13 14 7
14 15 35
25 56
0 1 9
0 5 17
0 6 18
1 2 73
1 6 55
1 7 16
2 3 55
2 7 56
2 8 14
3 4 34
3 8 92
3 9 85
4 9 36
5 6 38
5 10 5
5 11 79
6 7 90
6 11 93
6 12 35
7 8 66
7 12 80
7 13 58
8 9 86
8 13 67
8 14 41
9 14 78
10 11 29
10 15 8
10 16 67
11 12 62
11 16 17
11 17 57
12 13 47
12 17 90
12 18 74
13 14 63
13 18 44
13 19 96
14 19 43
15 16 17
15 20 27
15 21 44
16 17 75
16 21 65
16 22 47
17 18 53
17 22 54
17 23 52
18 19 55
18 23 86
18 24 10
19 24 12
20 21 90
21 22 38
22 23 53
23 24 56
36 85
0 1 34
0 6 197
0 7 127
1 2 0
1 7 60
1 8 196
2 3 123
2 8 140
2 9 161
3 4 117
3 9 156
3 10 117
4 5 115
4 10 197
4 11 169
5 11 28
6 7 195
6 12 43
6 13 2
7 8 159
7 13 98
7 14 170
8 9 63
8 14 167
8 15 117
9 10 42
9 15 156
9 16 160
10 11 3
10 16 22
10 17 1
11 17 189
12 13 78
12 18 139
12 19 169
13 14 73
13 19 11
13 20 28
14 15 34
14 20 78
14 21 119
15 16 101
15 21 194
15 22 24
16 17 70
16 22 172
16 23 20
17 23 14
18 19 23
18 24 124
18 25 14
19 20 193
19 25 187
19 26 112
20 21 59
20 26 179
20 27 78
21 22 169
21 27 133
21 28 33
22 23 170
22 28 121
22 29 6
23 29 47
24 25 175
24 30 71
24 31 9
25 26 154
25 31 105
25 32 20
26 27 22
26 32 156
26 33 49
27 28 46
27 33 25
27 34 42
28 29 67
28 34 191
28 35 13
29 35 90
30 31 27
31 32 114
32 33 32
33 34 139
34 35 50
49 120
0 1 187
0 7 69
0 8 43
1 2 238
1 8 227
1 9 272
2 3 182
2 9 125
2 10 66
3 4 121
3 10 238
3 11 0
4 5 216
4 11 170
4 12 253
5 6 135
5 12 88
5 13 55
6 13 201
7 8 96
7 14 197
7 15 294
8 9 98
8 15 140
8 16 212
9 10 13
9 16 41
9 17 187
10 11 121
10 17 291
10 18 182
11 12 257
11 18 60
11 19 225
12 13 194
12 19 236
12 20 145
13 20 24
14 15 211
14 21 146
14 22 10
15 16 212
15 22 10
15 23 197
16 17 164
16 23 146
16 24 66
17 18 169
17 24 296
17 25 154
18 19 214
18 25 192
18 26 147
19 20 11
19 26 32
19 27 7
20 27 24
21 22 143
21 28 94
21 29 22
22 23 24
22 29 50
22 30 13
23 24 250
23 30 193
23 31 22
24 25 43
24 31 218
24 32 207
25 26 255
25 32 12
25 33 166
26 27 166
26 33 22
26 34 63
27 34 279
28 29 129
28 35 96
28 36 117
29 30 233
29 36 9
29 37 112
30 31 28
30 37 20
30 38 4
31 32 286
31 38 44
31 39 286
32 33 128
32 39 87
32 40 257
33 34 153
33 40 137
33 41 219
34 41 51
35 36 241
35 42 94
35 43 30
36 37 97
36 43 298
36 44 197
37 38 263
37 44 112
37 45 209
38 39 25
38 45 40
38 46 231
39 40 104
39 46 136
39 47 48
40 41 286
40 47 95
40 48 109
41 48 13
42 43 113
43 44 64
44 45 299
45 46 47
46 47 109
47 48 76
64 161
0 1 93
0 8 321
0 9 241
1 2 421
1 9 317
1 10 441
2 3 72
2 10 46
2 11 306
3 4 169
3 11 180
3 12 375
4 5 68
4 12 19
4 13 500
5 6 381
5 13 116
5 14 435
6 7 126
6 14 270
6 15 8
7 15 45
8 9 279
8 16 307
8 17 134
9 10 248
9 17 116
9 18 462
10 11 97
10 18 196
10 19 353
11 12 437
11 19 263
11 20 94
12 13 103
12 20 79
12 21 281
13 14 175
13 21 372
13 22 86
14 15 90
14 22 51
14 23 207
15 23 159
16 17 206
16 24 286
16 25 318
17 18 387
17 25 412
17 26 434
18 19 396
18 26 457
18 27 203
19 20 421
19 27 9
19 28 83
20 21 415
20 28 125
20 29 45
21 22 11
21 29 67
21 30 144
22 23 194
22 30 330
22 31 238
23 31 298
24 25 18
24 32 219
24 33 155
25 26 351
25 33 310
25 34 27
26 27 57
26 34 215
26 35 325
27 28 9
27 35 0
27 36 142
28 29 397
28 36 158
28 37 76
29 30 38
29 37 114
29 38 25
30 31 205
30 38 370
30 39 109
31 39 119
32 33 401
32 40 378
32 41 496
33 34 44
33 41 71
33 42 62
34 35 29
34 42 115
34 43 393
35 36 294
35 43 335
35 44 294
36 37 145
36 44 391
36 45 321
37 38 449
37 45 105
37 46 146
38 39 459
38 46 352
38 47 34
39 47 101
40 41 357
40 48 386
40 49 9
41 42 383
41 49 90
41 50 370
42 43 238
42 50 209
42 51 239
43 44 138
43 51 333
43 52 481
44 45 429
44 52 151
44 53 43
45 46 458
45 53 266
45 54 182
46 47 252
46 54 347
46 55 222
47 55 143
48 49 43
48 56 91
48 57 237
49 50 436
49 57 49
49 58 88
50 51 470
50 58 397
50 59 186
51 52 327
51 59 282
51 60 442
52 53 456
52 60 372
52 61 57
53 54 193
53 61 328
53 62 297
54 55 77
54 62 407
54 63 23
55 63 5
56 57 66
57 58 57
58 59 464
59 60 495
60 61 70
61 62 462
62 63 217
81 208
0 1 696
0 9 592
0 10 233
1 2 247
1 10 385
1 11 669
2 3 51
2 11 35
2 12 683
3 4 250
3 12 58
3 13 326
4 5 338
4 13 410
4 14 274
5 6 419
5 14 231
5 15 626
6 7 325
6 15 188
6 16 69
7 8 273
7 16 691
7 17 142
8 17 305
9 10 56
9 18 563
9 19 376
10 11 660
10 19 605
10 20 452
11 12 365
11 20 205
11 21 685
12 13 612
12 21 590
12 22 362
13 14 372
13 22 335
13 23 53
14 15 622
14 23 393
14 24 380
15 16 670
15 24 103
15 25 654
16 17 97
16 25 43
16 26 288
17 26 422
18 19 358
18 27 404
18 28 232
19 20 500
19 28 8
19 29 222
20 21 265
20 29 281
20 30 307
21 22 225
21 30 185
21 31 58
22 23 299
22 31 391
22 32 452
23 24 210
23 32 280
23 33 523
24 25 291
24 33 324
24 34 577
25 26 623
25 34 17
25 35 666
26 35 301
27 28 328
27 36 398
27 37 530
28 29 616
28 37 529
28 38 573
29 30 683
29 38 232
29 39 514
30 31 482
30 39 651
30 40 445
31 32 457
31 40 231
31 41 51
32 33 391
32 41 125
32 42 109
33 34 690
33 42 225
33 43 270
34 35 609
34 43 215
34 44 93
35 44 609
36 37 379
36 45 531
36 46 539
37 38 344
37 46 131
37 47 556
38 39 672
38 47 529
38 48 94
39 40 296
39 48 66
39 49 668
40 41 279
40 49 299
40 50 190
41 42 470
41 50 249
41 51 636
42 43 226
42 51 189
42 52 687
43 44 326
43 52 23
43 53 506
44 53 315
45 46 75
45 54 633
45 55 249
46 47 578
46 55 542
46 56 464
47 48 256
47 56 372
47 57 302
48 49 600
48 57 213
48 58 568
49 50 280
49 58 451
49 59 662
50 51 286
50 59 518
50 60 338
51 52 565
51 60 116
51 61 529
52 53 334
52 61 74
52 62 464
53 62 270
54 55 159
54 63 596
54 64 673
55 56 665
55 64 621
55 65 696
56 57 40
56 65 553
56 66 244
57 58 618
57 66 394
57 67 417
58 59 174
58 67 476
58 68 429
59 60 483
59 68 689
59 69 296
60 61 473
60 69 439
60 70 667
61 62 58
61 70 666
61 71 14
62 71 332
63 64 252
63 72 375
63 73 491
64 65 15
64 73 645
64 74 274
65 66 584
65 74 250
65 75 246
66 67 549
66 75 170
66 76 652
67 68 589
67 76 432
67 77 195
68 69 215
68 77 536
68 78 322
69 70 98
69 78 311
69 79 50
70 71 291
70 79 8
70 80 346
71 80 63
72 73 21
73 74 156
74 75 531
75 76 35
76 77 122
77 78 162
78 79 287
79 80 613
100 261
0 1 108
0 10 404
0 11 305
1 2 305
1 11 595
1 12 124
2 3 488
2 12 109
2 13 931
3 4 371
3 13 287
3 14 445
4 5 462
4 14 501
4 15 510
5 6 360
5 15 701
5 16 950
6 7 391
6 16 188
6 17 100
7 8 578
7 17 769
7 18 582
8 9 860
8 18 12
8 19 244
9 19 753
10 11 890
10 20 250
10 21 608
11 12 688
11 21 654
11 22 914
12 13 993
12 22 940
12 23 728
13 14 170
13 23 48
13 24 348
14 15 231
14 24 335
14 25 793
15 16 694
15 25 526
15 26 993
16 17 744
16 26 226
16 27 942
17 18 135
17 27 104
17 28 41
18 19 713
18 28 874
18 29 313
19 29 262
20 21 557
20 30 14
20 31 886
21 22 446
21 31 265
21 32 183
22 23 825
22 32 609
22 33 96
23 24 817
23 33 548
23 34 514
24 25 678
24 34 287
24 35 862
25 26 909
25 35 312
25 36 344
26 27 292
26 36 839
26 37 337
27 28 36
27 37 755
27 38 969
28 29 171
28 38 860
28 39 10
29 39 574
30 31 13
30 40 837
30 41 733
31 32 571
31 41 541
31 42 308
32 33 707
32 42 496
32 43 491
33 34 531
33 43 105
33 44 278
34 35 38
34 44 343
34 45 792
35 36 406
35 45 320
35 46 344
36 37 4
36 46 633
36 47 688
37 38 297
37 47 471
37 48 715
38 39 333
38 48 225
38 49 684
39 49 194
40 41 384
40 50 768
40 51 775
41 42 397
41 51 294
41 52 507
42 43 658
42 52 836
42 53 505
43 44 365
43 53 331
43 54 687
44 45 586
44 54 436
44 55 965
45 46 314
45 55 470
45 56 446
46 47 410
46 56 790
46 57 790
47 48 415
47 57 422
47 58 168
48 49 712
48 58 583
48 59 883
49 59 735
50 51 566
50 60 929
50 61 809
51 52 950
51 61 386
51 62 583
52 53 37
52 62 681
52 63 781
53 54 695
53 63 516
53 64 285
54 55 750
54 64 847
54 65 662
55 56 26
55 65 974
55 66 626
56 57 30
56 66 443
56 67 763
57 58 441
57 67 232
57 68 242
58 59 856
58 68 655
58 69 410
59 69 257
60 61 293
60 70 992
60 71 928
61 62 549
61 71 920
61 72 736
62 63 189
62 72 305
62 73 9
63 64 226
63 73 676
63 74 480
64 65 921
64 74 191
64 75 455
65 66 361
65 75 729
65 76 117
66 67 387
66 76 702
66 77 433
67 68 417
67 77 144
67 78 195
68 69 858
68 78 66
68 79 128
69 79 403
70 71 538
70 80 660
70 81 411
71 72 521
71 81 651
71 82 339
72 73 761
72 82 260
72 83 765
73 74 950
73 83 256
73 84 774
74 75 175
74 84 932
74 85 944
75 76 786
75 85 814
75 86 399
76 77 837
76 86 542
76 87 516
77 78 223
77 87 243
77 88 949
78 79 331
78 88 77
78 89 835
79 89 188
80 81 963
80 90 282
80 91 834
81 82 190
81 91 942
81 92 245
82 83 402
82 92 283
82 93 274
83 84 162
83 93 543
83 94 38
84 85 111
84 94 489
84 95 503
85 86 977
85 95 111
85 96 446
86 87 452
86 96 925
86 97 535
87 88 289
87 97 466
87 98 50
88 89 202
88 98 399
88 99 690
89 99 533
90 91 524
91 92 166
92 93 412
93 94 176
94 95 1000
95 96 694
96 97 366
97 98 935
98 99 325
100 1000
0 1 86
0 16 76
0 43 79
0 50 50
0 62 40
0 64 27
0 65 97
0 71 27
0 78 1
0 94 41
1 7 17
1 52 80
1 75 33
1 97 33
2 11 57
2 13 58
2 23 100
2 38 64
2 43 34
2 44 10
2 56 7
2 59 69
2 65 6
2 76 93
2 92 88
2 98 10
3 20 16
3 21 47
3 31 9
3 37 53
3 70 65
3 71 16
3 73 8
3 74 24
3 89 25
3 98 98
3 99 59
4 1 73
4 2 11
4 9 100
4 11 61
4 13 46
4 26 44
4 34 46
4 36 66
4 39 47
4 55 88
4 63 78
4 87 23
4 89 37
4 96 26
5 1 12
5 2 47
5 7 71
5 32 79
5 35 58
5 55 6
5 63 19
5 70 84
5 80 13
5 85 13
5 89 0
6 1 87
6 8 15
6 16 95
6 26 77
6 44 96
6 49 50
6 60 29
6 74 13
6 92 58
7 0 64
7 28 48
7 36 80
7 37 29
7 49 29
7 65 74
7 72 5
7 73 14
7 79 52
7 82 69
7 85 18
7 88 88
8 23 48
8 24 80
8 31 4
8 40 23
8 46 1
8 49 5
8 54 69
8 61 29
8 75 56
8 90 50
9 11 24
9 17 4
9 46 11
9 50 60
9 62 98
9 63 66
9 65 39
9 86 72
9 91 75
10 2 45
10 12 8
10 13 82
10 19 99
10 23 83
10 39 91
10 47 51
10 55 97
10 60 93
10 75 3
11 14 1
11 15 44
11 34 82
11 43 92
11 45 85
11 46 20
11 70 10
11 71 69
11 72 89
12 14 87
12 30 53
12 40 60
12 41 85
12 42 45
12 44 30
12 45 18
12 48 73
12 53 83
12 83 35
12 90 73
12 96 9
13 21 100
13 26 81
13 31 58
13 45 14
13 47 76
13 48 100
13 64 41
13 85 12
13 95 79
14 3 57
14 8 14
14 31 32
14 51 65
14 68 66
14 76 20
14 77 48
14 81 39
14 89 34
14 90 18
14 93 10
14 96 52
15 6 56
15 51 90
15 58 46
15 77 47
15 79 65
15 93 84
15 96 74
15 97 50
16 9 17
16 20 80
16 24 73
16 26 36
16 36 71
16 43 44
16 54 91
16 55 93
16 68 20
16 71 6
16 81 93
16 83 63
16 91 34
16 95 43
17 12 63
17 15 0
17 18 55
17 23 57
17 30 10
17 51 91
17 54 65
17 64 64
17 80 11
18 3 70
18 14 96
18 73 21
18 93 54
19 26 76
19 27 72
19 28 9
19 40 5
19 52 21
19 59 100
19 60 70
19 61 76
19 89 11
20 0 49
20 7 95
20 12 86
20 32 55
20 40 91
20 51 44
20 61 16
20 75 85
20 77 1
20 79 17
20 80 70
20 86 32
20 92 9
21 2 64
21 17 93
21 25 44
21 29 98
21 39 36
21 66 97
21 71 92
21 86 94
21 92 67
22 1 8
22 13 30
22 15 71
22 23 66
22 25 80
22 30 2
22 43 62
22 65 66
22 80 62
22 84 59
22 87 10
22 95 20
22 96 64
23 9 18
23 16 83
23 18 57
23 21 68
23 25 8
23 28 95
23 46 86
23 50 59
23 73 35
23 87 31
23 97 84
24 3 66
24 10 21
24 13 69
24 39 35
24 43 96
24 47 64
24 55 31
24 65 51
24 69 98
24 92 17
24 93 17
24 94 52
25 2 19
25 10 63
25 20 58
25 39 96
25 42 80
25 45 77
25 69 55
25 73 70
25 84 59
25 86 76
25 89 83
25 93 6
26 2 34
26 7 66
26 10 74
26 20 5
26 35 17
26 41 23
26 78 56
27 22 52
27 24 54
27 26 59
27 28 33
27 39 6
27 40 23
27 68 91
27 76 44
27 77 69
27 90 3
27 92 33
27 98 85
28 8 42
28 10 42
28 12 93
28 26 61
28 34 76
28 39 4
28 53 14
28 71 18
28 90 31
28 93 86
29 7 2
29 35 68
29 50 35
29 51 11
30 21 59
30 26 66
30 27 48
30 29 16
30 32 31
30 37 19
30 38 49
30 49 78
30 62 22
30 74 51
30 85 97
30 87 68
30 88 44
30 90 1
31 4 15
31 12 64
31 36 90
31 38 48
31 53 3
31 65 34
31 66 25
31 67 67
31 86 41
31 87 99
32 9 7
32 13 78
32 14 67
32 16 81
32 40 70
32 64 81
32 75 96
32 84 32
32 90 63
33 1 67
33 6 73
33 11 18
33 26 35
33 29 43
33 35 82
33 38 7
33 40 98
33 52 35
33 63 75
33 93 3
33 99 86
34 18 52
34 23 69
34 24 18
34 25 14
34 31 51
34 37 16
34 38 9
34 62 30
34 78 57
34 92 83
34 98 64
35 3 32
35 20 74
35 25 45
35 53 24
35 67 50
35 81 70
35 86 22
35 97 17
35 98 84
36 12 9
36 29 28
36 50 40
36 58 11
36 84 77
36 91 88
36 94 85
36 95 64
37 31 13
37 44 69
37 58 35
37 86 69
38 1 29
38 22 42
38 23 62
38 25 50
38 27 85
38 41 88
38 75 56
38 78 91
38 99 85
39 2 35
39 6 67
39 29 74
39 57 100
39 61 94
39 74 93
39 77 73
39 78 5
39 90 26
39 91 14
40 4 14
40 39 62
40 45 14
40 67 81
40 68 80
40 80 52
40 87 53
41 9 2
41 10 53
41 20 94
41 24 28
41 39 81
41 76 24
41 78 14
41 85 64
41 91 94
41 92 65
42 4 12
42 6 67
42 41 25
42 70 61
42 74 23
42 88 37
42 93 55
43 20 25
43 39 51
43 42 40
43 45 82
43 53 93
43 61 93
43 73 11
43 81 51
43 90 54
44 1 52
44 24 31
44 26 4
44 33 67
44 35 27
44 38 81
44 50 27
44 54 26
44 73 67
44 75 51
44 81 95
44 99 93
45 1 52
45 4 8
45 5 81
45 23 22
45 24 74
45 26 67
45 79 63
45 81 81
45 86 47
46 13 73
46 37 13
46 52 26
46 72 39
47 17 67
47 23 43
47 28 36
47 35 92
48 15 91
48 17 46
48 22 26
48 52 56
48 56 23
48 60 69
48 73 32
48 77 0
48 92 95
48 97 82
49 2 9
49 3 72
49 9 18
49 20 3
49 23 65
49 24 94
49 29 73
49 31 93
49 35 35
49 38 31
49 44 62
49 69 26
49 79 21
49 88 34
49 89 60
49 93 2
50 6 11
50 16 35
50 20 23
50 27 92
50 28 27
50 31 94
50 38 52
50 41 19
50 70 30
50 76 20
50 80 47
50 81 87
50 94 14
51 1 38
51 8 0
51 13 72
51 16 97
51 41 0
51 43 41
51 50 53
51 70 65
51 99 92
52 6 85
52 9 80
52 14 7
52 18 53
52 25 71
52 34 25
52 41 71
52 64 93
52 77 49
52 79 38
52 80 15
52 81 23
52 85 40
52 90 15
52 97 12
53 13 46
53 14 72
53 23 45
53 40 2
53 63 19
53 72 55
53 99 79
54 6 68
54 10 93
54 26 87
54 41 88
54 42 21
54 47 42
54 56 5
54 60 30
54 80 82
54 89 46
54 97 73
55 0 19
55 9 100
55 15 93
55 18 31
55 23 72
55 34 34
55 37 52
55 46 1
55 54 44
55 61 9
55 76 53
55 77 91
55 81 23
55 94 17
56 8 40
56 10 100
56 11 78
56 12 7
56 15 14
56 23 69
56 26 32
56 43 75
56 57 34
56 71 42
56 95 75
57 2 82
57 5 77
57 6 82
57 13 4
57 19 9
57 27 84
57 30 33
57 32 53
57 58 43
57 67 79
57 70 25
57 79 10
57 93 70
57 97 33
58 8 94
58 25 30
58 29 53
58 32 5
58 63 65
58 71 58
58 73 53
58 91 47
58 92 65
58 97 52
58 99 23
59 26 79
59 28 50
59 42 16
59 48 55
59 55 75
59 60 15
59 64 47
59 76 79
59 84 95
60 1 66
60 4 42
60 32 67
60 41 22
60 45 41
60 57 99
60 61 65
60 71 32
60 89 44
60 95 3
61 2 86
61 4 64
61 9 98
61 14 21
61 16 61
61 18 19
61 51 60
61 65 41
61 68 13
61 69 9
61 74 42
61 77 35
61 92 42
62 3 64
62 5 92
62 6 87
62 18 45
62 24 56
62 28 89
62 35 20
62 42 5
62 51 39
62 67 84
62 74 71
62 85 21
63 13 65
63 19 71
63 45 12
63 60 16
63 76 51
63 77 12
63 82 100
63 85 58
64 8 49
64 11 65
64 15 54
64 19 39
64 21 44
64 38 89
64 43 47
64 53 13
64 55 39
64 97 88
65 14 47
65 32 61
65 40 28
65 46 48
65 53 76
65 57 33
65 62 48
65 70 69
65 80 48
65 92 62
65 97 38
66 1 18
66 2 59
66 5 37
66 7 93
66 8 82
66 34 2
66 51 77
66 56 68
66 80 93
66 83 22
66 84 65
66 87 100
66 94 98
67 1 65
67 12 12
67 28 57
67 34 71
67 52 95
67 65 90
67 90 81
68 0 89
68 3 30
68 7 30
68 11 58
68 17 36
68 20 90
68 21 85
68 42 46
68 44 63
68 81 53
69 0 54
69 8 4
69 9 94
69 23 31
69 36 20
69 38 42
69 54 34
69 76 22
69 90 37
70 0 37
70 4 48
70 13 6
70 26 25
70 27 83
70 48 38
70 79 74
70 82 53
70 83 11
70 87 48
70 98 94
71 13 43
71 19 32
71 23 54
71 33 63
71 35 67
71 46 90
71 52 37
71 57 100
71 61 78
71 64 88
71 67 55
71 80 3
71 86 24
71 91 8
71 97 98
71 99 90
72 14 69
72 21 33
72 28 28
72 45 78
72 52 75
72 75 64
72 79 35
73 5 20
73 16 67
73 45 20
73 50 96
73 51 18
73 61 45
73 74 87
73 76 99
73 88 41
73 89 79
74 5 92
74 19 2
74 22 16
74 59 9
74 68 12
74 78 53
74 83 90
74 89 44
74 96 68
75 16 26
75 22 77
75 29 28
75 34 49
75 43 10
75 49 1
75 54 82
75 56 65
75 62 21
75 69 50
75 76 63
75 88 84
75 97 12
76 10 62
76 16 89
76 37 97
76 38 99
76 39 18
76 40 93
76 42 16
76 46 86
76 77 3
77 8 73
77 11 90
77 21 40
77 26 8
77 30 58
77 42 99
77 44 95
77 46 19
77 56 19
77 59 33
77 73 57
77 78 32
77 79 55
77 85 66
77 96 42
78 8 63
78 18 95
78 24 63
78 25 4
78 44 46
78 46 48
78 62 7
78 85 63
78 87 87
78 96 20
79 1 83
79 3 15
79 31 14
79 32 27
79 42 60
79 63 70
79 93 6
80 2 78
80 6 11
80 18 97
80 19 1
80 31 42
80 32 81
80 33 63
80 42 34
80 55 6
80 90 8
80 91 80
81 8 51
81 20 23
81 47 82
81 61 52
81 65 25
81 69 68
81 73 42
81 77 79
81 80 64
81 89 17
82 13 70
82 14 43
82 18 35
82 23 91
82 24 67
82 32 41
82 36 25
82 50 24
82 62 16
82 68 46
82 76 5
82 79 59
83 0 28
83 6 63
83 28 64
83 37 91
83 41 78
83 52 14
83 69 89
83 87 38
83 93 8
83 97 11
84 20 28
84 34 5
84 46 22
84 61 67
84 65 30
84 72 20
84 82 54
84 85 36
84 86 14
84 87 21
84 90 7
84 98 79
84 99 77
85 18 24
85 46 35
85 50 72
85 56 16
85 80 77
85 81 83
85 95 99
86 5 38
86 32 31
86 33 8
86 44 19
86 47 85
86 49 55
86 51 3
86 57 36
86 70 21
86 90 68
87 1 16
87 37 12
87 39 27
88 3 87
88 11 77
88 23 97
88 35 78
88 47 1
88 51 92
88 61 87
88 76 98
88 91 41
88 92 3
88 98 14
89 22 91
89 64 25
89 79 77
89 82 77
89 96 1
90 17 28
90 21 7
90 33 65
90 34 3
90 35 86
90 47 73
90 56 36
90 66 59
90 72 64
90 79 35
90 93 42
91 0 21
91 8 80
91 11 7
91 20 3
91 23 43
91 26 15
91 32 6
91 37 91
91 43 11
91 44 100
91 51 65
91 77 66
91 79 100
91 92 89
92 7 94
92 9 6
92 16 28
92 57 15
92 68 72
92 74 75
92 80 98
92 93 2
93 1 69
93 4 36
93 21 32
93 29 78
93 32 52
93 39 37
93 43 9
93 48 94
93 89 83
94 28 59
94 33 62
94 34 27
94 35 68
94 54 4
94 62 43
94 73 51
94 78 77
94 87 83
94 97 71
95 42 24
95 46 6
95 52 60
95 74 29
95 81 9
95 89 40
95 99 9
96 19 16
96 64 55
96 80 84
96 88 15
97 8 59
97 10 58
97 12 9
97 16 97
97 25 17
97 26 58
97 27 52
97 34 57
97 43 42
97 46 95
97 67 15
98 5 53
98 6 49
98 22 77
98 25 57
98 32 7
98 39 13
98 41 22
98 46 74
98 54 27
98 83 54
98 86 69
98 90 21
98 97 82
99 8 12
99 9 100
99 12 16
99 25 55
99 26 16
99 34 33
99 35 38
99 54 29
99 81 23
99 88 68
99 90 86
99 92 79
100 1000
0 9 595
0 11 672
0 15 414
0 35 340
0 45 420
0 53 189
0 60 274
0 79 714
0 86 196
1 4 486
1 14 465
1 17 503
1 25 228
1 28 614
1 55 427
1 57 930
1 73 713
1 81 608
1 83 808
1 86 785
1 87 470
1 89 986
1 92 402
1 95 329
2 7 372
2 41 647
2 68 766
2 76 473
2 86 327
2 97 193
2 99 82
3 0 426
3 8 444
3 16 518
3 17 633
3 20 911
3 25 755
3 33 773
3 41 695
3 55 72
3 56 859
3 69 687
3 70 552
3 85 644
3 94 425
3 97 986
4 2 56
4 39 718
4 53 656
4 65 970
4 70 571
4 72 355
4 92 492
4 94 501
5 1 162
5 4 975
5 6 569
5 10 579
5 17 324
5 40 268
5 50 665
5 64 342
5 91 329
6 0 576
6 3 254
6 11 707
6 16 191
6 26 721
6 45 146
6 58 158
6 61 957
6 65 465
6 79 999
6 89 484
6 95 788
7 21 138
7 24 236
7 27 975
7 64 296
7 68 708
8 12 837
8 13 491
8 14 697
8 20 146
8 24 792
8 29 690
8 37 433
8 48 121
8 69 105
8 71 768
8 72 539
8 91 323
9 14 842
9 22 687
9 29 276
9 46 888
9 50 983
9 51 702
9 55 21
9 59 237
9 71 954
9 98 532
10 0 40
10 2 371
10 16 226
10 33 982
10 35 495
10 37 152
10 38 56
10 69 652
10 80 832
10 88 146
11 1 180
11 29 437
11 72 446
11 94 987
11 95 409
12 14 11
12 16 381
12 17 633
12 43 447
12 44 855
12 65 231
12 69 625
12 71 269
12 74 604
12 77 357
13 36 774
13 42 906
13 49 925
13 56 474
13 67 277
13 70 600
13 71 593
13 87 706
13 88 259
13 91 108
13 95 643
14 0 229
14 16 642
14 25 890
14 52 239
14 57 224
14 75 519
14 79 974
14 81 218
14 85 10
14 94 309
14 99 537
15 22 461
15 31 615
15 38 569
15 40 370
15 42 860
15 52 989
15 53 902
15 60 283
15 64 379
15 85 544
15 99 408
16 13 419
16 26 486
16 32 801
16 42 600
16 45 83
16 46 16
16 49 711
16 59 188
16 60 860
16 63 229
16 66 885
16 67 173
16 84 389
16 92 20
16 99 387
17 4 512
17 8 825
17 18 196
17 19 994
17 22 97
17 23 243
17 66 289
17 80 120
17 85 923
17 96 13
18 3 444
18 9 81
18 10 949
18 20 145
18 23 857
18 70 424
18 85 496
19 2 9
19 3 161
19 12 237
19 32 53
19 34 385
19 35 884
19 40 928
19 69 43
19 75 14
19 76 828
19 84 533
20 2 802
20 9 61
20 29 814
20 34 245
20 38 403
20 51 130
20 52 909
20 56 519
20 58 59
20 62 272
20 70 17
20 80 94
20 90 802
20 91 809
21 22 677
21 29 961
21 53 854
21 71 204
21 74 670
21 76 568
21 77 887
22 2 761
22 4 909
22 7 367
22 16 840
22 30 669
22 52 39
22 61 478
22 67 144
22 72 860
22 74 763
22 76 840
22 81 774
22 98 887
23 1 413
23 7 127
23 13 900
23 15 90
23 27 730
23 37 856
23 38 813
23 41 857
23 57 654
23 60 405
23 66 57
23 71 907
23 99 533
24 26 795
24 37 353
24 40 524
24 65 689
24 84 442
24 96 848
25 0 548
25 17 29
25 60 170
25 85 649
25 86 913
25 90 530
25 91 287
25 92 57
26 5 369
26 7 849
26 14 261
26 47 896
26 59 342
26 60 993
26 74 683
27 8 956
27 12 773
27 16 129
27 30 761
27 31 166
27 45 101
27 52 817
27 54 6
27 66 772
27 76 271
27 82 644
27 97 355
28 6 361
28 9 753
28 11 545
28 23 786
28 33 20
28 38 929
28 69 869
28 72 980
28 82 601
29 13 355
29 30 817
29 36 29
29 54 757
29 70 437
29 90 496
29 93 442
29 95 196
30 9 555
30 17 493
30 18 201
30 32 611
30 35 612
30 47 949
30 56 547
30 57 508
30 77 818
31 6 232
31 23 843
31 24 313
31 36 767
31 38 661
31 44 664
31 60 443
31 61 365
31 75 271
31 93 256
31 96 444
32 10 419
32 18 768
32 27 3
32 37 200
32 44 658
32 46 878
32 52 940
32 54 658
32 71 8
32 96 836
32 98 623
33 0 333
33 6 500
33 13 289
33 18 575
33 27 514
33 53 291
33 62 761
33 64 912
33 71 676
33 74 384
34 0 401
34 17 650
34 37 685
34 46 810
34 95 120
35 9 539
35 29 479
35 32 511
35 36 681
35 43 291
35 49 499
35 54 690
35 55 918
35 62 568
35 99 405
36 7 88
36 24 47
36 25 667
36 45 382
36 54 468
36 55 58
36 57 572
36 87 72
36 94 332
36 97 910
37 4 328
37 11 236
37 17 298
37 27 389
37 36 802
37 38 923
37 48 998
37 53 516
37 55 268
37 56 272
37 57 383
37 68 538
37 75 392
37 84 402
38 11 967
38 13 2
38 42 658
38 46 884
38 49 9
38 53 803
38 63 217
38 65 375
38 78 771
38 84 452
38 89 941
38 93 700
39 0 606
39 10 877
39 28 395
39 33 818
39 34 632
39 44 624
39 48 402
39 70 731
39 77 954
39 81 942
39 91 547
40 39 123
41 0 0
41 19 496
41 21 482
41 26 324
41 35 718
41 36 533
41 37 180
41 38 491
41 46 227
41 75 57
41 82 647
41 90 240
42 6 738
42 35 114
42 45 704
42 69 898
42 85 337
42 93 398
42 95 702
43 5 824
43 16 549
43 22 996
43 24 361
43 27 902
43 32 140
43 34 282
43 64 783
43 75 230
43 97 654
44 8 19
44 26 444
44 30 895
44 54 798
44 56 778
44 68 221
44 80 262
45 14 983
45 18 164
45 23 928
45 26 352
45 37 180
45 68 871
45 76 581
45 97 862
46 3 650
46 30 439
46 31 893
46 44 222
46 55 989
46 66 762
46 70 655
46 89 468
46 91 211
46 94 640
47 4 65
47 17 427
47 22 384
47 23 585
47 25 122
47 27 499
47 42 949
47 43 765
47 46 497
47 52 710
47 76 857
47 84 690
47 87 40
47 91 442
47 96 682
48 11 416
48 15 987
48 23 562
48 24 446
48 45 592
48 50 32
48 54 555
48 65 838
48 72 578
48 76 546
48 77 961
48 92 331
48 93 446
49 3 926
49 10 592
49 24 169
49 37 579
49 41 322
49 47 809
49 57 837
49 60 904
49 62 297
49 65 548
49 69 578
49 82 578
50 2 42
50 10 264
50 23 824
50 25 269
50 28 224
50 42 194
50 49 958
50 90 111
51 11 538
51 16 456
51 23 783
51 37 555
51 54 878
51 55 287
51 56 569
51 62 420
51 64 301
51 70 28
51 73 933
51 80 572
51 89 649
51 94 689
52 1 952
52 4 642
52 17 299
52 24 877
52 67 513
52 70 87
52 89 169
53 14 416
53 40 901
53 44 972
53 58 649
53 61 555
53 72 87
53 75 948
53 76 534
53 83 323
53 95 719
54 1 878
54 5 898
54 19 817
54 21 402
54 28 78
54 45 469
54 53 660
54 82 498
54 91 814
54 98 20
55 0 757
55 20 882
55 27 323
55 49 655
55 73 397
55 78 60
55 82 246
55 83 63
56 10 253
56 15 483
56 31 713
56 43 562
56 50 870
56 67 989
56 78 984
56 80 505
56 86 736
56 88 300
56 99 738
57 5 306
57 25 606
57 31 108
57 35 413
57 89 31
57 94 441
57 97 739
57 98 489
58 21 402
58 25 10
58 28 723
58 35 996
58 38 236
58 40 24
58 42 156
58 77 978
58 98 368
59 8 434
59 17 164
59 19 769
59 20 892
59 30 941
59 31 630
59 32 981
59 35 866
59 39 433
59 44 971
59 54 833
59 78 985
59 83 473
59 85 755
59 87 25
59 89 196
59 97 663
60 7 290
60 9 515
60 11 468
60 17 339
60 20 459
60 29 856
60 39 45
60 42 881
60 47 254
60 55 459
60 59 465
60 84 546
60 89 285
61 5 163
61 10 481
61 15 335
61 23 914
61 24 612
61 32 863
61 45 139
61 48 677
61 51 585
61 57 547
61 60 758
61 67 337
61 80 546
61 96 169
62 17 810
62 19 622
62 25 169
62 27 103
62 39 934
62 41 89
62 42 186
62 69 959
62 70 51
62 71 713
62 89 818
62 95 400
63 7 161
63 10 151
63 13 15
63 18 244
63 26 944
63 50 202
63 51 915
63 68 400
63 73 197
63 80 906
63 85 432
63 88 281
63 95 87
64 3 804
64 4 404
64 13 983
64 41 384
64 45 596
64 47 80
64 58 263
64 59 441
64 68 211
64 69 945
64 85 152
64 89 149
65 17 108
65 30 150
65 34 541
65 39 460
65 40 447
65 42 498
65 56 494
65 71 683
65 75 36
66 3 450
66 31 53
66 34 224
66 36 436
66 37 320
66 40 690
66 52 48
66 53 979
66 60 879
66 71 709
66 81 341
67 0 78
67 4 434
67 6 562
67 26 989
67 32 151
67 43 40
67 48 103
67 50 539
67 63 548
68 5 471
68 11 592
68 12 405
68 13 707
68 50 131
68 58 739
68 88 694
69 24 342
69 26 482
69 27 18
69 31 146
69 39 314
69 43 747
69 48 176
69 53 68
69 59 261
69 71 375
69 80 855
69 82 552
69 84 568
69 93 699
70 1 266
70 2 262
70 12 671
70 19 741
70 30 674
70 42 959
70 47 35
70 67 77
70 74 374
70 82 180
70 86 289
71 17 240
71 27 977
71 28 620
71 39 256
71 48 348
71 55 974
71 73 289
71 79 601
71 84 825
72 3 385
72 12 703
72 13 68
72 17 122
72 23 385
72 32 772
72 36 981
72 39 598
72 46 891
72 87 78
73 3 534
73 6 965
73 17 199
73 23 776
73 43 115
73 49 118
73 83 111
73 96 996
73 98 937
74 1 927
74 9 982
74 19 115
74 45 487
74 56 420
74 60 423
74 65 577
74 79 572
74 89 702
74 91 954
75 13 720
75 35 329
75 50 563
75 60 939
75 85 6
75 93 421
75 94 54
75 95 177
75 98 875
76 6 646
76 9 767
76 13 874
76 17 703
76 41 269
76 56 264
76 71 976
76 91 629
77 0 68
77 34 477
77 36 968
77 53 436
77 54 443
77 62 258
77 63 905
77 64 549
77 72 761
77 74 521
77 82 726
77 98 290
78 9 776
78 13 350
78 14 451
78 15 549
78 21 76
78 25 850
78 26 409
78 37 621
78 42 972
78 52 129
78 54 571
78 81 96
78 96 1
79 20 207
79 33 149
79 40 110
79 50 431
79 64 960
79 76 825
79 77 302
79 87 145
80 27 925
80 60 499
80 79 471
81 19 174
81 20 970
81 30 742
81 36 845
81 62 384
81 76 699
82 9 408
82 24 583
82 31 283
82 43 624
82 61 873
82 66 632
82 72 844
82 90 336
82 97 507
82 99 586
83 2 431
83 5 790
83 40 184
83 43 618
83 44 134
83 60 296
83 64 544
84 33 175
84 34 234
84 44 500
84 51 845
84 57 991
84 61 594
84 66 75
84 68 772
84 75 288
84 77 183
84 79 503
84 91 498
84 95 119
85 7 551
85 23 784
85 27 212
85 29 914
85 32 998
85 33 787
85 39 559
85 45 498
85 52 789
85 60 764
85 61 374
85 91 11
86 16 261
86 47 903
86 54 352
86 64 688
86 76 487
86 87 519
86 93 566
87 14 488
87 29 318
87 30 696
87 51 366
87 93 378
88 12 429
88 24 981
88 40 441
88 42 548
88 52 636
88 54 732
88 57 285
88 81 998
88 86 821
89 14 805
89 16 491
89 18 801
89 24 950
89 30 471
89 31 992
89 45 347
89 54 429
89 58 647
89 66 888
89 68 446
89 73 783
89 77 284
89 78 862
89 84 558
89 88 694
90 6 422
90 11 690
90 16 889
90 59 767
90 69 141
90 91 701
91 1 279
91 19 707
91 24 25
91 48 442
91 52 362
91 55 230
91 57 582
91 60 268
91 63 88
91 67 335
91 69 616
91 87 182
91 89 974
91 92 902
91 98 99
92 3 478
92 6 911
92 13 951
92 14 926
92 20 759
92 23 526
92 30 618
92 47 687
92 72 686
92 74 991
92 79 739
92 97 273
92 99 897
93 2 212
93 12 141
93 51 136
93 58 195
93 73 841
93 77 662
93 79 577
93 90 995
93 97 670
94 6 794
94 26 329
94 27 876
94 34 388
94 35 957
94 38 8
94 52 907
94 56 937
94 62 795
94 64 376
94 65 808
94 81 161
95 8 165
95 9 920
95 10 566
95 21 347
95 64 364
95 78 127
95 86 770
95 98 153
96 3 293
96 7 904
96 16 246
96 28 227
96 72 613
96 84 720
97 4 917
97 13 705
97 24 422
97 67 411
97 78 447
97 85 499
97 86 578
97 88 597
97 89 256
98 3 884
98 5 41
98 8 768
98 13 631
98 27 684
98 48 234
98 52 792
98 56 621
98 61 523
98 74 334
98 85 369
98 87 629
99 7 16
99 33 951
99 42 569
99 44 347
99 60 83
99 70 100
99 71 158
99 73 281
99 98 67
99 98
0 1 371
1 2 197
2 3 846
3 4 674
4 5 775
5 6 488
6 7 133
7 8 702
8 9 59
9 10 298
10 11 174
11 12 168
12 13 613
13 14 659
14 15 345
15 16 788
16 17 855
17 18 206
18 19 495
19 20 524
20 21 140
21 22 932
22 23 325
23 24 54
24 25 203
25 26 9
26 27 141
27 28 898
28 29 727
29 30 304
30 31 915
31 32 97
32 33 191
33 34 450
34 35 461
35 36 966
36 37 938
37 38 284
38 39 357
39 40 688
40 41 272
41 42 532
42 43 856
43 44 886
44 45 190
45 46 200
46 47 363
47 48 735
48 49 96
49 50 858
50 51 949
51 52 237
52 53 479
53 54 964
54 55 291
55 56 683
56 57 663
57 58 432
58 59 270
59 60 389
60 61 427
61 62 184
62 63 177
63 64 618
64 65 324
65 66 328
66 67 584
67 68 953
68 69 613
69 70 631
70 71 640
71 72 885
72 73 162
73 74 495
74 75 460
75 76 43
76 77 385
77 78 824
78 79 468
79 80 482
80 81 681
81 82 107
82 83 409
83 84 851
84 85 761
85 86 700
86 87 533
87 88 424
88 89 823
89 90 493
90 91 813
91 92 249
92 93 677
93 94 680
94 95 867
95 96 691
96 97 8
97 98 140
100 99
0 1 1791
1 2 2577
2 3 6194
3 4 3740
4 5 4132
5 6 5430
6 7 2133
7 8 2532
8 9 8279
9 10 6584
10 11 9897
11 12 378
12 13 7863
13 14 3044
14 15 380
15 16 697
16 17 9148
17 18 4467
18 19 85
19 20 4663
20 21 9887
21 22 5719
22 23 233
23 24 7774
24 25 9866
25 26 4533
26 27 8972
27 28 1199
28 29 7220
29 30 5390
30 31 8332
31 32 9011
32 33 7967
33 34 5604
34 35 3830
35 36 3178
36 37 1034
37 38 5963
38 39 6789
39 40 391
40 41 3625
41 42 6685
42 43 769
43 44 2566
44 45 807
45 46 2228
46 47 4342
47 48 9956
48 49 7775
49 50 4428
50 51 5697
51 52 7661
52 53 146
53 54 5931
54 55 6513
55 56 12
56 57 1542
57 58 6564
58 59 1211
59 60 9841
60 61 1953
61 62 621
62 63 9931
63 64 999
64 65 6226
65 66 3760
66 67 5256
67 68 8339
68 69 9723
69 70 2044
70 71 9809
71 72 4427
72 73 8729
73 74 1657
74 75 6993
75 76 614
76 77 3885
77 78 1335
78 79 569
79 80 2738
80 81 5763
81 82 6267
82 83 1478
83 84 6988
84 85 3276
85 86 7991
86 87 8079
87 88 5897
88 89 4554
89 90 368
90 91 5738
91 92 7587
92 93 990
93 94 5668
94 95 9665
95 96 8295
96 97 506
97 98 4920
98 99 7712
81 208
0 1 3012
0 9 259
0 10 3635
1 2 512
1 10 3345
1 11 1213
2 3 563
2 11 2658
2 12 48
3 4 1590
3 12 1771
3 13 3860
4 5 4246
4 13 1747
4 14 3060
5 6 4768
5 14 603
5 15 4888
6 7 2164
6 15 2808
6 16 1754
7 8 3097
7 16 880
7 17 85
8 17 2246
9 10 1960
9 18 2985
9 19 3781
10 11 648
10 19 3531
10 20 4570
11 12 4424
11 20 3791
11 21 3204
12 13 698
12 21 2898
12 22 4417
13 14 1261
13 22 555
13 23 4466
14 15 3614
14 23 3090
14 24 4088
15 16 2859
15 24 4837
15 25 2147
16 17 3390
16 25 1202
16 26 2034
17 26 1316
18 19 4551
18 27 175
18 28 4011
19 20 4637
19 28 2422
19 29 4891
20 21 2359
20 29 1169
20 30 4435
21 22 3008
21 30 4701
21 31 4004
22 23 3194
22 31 4254
22 32 2971
23 24 3892
23 32 2151
23 33 2387
24 25 916
24 33 2707
24 34 2615
25 26 4530
25 34 796
25 35 1702
26 35 3152
27 28 3849
27 36 2304
27 37 1395
28 29 1645
28 37 3620
28 38 3361
29 30 1959
29 38 3795
29 39 3134
30 31 1595
30 39 1979
30 40 3787
31 32 3954
31 40 3149
31 41 3221
32 33 2724
32 41 3612
32 42 2988
33 34 1680
33 42 2865
33 43 958
34 35 572
34 43 15
34 44 3345
35 44 1488
36 37 960
36 45 1780
36 46 3485
37 38 3425
37 46 694
37 47 43
38 39 2274
38 47 2998
38 48 1439
39 40 4682
39 48 1617
39 49 4800
40 41 1640
40 49 1175
40 50 3696
41 42 3998
41 50 3917
41 51 2482
42 43 3715
42 51 2828
42 52 703
43 44 2201
43 52 1439
43 53 3691
44 53 3882
45 46 4649
45 54 4454
45 55 66
46 47 3756
46 55 1704
46 56 845
47 48 478
47 56 4247
47 57 4330
48 49 3904
48 57 4942
48 58 4374
49 50 1940
49 58 2939
49 59 1575
50 51 1621
50 59 319
50 60 2137
51 52 4025
51 60 2257
51 61 832
52 53 3022
52 61 1173
52 62 3314
53 62 2499
54 55 4780
54 63 4701
54 64 4765
55 56 3470
55 64 3582
55 65 1966
56 57 3881
56 65 3798
56 66 2033
57 58 3400
57 66 1264
57 67 2878
58 59 3878
58 67 510
58 68 2970
59 60 2781
59 68 1214
59 69 2343
60 61 4721
60 69 4154
60 70 3918
61 62 2105
61 70 235
61 71 1054
62 71 1129
63 64 2649
63 72 4914
63 73 2492
64 65 963
64 73 2413
64 74 3665
65 66 742
65 74 2876
65 75 4192
66 67 4976
66 75 1457
66 76 1158
67 68 3856
67 76 254
67 77 3191
68 69 3018
68 77 2281
68 78 1831
69 70 1896
69 78 2791
69 79 4801
70 71 439
70 79 4769
70 80 2907
71 80 923
72 73 1824
73 74 3922
74 75 3028
75 76 3642
76 77 4157
77 78 4920
78 79 1290
79 80 2411
100 261
0 1 6714
0 10 9346
0 11 7366
1 2 6811
1 11 7299
1 12 9336
2 3 2477
2 12 8811
2 13 1621
3 4 4
3 13 8388
3 14 1701
4 5 4228
4 14 9721
4 15 3618
5 6 8672
5 15 6384
5 16 681
6 7 6693
6 16 1638
6 17 4639
7 8 8847
7 17 2529
7 18 1706
8 9 5733
8 18 6713
8 19 6
9 19 919
10 11 4768
10 20 9995
10 21 2702
11 12 1482
11 21 418
11 22 1147
12 13 8293
12 22 7717
12 23 482
13 14 1849
13 23 7606
13 24 3182
14 15 2932
14 24 5993
14 25 5962
15 16 8240
15 25 6792
15 26 658
16 17 6911
16 26 4255
16 27 1339
17 18 3603
17 27 5893
17 28 7058
18 19 2449
18 28 8422
18 29 8764
19 29 8182
20 21 9850
20 30 179
20 31 5134
21 22 4617
21 31 173
21 32 8916
22 23 6099
22 32 592
22 33 62
23 24 5471
23 33 9388
23 34 1623
24 25 7320
24 34 6994
24 35 5884
25 26 1330
25 35 4065
25 36 2924
26 27 9570
26 36 1936
26 37 4662
27 28 6481
27 37 6191
27 38 7080
28 29 1162
28 38 3162
28 39 4137
29 39 3612
30 31 3980
30 40 2872
30 41 1584
31 32 3829
31 41 4131
31 42 7797
32 33 8446
32 42 4304
32 43 7791
33 34 5624
33 43 5975
33 44 8932
34 35 2173
34 44 6442
34 45 1633
35 36 571
35 45 4514
35 46 8596
36 37 1901
36 46 8579
36 47 1520
37 38 1471
37 47 1593
37 48 6182
38 39 9031
38 48 7784
38 49 3261
39 49 192
40 41 8478
40 50 4883
40 51 946
41 42 2457
41 51 7756
41 52 3609
42 43 7365
42 52 1886
42 53 2484
43 44 5810
43 53 7269
43 54 1354
44 45 2512
44 54 3244
44 55 285
45 46 4685
45 55 764
45 56 2998
46 47 5256
46 56 5278
46 57 1593
47 48 7158
47 57 4935
47 58 3113
48 49 9708
48 58 6529
48 59 373
49 59 8738
50 51 3635
50 60 8930
50 61 5391
51 52 3191
51 61 3813
51 62 6337
52 53 5648
52 62 2647
52 63 1024
53 54 3012
53 63 4533
53 64 4588
54 55 9901
54 64 1801
54 65 5942
55 56 3492
55 65 6124
55 66 6227
56 57 8177
56 66 6888
56 67 9225
57 58 3433
57 67 3244
57 68 1897
58 59 1669
58 68 8180
58 69 5010
59 69 1376
60 61 5384
60 70 113
60 71 4708
61 62 97
61 71 9043
61 72 98
62 63 4367
62 72 3934
62 73 7515
63 64 14
63 73 6581
63 74 9618
64 65 4105
64 74 2192
64 75 4205
65 66 5084
65 75 5073
65 76 146
66 67 8576
66 76 1196
66 77 7453
67 68 7832
67 77 9164
67 78 7756
68 69 1264
68 78 2407
68 79 9653
69 79 2933
70 71 4663
70 80 4309
70 81 1665
71 72 1125
71 81 5501
71 82 6373
72 73 2301
72 82 5622
72 83 7551
73 74 6668
73 83 9557
73 84 5065
74 75 7761
74 84 7216
74 85 4682
75 76 2944
75 85 9409
75 86 9967
76 77 8028
76 86 4481
76 87 112
77 78 7683
77 87 6756
77 88 7565
78 79 5514
78 88 5919
78 89 5321
79 89 7857
80 81 4973
80 90 1868
80 91 9406
81 82 714
81 91 6177
81 92 1070
82 83 2918
82 92 2756
82 93 8523
83 84 5219
83 93 8378
83 94 6073
84 85 1886
84 94 7934
84 95 2216
85 86 725
85 95 5150
85 96 7977
86 87 3669
86 96 4558
86 97 7943
87 88 2776
87 97 117
87 98 9135
88 89 458
88 98 6873
88 99 6699
89 99 7051
90 91 3098
91 92 2792
92 93 4907
93 94 9151
94 95 3276
95 96 6775
96 97 9865
97 98 5425
98 99 4030
100 200
0 39 2
1 13 2
2 4 9999
2 34 1
2 43 1
2 56 2
2 91 2
2 96 2
2 98 5000
3 28 5000
3 81 1
4 18 10000
5 6 2
5 16 2
5 89 10000
6 20 2
6 82 10000
6 98 5000
8 45 1
8 77 1
9 20 9999
9 34 1
10 9 9999
10 60 10000
10 67 1
11 16 1
11 50 9999
11 64 2
12 34 9999
12 47 5000
13 20 9999
16 55 2
17 6 1
18 1 5000
19 5 5000
19 9 2
20 75 9999
20 81 2
20 95 9999
21 61 2
21 90 5000
23 12 5000
23 62 5000
24 2 2
24 41 2
24 44 2
24 95 10000
25 58 5000
26 44 1
26 54 10000
26 87 5000
27 9 10000
27 22 2
27 57 2
27 95 9999
28 7 5000
29 95 10000
30 77 9999
32 28 9999
32 34 10000
32 59 1
33 42 2
33 70 1
34 7 10000
35 2 2
35 45 1
36 25 9999
36 41 9999
36 96 1
37 20 5000
37 72 1
39 83 9999
40 17 2
40 31 10000
40 41 10000
40 75 9999
41 96 2
42 8 2
42 46 2
42 85 1
43 74 5000
43 96 5000
44 2 10000
44 21 1
44 85 1
44 87 2
44 96 1
44 97 9999
46 66 9999
46 95 9999
48 10 9999
48 50 10000
50 0 5000
50 19 10000
51 10 5000
52 40 2
52 73 10000
54 15 1
54 36 2
54 62 1
55 31 2
55 40 1
57 15 2
57 50 5000
57 64 1
57 99 10000
58 48 10000
58 62 2
58 65 2
58 90 1
59 6 5000
59 99 5000
60 61 10000
61 64 10000
61 87 9999
61 88 10000
62 53 9999
62 87 5000
63 84 1
64 40 1
64 78 1
65 96 9999
66 13 5000
66 14 9999
66 56 2
66 79 2
66 84 10000
67 89 1
68 44 5000
68 46 9999
68 47 1
68 67 10000
69 9 10000
69 51 5000
69 66 5000
69 84 10000
69 93 5000
70 29 1
71 49 2
71 90 9999
72 25 1
72 96 5000
73 86 2
74 14 1
74 38 1
75 16 1
76 23 2
76 51 5000
76 82 10000
77 84 5000
77 98 2
78 10 5000
78 12 5000
78 43 2
78 74 1
78 86 10000
78 96 1
79 61 2
80 1 9999
80 32 2
81 45 2
82 48 5000
82 58 5000
82 62 2
83 29 2
83 74 2
84 24 1
84 99 9999
85 39 1
86 10 5000
86 42 5000
86 90 5000
87 24 10000
87 52 5000
87 82 1
87 97 5000
88 48 2
88 56 9999
88 75 5000
88 76 9999
89 25 2
89 76 10000
90 47 1
90 59 5000
90 97 5000
91 42 2
92 25 9999
92 66 10000
92 86 9999
93 48 10000
93 65 1
94 2 5000
94 8 2
94 90 1
95 47 10000
96 32 5000
97 59 10000
98 18 2
98 21 5000
98 90 2
100 261
0 1 2
0 10 5000
0 11 10000
1 2 1
1 11 5000
1 12 1
2 3 5000
2 12 1
2 13 5000
3 4 2
3 13 2
3 14 5000
4 5 10000
4 14 1
4 15 2
5 6 2
5 15 9999
5 16 10000
6 7 5000
6 16 9999
6 17 10000
7 8 5000
7 17 1
7 18 9999
8 9 2
8 18 2
8 19 5000
9 19 5000
10 11 10000
10 20 10000
10 21 2
11 12 1
11 21 2
11 22 9999
12 13 1
12 22 10000
12 23 1
13 14 5000
13 23 9999
13 24 5000
14 15 2
14 24 2
14 25 9999
15 16 9999
15 25 2
15 26 1
16 17 2
16 26 2
16 27 10000
17 18 1
17 27 5000
17 28 2
18 19 5000
18 28 1
18 29 2
19 29 10000
20 21 2
20 30 5000
20 31 2
21 22 9999
21 31 2
21 32 5000
22 23 9999
22 32 5000
22 33 9999
23 24 1
23 33 10000
23 34 9999
24 25 5000
24 34 10000
24 35 1
25 26 1
25 35 9999
25 36 9999
26 27 1
26 36 10000
26 37 1
27 28 2
27 37 9999
27 38 5000
28 29 9999
28 38 1
28 39 1
29 39 10000
30 31 10000
30 40 10000
30 41 1
31 32 1
31 41 2
31 42 9999
32 33 1
32 42 10000
32 43 10000
33 34 1
33 43 9999
33 44 10000
34 35 1
34 44 10000
34 45 9999
35 36 5000
35 45 2
35 46 9999
36 37 10000
36 46 1
36 47 9999
37 38 10000
37 47 5000
37 48 5000
38 39 2
38 48 10000
38 49 1
39 49 5000
40 41 9999
40 50 5000
40 51 10000
41 42 10000
41 51 9999
41 52 5000
42 43 10000
42 52 5000
42 53 5000
43 44 10000
43 53 9999
43 54 5000
44 45 5000
44 54 9999
44 55 2
45 46 5000
45 55 2
45 56 5000
46 47 1
46 56 10000
46 57 5000
47 48 10000
47 57 5000
47 58 9999
48 49 10000
48 58 9999
48 59 5000
49 59 9999
50 51 2
50 60 5000
50 61 9999
51 52 5000
51 61 9999
51 62 10000
52 53 2
52 62 2
52 63 5000
53 54 1
53 63 10000
53 64 9999
54 55 5000
54 64 10000
54 65 10000
55 56 9999
55 65 2
55 66 2
56 57 10000
56 66 10000
56 67 10000
57 58 9999
57 67 2
57 68 10000
58 59 10000
58 68 2
58 69 10000
59 69 5000
60 61 9999
60 70 5000
60 71 5000
61 62 5000
61 71 5000
61 72 5000
62 63 5000
62 72 10000
62 73 10000
63 64 10000
63 73 2
63 74 2
64 65 9999
64 74 9999
64 75 5000
65 66 10000
65 75 9999
65 76 5000
66 67 2
66 76 2
66 77 1
67 68 1
67 77 1
67 78 5000
68 69 9999
68 78 2
68 79 9999
69 79 9999
70 71 1
70 80 10000
70 81 10000
71 72 1
71 81 10000
71 82 5000
72 73 1
72 82 2
72 83 9999
73 74 2
73 83 1
73 84 10000
74 75 9999
74 84 9999
74 85 9999
75 76 2
75 85 10000
75 86 9999
76 77 2
76 86 10000
76 87 5000
77 78 10000
77 87 9999
77 88 2
78 79 10000
78 88 9999
78 89 1
79 89 9999
80 81 5000
80 90 2
80 91 2
81 82 2
81 91 1
81 92 2
82 83 10000
82 92 5000
82 93 1
83 84 5000
83 93 10000
83 94 1
84 85 1
84 94 9999
84 95 9999
85 86 9999
85 95 2
85 96 2
86 87 10000
86 96 1
86 97 2
87 88 9999
87 97 5000
87 98 10000
88 89 10000
88 98 10000
88 99 9999
89 99 2
90 91 2
91 92 10000
92 93 2
93 94 10000
94 95 2
95 96 10000
96 97 9999
97 98 10000
98 99 1
100 300
0 2 9997
0 77 8
0 98 10000
1 9 10000
1 13 2
1 53 8
1 57 5000
2 5 10000
2 35 1
2 71 2
2 82 10000
2 84 1
3 49 10000
3 65 2
3 69 2
3 85 5000
3 88 10000
3 93 10000
4 78 10000
4 81 8
4 98 10000
5 0 5000
5 4 10000
5 24 9999
5 39 1
5 48 8
5 52 8
5 57 8
6 54 9997
6 69 9997
6 74 8
7 19 10000
7 48 9997
7 50 8
7 90 9997
7 91 5000
8 25 5000
8 35 9999
8 39 2
8 63 1
8 77 10000
9 14 9999
9 69 10000
9 84 5000
12 39 8
12 73 2
13 84 10000
13 98 10000
14 12 2
14 44 1
15 38 5000
15 50 9997
16 91 9999
16 93 10000
17 10 9999
17 18 9999
17 34 8
17 52 2
17 85 5000
18 52 10000
18 58 9999
18 82 2
18 95 8
19 24 10000
19 30 8
20 14 1
20 91 1
21 65 8
22 23 9999
22 74 5000
22 83 9997
23 20 9999
23 39 10000
23 68 1
24 27 9997
24 48 9999
25 16 5000
25 69 9997
26 25 5000
27 20 1
27 22 1
27 73 1
27 79 8
28 75 9997
29 26 1
29 74 2
30 35 5000
31 17 9997
31 28 8
32 16 8
32 44 9997
32 98 5000
33 0 9997
33 30 9999
34 6 1
34 20 5000
34 45 10000
34 56 1
35 83 2
35 87 9997
35 95 9999
36 30 8
36 47 8
36 64 9997
37 18 10000
38 10 5000
39 6 5000
39 7 10000
39 43 5000
40 39 5000
40 41 1
41 26 9999
41 62 10000
42 32 8
42 52 1
42 68 9999
42 88 2
43 38 9999
43 47 10000
44 24 8
44 59 9997
44 60 9997
44 88 8
44 89 10000
45 57 9997
45 77 2
46 68 1
46 77 8
47 5 2
47 8 9999
47 12 5000
47 56 5000
47 62 2
47 66 8
47 67 5000
48 13 10000
48 34 2
48 77 9997
48 79 1
49 37 9997
49 45 2
49 60 2
49 66 9997
49 78 1
50 12 5000
50 17 8
51 12 2
51 17 9997
51 48 9999
52 4 9997
52 7 9999
52 19 9999
52 74 1
52 86 1
52 98 8
53 37 9997
53 66 10000
53 79 9999
54 25 5000
54 40 2
54 41 9999
55 23 9997
55 43 1
55 76 8
56 8 2
56 54 9997
56 82 2
57 75 9999
58 26 1
59 22 2
59 58 9999
59 68 5000
59 73 8
59 80 9999
60 50 1
60 82 10000
60 83 5000
61 2 2
61 11 8
61 43 9997
61 47 8
62 79 5000
62 87 5000
62 88 9997
63 16 2
63 49 10000
64 15 1
64 80 1
65 14 10000
65 99 1
66 3 8
66 44 8
66 50 8
66 97 9997
67 28 9999
67 32 1
68 18 9997
68 19 9999
69 0 8
69 4 10000
69 13 5000
69 58 10000
70 52 10000
70 61 5000
71 52 9997
72 0 9999
72 56 2
72 89 9997
73 9 10000
73 16 5000
73 62 9997
74 64 1
75 41 10000
75 61 10000
75 87 5000
76 48 9999
77 47 10000
77 62 8
77 70 9999
78 6 1
78 20 8
78 42 1
78 84 2
79 29 8
79 75 10000
80 55 1
80 77 8
80 95 5000
80 98 1
81 23 2
81 51 9999
81 52 1
81 79 9997
81 90 1
82 25 9997
82 31 9997
82 49 5000
82 52 2
82 59 5000
82 73 2
83 5 9997
83 34 9999
83 44 1
84 4 9999
84 6 9997
84 21 10000
84 36 10000
84 42 2
84 54 1
84 55 5000
85 6 2
85 42 10000
85 43 10000
85 44 10000
85 59 1
85 92 8
86 14 2
86 28 8
86 32 9999
86 49 5000
86 53 8
87 21 10000
88 38 2
88 48 8
89 28 9997
89 37 5000
89 50 1
89 54 10000
89 96 2
89 98 9999
90 35 5000
90 68 2
90 79 8
90 80 5000
90 97 5000
91 6 9997
91 43 2
92 21 9997
92 54 8
92 57 8
93 15 2
93 24 2
94 79 9999
95 4 8
95 14 5000
95 32 9999
96 3 1
96 64 5000
96 68 9997
96 70 8
96 77 1
96 88 2
97 4 8
97 12 9999
97 69 9999
98 59 8
98 70 1
98 90 2
99 48 1
99 51 5000
100 261
0 1 8
0 10 10000
0 11 9999
1 2 9997
1 11 2
1 12 10000
2 3 9999
2 12 1
2 13 1
3 4 1
3 13 9997
3 14 10000
4 5 1
4 14 10000
4 15 2
5 6 9999
5 15 8
5 16 9997
6 7 9999
6 16 2
6 17 9997
7 8 2
7 17 5000
7 18 10000
8 9 10000
8 18 8
8 19 9999
9 19 8
10 11 5000
10 20 5000
10 21 10000
11 12 2
11 21 5000
11 22 8
12 13 1
12 22 8
12 23 8
13 14 9999
13 23 5000
13 24 8
14 15 2
14 24 10000
14 25 2
15 16 2
15 25 5000
15 26 9999
16 17 9997
16 26 2
16 27 8
17 18 8
17 27 9999
17 28 5000
18 19 9997
18 28 1
18 29 5000
19 29 1
20 21 8
20 30 5000
20 31 5000
21 22 2
21 31 1
21 32 5000
22 23 10000
22 32 5000
22 33 9999
23 24 10000
23 33 2
23 34 9999
24 25 9997
24 34 9997
24 35 1
25 26 9997
25 35 1
25 36 10000
26 27 8
26 36 10000
26 37 9999
27 28 10000
27 37 5000
27 38 10000
28 29 8
28 38 1
28 39 5000
29 39 5000
30 31 1
30 40 10000
30 41 9997
31 32 8
31 41 1
31 42 1
32 33 1
32 42 1
32 43 5000
33 34 10000
33 43 5000
33 44 8
34 35 9999
34 44 8
34 45 1
35 36 8
35 45 10000
35 46 1
36 37 5000
36 46 9999
36 47 10000
37 38 10000
37 47 9997
37 48 9999
38 39 5000
38 48 10000
38 49 9999
39 49 10000
40 41 2
40 50 8
40 51 1
41 42 8
41 51 1
41 52 9997
42 43 9997
42 52 1
42 53 9999
43 44 9999
43 53 1
43 54 2
44 45 9999
44 54 10000
44 55 9997
45 46 8
45 55 8
45 56 9997
46 47 5000
46 56 10000
46 57 9997
47 48 2
47 57 9997
47 58 8
48 49 9999
48 58 2
48 59 10000
49 59 8
50 51 5000
50 60 2
50 61 10000
51 52 9997
51 61 9997
51 62 10000
52 53 10000
52 62 9997
52 63 8
53 54 1
53 63 9999
53 64 10000
54 55 2
54 64 9999
54 65 2
55 56 10000
55 65 5000
55 66 8
56 57 10000
56 66 9999
56 67 5000
57 58 5000
57 67 9997
57 68 2
58 59 9999
58 68 2
58 69 1
59 69 9997
60 61 1
60 70 5000
60 71 9999
61 62 5000
61 71 9999
61 72 9999
62 63 1
62 72 8
62 73 9997
63 64 10000
63 73 9999
63 74 5000
64 65 1
64 74 8
64 75 9997
65 66 2
65 75 2
65 76 8
66 67 5000
66 76 9997
66 77 5000
67 68 5000
67 77 2
67 78 8
68 69 2
68 78 9997
68 79 1
69 79 10000
70 71 1
70 80 1
70 81 8
71 72 2
71 81 5000
71 82 1
72 73 9997
72 82 9997
72 83 9999
73 74 5000
73 83 9997
73 84 1
74 75 8
74 84 8
74 85 5000
75 76 1
75 85 9997
75 86 1
76 77 8
76 86 8
76 87 1
77 78 2
77 87 10000
77 88 10000
78 79 9997
78 88 5000
78 89 2
79 89 5000
80 81 10000
80 90 1
80 91 1
81 82 10000
81 91 1
81 92 5000
82 83 2
82 92 9999
82 93 9997
83 84 9997
83 93 8
83 94 8
84 85 10000
84 94 10000
84 95 8
85 86 2
85 95 2
85 96 10000
86 87 8
86 96 9997
86 97 10000
87 88 8
87 97 5000
87 98 1
88 89 1
88 98 1
88 99 10000
89 99 5000
90 91 10000
91 92 10000
92 93 8
93 94 5000
94 95 10000
95 96 5000
96 97 8
97 98 5000
98 99 9997
100 500
0 18 8
0 19 8
0 38 2
0 85 2
1 10 9997
1 19 2
1 37 10000
1 59 1
1 70 3
1 84 3
2 0 2
2 13 2
2 30 5
2 34 9997
2 77 2
2 79 5
2 98 9997
3 37 1
4 18 5
4 23 10000
4 37 9999
4 65 5000
4 73 3
4 90 5000
5 6 5000
5 8 5
5 55 10000
5 64 3
5 82 9999
6 14 8
6 27 5
6 28 9997
6 51 8
6 54 5000
6 72 10000
6 83 3
6 88 9999
6 94 9999
7 50 5000
7 58 1
8 16 10000
8 41 5
8 91 5
9 18 5000
9 29 10000
9 41 5
9 69 1
9 95 8
10 62 9997
10 70 5
10 81 5000
10 85 9999
11 4 5
11 16 10000
11 33 1
11 48 5
11 68 5
11 70 8
12 65 9997
12 66 5
12 90 10000
13 26 3
13 34 9997
13 37 5
13 77 5
13 97 1
14 1 2
14 2 5
14 4 5
14 24 8
14 36 1
14 44 2
14 51 5
15 6 9999
15 50 1
15 59 5
15 68 10000
15 69 9999
16 18 9997
16 62 10000
16 90 1
16 98 9999
17 8 5000
17 21 3
17 40 3
17 63 8
18 1 8
18 24 5000
18 30 8
18 78 5
18 88 5000
19 3 1
19 5 1
19 73 5
19 81 8
19 84 3
19 92 10000
19 93 2
19 95 5000
19 96 9997
20 4 10000
20 9 8
20 18 5
20 34 2
20 65 2
20 79 9997
20 91 9999
21 10 8
21 25 5000
21 30 8
21 37 8
21 42 8
21 80 3
21 96 1
22 2 10000
22 4 1
22 25 3
22 68 2
23 21 2
23 24 1
23 28 1
23 40 10000
23 46 2
23 55 1
24 15 2
24 59 5
25 87 2
26 5 3
26 42 1
26 49 3
26 50 9997
26 76 5000
26 98 2
27 16 1
27 33 3
27 51 9999
27 57 9997
27 81 5000
27 94 8
28 12 8
28 17 2
28 18 2
28 24 3
28 31 5000
28 68 5
29 34 8
29 81 8
30 3 9999
30 20 3
30 38 5
30 40 1
30 55 5000
31 2 9997
31 60 5
31 68 10000
31 75 8
31 90 5000
31 95 8
32 12 5000
32 37 3
32 89 5000
33 4 5000
33 24 9997
33 29 8
33 68 9999
33 79 9997
33 97 8
34 19 2
34 43 8
34 95 2
35 15 8
35 49 5
35 53 9997
35 59 1
35 68 8
36 21 10000
36 34 3
36 39 10000
36 91 8
37 22 9997
37 43 9997
37 48 5000
37 73 3
37 76 9999
37 79 9997
38 41 5
38 49 9997
38 62 9999
38 66 9997
38 82 5
38 97 5
39 13 5000
39 29 9999
40 38 10000
40 46 1
40 57 9999
40 75 9999
40 91 10000
41 11 8
41 34 9999
41 42 10000
41 44 5
41 77 9999
41 91 9999
42 1 5000
42 31 10000
43 6 10000
43 11 5
43 14 1
43 18 9999
43 40 9997
43 45 5
43 53 5
43 70 9999
43 71 5000
43 98 5000
44 25 5000
44 45 3
44 48 10000
44 52 5
44 70 8
44 97 5000
45 11 5000
45 19 9997
45 33 9997
45 46 2
45 55 9999
45 71 8
45 81 1
46 6 9997
46 21 10000
46 61 9999
46 69 2
46 94 9997
47 16 3
47 33 10000
47 35 9999
47 42 8
47 67 3
47 82 1
47 87 8
48 0 9997
48 14 8
48 40 5000
48 53 2
48 69 10000
48 77 5
48 85 8
49 7 5000
49 45 5000
49 56 2
49 81 9997
50 8 2
50 17 5000
50 23 8
50 36 9999
50 58 5
50 90 5000
50 97 9999
50 99 5000
51 2 2
51 56 5000
51 63 10000
51 70 10000
51 71 9997
52 5 1
52 28 3
52 95 2
53 25 3
53 31 1
53 51 1
53 54 1
53 86 10000
53 88 8
54 2 9997
54 9 9999
54 24 5000
54 81 3
55 24 5000
55 58 10000
56 1 1
56 2 10000
56 18 1
56 63 9999
56 68 5000
56 81 5
56 86 9999
56 91 1
57 78 10000
57 95 1
58 20 5
58 23 1
58 34 5
58 66 9997
58 72 10000
58 83 5000
58 99 9999
59 0 3
59 43 3
59 75 9997
59 83 3
60 7 9999
60 24 5000
60 48 5
60 86 5
60 99 1
61 13 9999
61 19 2
61 24 9999
61 35 5
61 52 9999
61 58 3
61 71 2
61 85 3
61 89 9997
62 2 9999
62 14 2
62 39 5
62 57 8
62 61 10000
62 67 10000
62 83 10000
62 86 5000
63 40 5000
63 49 5
63 83 8
63 92 8
63 96 10000
64 38 8
64 94 5
65 16 2
65 23 3
65 71 5000
65 73 3
65 84 2
66 20 2
66 56 2
66 59 8
66 75 10000
66 98 10000
67 45 2
68 18 9997
68 58 9997
68 84 1
68 89 5000
69 10 9997
69 36 9999
69 61 1
69 75 1
70 2 9999
70 15 10000
71 29 9997
71 62 10000
72 5 2
72 66 9999
72 67 10000
72 81 1
73 14 1
73 21 8
73 38 5
73 41 1
73 52 10000
73 63 2
73 64 9999
73 75 8
73 96 10000
74 3 10000
74 14 9997
74 25 10000
74 49 5000
74 58 10000
74 63 8
74 64 9997
74 71 9999
74 72 1
74 86 5
75 33 10000
75 34 2
75 52 5
75 81 2
75 84 8
75 88 9999
75 94 1
76 2 5000
76 3 2
76 21 9999
76 58 10000
76 61 5
76 64 1
76 77 9999
77 58 8
77 74 2
77 94 2
77 96 9997
78 8 8
78 10 9999
78 76 3
78 83 10000
78 94 10000
79 96 10000
80 9 2
80 90 9997
80 92 5
81 3 5
81 4 8
81 17 3
81 35 5000
81 80 1
82 7 2
82 58 3
82 61 5
82 66 9999
82 78 5000
82 86 8
82 90 5000
83 13 5000
83 19 2
83 42 9999
83 55 2
83 60 2
83 68 2
83 94 8
84 21 10000
84 26 5
84 35 5
84 57 5000
84 64 9999
84 78 8
84 92 10000
85 8 5
85 12 3
85 44 9997
85 65 9999
85 81 5000
85 94 9997
86 13 10000
86 21 3
86 24 5
86 36 5
86 71 2
86 73 10000
86 75 9999
87 4 1
87 36 10000
87 37 5
87 43 5000
87 66 10000
88 7 1
88 25 9997
88 29 10000
88 32 2
88 51 2
88 63 5
88 68 10000
89 9 9999
89 28 9997
89 60 3
89 70 5
89 71 5
90 59 1
90 87 10000
91 25 9997
91 30 8
91 80 9997
92 6 3
92 53 8
93 6 1
93 9 1
93 41 5000
93 44 9997
93 56 9999
93 67 3
93 68 9999
93 75 9999
93 87 9997
93 88 10000
93 89 5000
94 13 2
94 25 5
94 60 9999
94 74 5000
95 24 9999
95 30 9999
96 39 9997
96 42 9999
96 91 9997
97 1 1
97 21 3
97 31 8
97 52 5000
97 61 5000
97 68 1
97 74 9999
97 94 5
98 17 2
98 38 1
98 81 10000
99 53 2
99 65 8
99 76 10000
100 261
0 1 5000
0 10 9997
0 11 5
1 2 5000
1 11 5000
1 12 9999
2 3 3
2 12 9999
2 13 2
3 4 9999
3 13 5
3 14 9997
4 5 5
4 14 5
4 15 9999
5 6 5000
5 15 5000
5 16 2
6 7 3
6 16 5
6 17 1
7 8 3
7 17 2
7 18 10000
8 9 10000
8 18 8
8 19 3
9 19 8
10 11 9997
10 20 5000
10 21 3
11 12 1
11 21 1
11 22 8
12 13 9999
12 22 10000
12 23 3
13 14 2
13 23 9997
13 24 5
14 15 10000
14 24 10000
14 25 10000
15 16 2
15 25 5
15 26 5000
16 17 9999
16 26 10000
16 27 9999
17 18 10000
17 27 2
17 28 9999
18 19 3
18 28 10000
18 29 8
19 29 3
20 21 10000
20 30 9999
20 31 3
21 22 5
21 31 3
21 32 9997
22 23 5
22 32 3
22 33 9999
23 24 1
23 33 1
23 34 2
24 25 5
24 34 5000
24 35 5
25 26 2
25 35 5000
25 36 5
26 27 1
26 36 5000
26 37 9999
27 28 5000
27 37 8
27 38 8
28 29 8
28 38 3
28 39 2
29 39 5000
30 31 9997
30 40 10000
30 41 3
31 32 3
31 41 9997
31 42 9997
32 33 8
32 42 2
32 43 10000
33 34 5000
33 43 5
33 44 9999
34 35 10000
34 44 3
34 45 5000
35 36 10000
35 45 1
35 46 2
36 37 9999
36 46 10000
36 47 2
37 38 5000
37 47 5000
37 48 5000
38 39 8
38 48 2
38 49 1
39 49 9999
40 41 5
40 50 9997
40 51 8
41 42 5000
41 51 9997
41 52 9999
42 43 1
42 52 1
42 53 5
43 44 9997
43 53 2
43 54 5
44 45 1
44 54 5
44 55 1
45 46 1
45 55 8
45 56 9999
46 47 10000
46 56 5000
46 57 5000
47 48 5000
47 57 8
47 58 9997
48 49 5
48 58 1
48 59 5
49 59 9999
50 51 8
50 60 5000
50 61 5
51 52 9997
51 61 1
51 62 8
52 53 3
52 62 9997
52 63 3
53 54 3
53 63 9997
53 64 5000
54 55 2
54 64 9997
54 65 5000
55 56 2
55 65 5000
55 66 10000
56 57 10000
56 66 5
56 67 9997
57 58 10000
57 67 9999
57 68 2
58 59 8
58 68 3
58 69 5000
59 69 9999
60 61 2
60 70 8
60 71 3
61 62 3
61 71 2
61 72 9997
62 63 9999
62 72 5
62 73 1
63 64 5
63 73 9997
63 74 3
64 65 3
64 74 5
64 75 10000
65 66 5
65 75 5000
65 76 5000
66 67 5
66 76 5
66 77 3
67 68 5
67 77 3
67 78 9999
68 69 5
68 78 5
68 79 5000
69 79 8
70 71 3
70 80 1
70 81 9997
71 72 5
71 81 9997
71 82 2
72 73 3
72 82 8
72 83 8
73 74 5
73 83 8
73 84 8
74 75 5
74 84 1
74 85 5000
75 76 5000
75 85 8
75 86 9997
76 77 2
76 86 10000
76 87 1
77 78 3
77 87 5
77 88 3
78 79 8
78 88 9997
78 89 1
79 89 5000
80 81 10000
80 90 2
80 91 10000
81 82 1
81 91 5
81 92 3
82 83 1
82 92 5000
82 93 3
83 84 9997
83 93 1
83 94 10000
84 85 5000
84 94 5000
84 95 1
85 86 9999
85 95 10000
85 96 10000
86 87 3
86 96 5
86 97 9997
87 88 1
87 97 2
87 98 8
88 89 3
88 98 5
88 99 10000
89 99 9999
90 91 10000
91 92 5000
92 93 9997
93 94 9999
94 95 5000
95 96 8
96 97 9999
97 98 9999
98 99 9999
100 1000
0 10 9997
0 25 9997
0 29 8
0 38 5000
0 40 9999
0 43 10000
0 46 10000
0 70 5000
0 98 2
1 5 9997
1 18 9997
1 28 2
1 33 5
1 55 9998
1 67 10000
2 6 1
2 8 9999
2 13 1
2 25 3
2 39 5000
2 42 3
2 74 8
2 85 2
2 88 9998
2 89 8
2 97 10000
3 4 9997
3 25 9998
3 35 2
3 49 2
3 55 9997
3 68 10000
3 74 9997
3 76 8
4 9 9997
4 11 9997
4 21 8
4 48 5000
4 54 8
4 59 2
4 88 8
5 3 3
5 9 8
5 10 9998
5 13 3
5 20 1
5 22 8
5 32 9999
5 44 2
5 45 5
5 56 1
5 63 5
5 65 8
5 66 5000
5 77 9997
5 95 1
6 7 9998
6 14 9999
6 16 8
6 18 1
6 22 9998
6 27 8
6 29 8
6 37 9998
6 48 5000
6 51 9997
6 54 5000
6 80 9997
6 97 5
7 4 10000
7 8 9998
7 19 9997
7 23 8
7 41 9998
7 48 5
7 54 10000
7 62 5000
7 65 8
7 67 5
7 68 9999
7 78 10000
7 99 5
8 0 9998
8 3 9998
8 10 1
8 14 3
8 40 5000
8 79 9998
8 86 2
8 98 2
9 1 5000
9 18 5000
9 28 3
9 33 9999
9 54 9998
9 63 1
9 71 2
9 76 9997
9 90 5000
9 91 5000
9 95 1
10 55 5000
10 56 5
10 73 8
11 8 9998
11 9 3
11 14 10000
11 18 3
11 27 9999
11 28 9998
11 39 5
11 40 8
11 43 5000
11 44 9998
11 61 9999
11 64 5000
11 68 9997
11 71 8
11 86 9999
12 15 8
12 20 9999
12 24 5000
12 27 9999
12 39 10000
12 41 8
12 46 1
12 50 8
12 51 9999
12 94 2
12 96 9998
13 11 3
13 12 5000
13 34 2
13 43 9997
13 55 9998
13 77 10000
14 2 5000
14 5 5000
14 7 8
14 31 2
14 54 8
14 71 1
14 89 2
14 96 9998
15 9 9997
15 22 9998
15 24 10000
15 26 2
15 60 3
15 78 8
15 79 10000
15 85 3
16 8 10000
16 33 10000
16 37 9997
16 42 8
16 57 5000
16 60 9999
16 73 1
16 83 9999
16 98 5
17 23 3
17 27 9999
17 32 8
17 36 9999
17 44 5
17 62 9997
17 66 1
17 96 5000
18 14 9998
18 28 9997
18 30 3
18 36 8
18 52 1
18 54 9998
18 62 3
18 64 9998
18 86 3
19 2 10000
19 10 1
19 14 9998
19 25 10000
19 29 2
19 30 9998
19 69 1
19 73 2
19 89 1
20 14 8
20 24 2
20 32 8
20 36 2
20 46 5000
20 60 10000
20 84 9999
21 16 9998
21 28 9997
21 41 9997
21 52 10000
21 56 1
21 57 9998
21 71 1
21 93 9997
22 4 9998
22 25 8
22 27 9998
22 28 10000
22 30 8
22 37 2
22 44 5000
22 55 2
22 59 3
22 62 5
22 69 2
22 71 9998
22 77 2
22 85 3
22 86 9997
22 92 2
23 9 10000
23 21 9999
23 56 10000
23 64 10000
23 70 5
23 81 9997
23 83 2
23 84 8
24 9 9999
24 21 5000
24 28 3
24 31 10000
24 45 1
24 50 9998
24 54 2
24 60 3
24 66 9997
24 67 9997
24 71 9997
24 95 2
25 5 9999
25 10 8
25 21 10000
25 24 2
25 38 8
25 39 5000
25 51 1
25 57 5000
25 76 9999
25 79 5
25 82 10000
26 4 5
26 11 1
26 19 5000
26 22 1
26 45 10000
26 47 8
26 49 9999
26 70 5000
26 71 9998
26 76 3
26 96 9998
27 5 2
27 7 9999
27 8 9999
27 10 5
27 14 5
27 21 9997
27 24 8
27 47 9998
27 67 9998
27 78 8
27 88 8
27 89 10000
27 90 9998
27 93 5000
27 96 5000
28 8 9999
28 10 5
28 12 5
28 16 9999
28 27 10000
28 35 3
28 39 9997
28 42 9999
28 45 10000
28 47 5000
28 48 8
28 57 2
28 58 5
28 59 10000
28 65 10000
28 68 5000
28 69 9999
28 79 9997
29 9 9999
29 14 9998
29 23 8
29 38 9998
29 44 1
29 45 10000
29 65 9998
29 69 5000
29 79 2
29 91 8
30 13 9999
30 16 5
30 23 9999
30 38 9999
30 46 9998
30 61 10000
30 70 9999
30 72 5000
30 76 3
30 77 1
31 3 2
31 6 9997
31 11 5000
31 12 10000
31 32 9999
31 34 3
31 49 9999
31 50 8
31 65 9998
31 68 9999
31 70 9998
31 83 10000
31 87 5000
32 2 9997
32 8 9998
32 19 3
32 22 8
32 24 3
32 48 3
32 61 9999
32 71 5
32 77 9998
32 89 9998
33 10 5000
33 51 9998
33 68 10000
33 80 8
33 82 10000
33 88 2
33 96 5
34 1 1
34 4 9997
34 7 1
34 17 9999
34 22 5000
34 26 3
34 37 2
34 49 1
35 4 9998
35 18 1
35 30 10000
35 48 3
35 51 8
35 53 9999
35 57 1
35 65 8
35 84 1
35 88 9997
36 19 3
36 37 9999
36 41 5000
36 43 1
36 83 10000
36 86 5000
36 90 10000
36 95 9998
36 97 1
37 13 5
37 14 2
37 17 2
37 20 8
37 62 1
37 71 9998
37 80 9997
38 35 2
38 37 5000
38 46 10000
38 49 10000
38 56 1
38 57 3
38 58 10000
38 68 9999
38 74 1
38 82 5000
39 7 3
39 17 2
39 29 2
39 40 9999
39 45 9998
39 48 10000
39 53 3
39 72 3
39 93 8
39 94 9999
39 95 9997
39 96 9997
39 99 9998
40 21 9998
40 22 10000
40 68 8
41 5 10000
41 11 9999
41 15 5
41 48 3
41 50 1
41 62 8
41 72 9997
41 89 9999
41 97 5000
42 13 3
42 23 3
42 27 3
42 32 1
42 41 3
42 47 3
42 68 8
42 72 5
42 73 10000
42 84 9997
42 94 3
43 1 3
43 3 1
43 14 2
43 16 5000
43 25 5
43 44 10000
43 54 10000
43 63 5
44 3 5000
44 9 8
44 36 1
44 52 3
44 60 9999
44 72 1
44 81 2
44 93 5000
45 4 8
45 9 2
45 17 5000
45 23 9998
45 25 5000
45 40 2
45 58 2
45 61 9999
45 67 2
45 69 1
45 72 10000
46 5 2
46 8 9999
46 36 3
46 68 9999
46 74 9997
46 78 3
47 5 9999
47 17 3
47 29 9997
47 30 5
47 38 9997
47 49 9999
47 56 9999
47 59 5000
47 93 9999
47 95 5
48 1 5
48 2 3
48 17 8
48 20 8
48 23 5000
48 36 1
48 47 5
48 52 9999
48 78 9997
49 6 5
49 9 9999
49 12 5000
49 16 5
49 17 8
49 20 9997
49 35 2
49 36 9999
49 41 10000
49 64 9997
49 76 9997
49 78 1
49 83 10000
49 84 9999
49 86 8
49 91 9997
49 93 8
50 7 9997
50 16 9997
50 25 10000
50 30 9997
50 45 9999
50 48 3
50 53 5
50 58 2
50 63 3
50 79 9998
51 0 10000
51 11 9999
51 28 5
51 54 2
51 55 9999
51 58 9997
51 78 10000
51 91 5
51 96 9997
52 3 2
52 9 1
52 14 5000
52 15 3
52 26 8
52 56 9999
52 60 1
52 67 5000
52 70 8
53 2 5000
53 8 9998
53 17 1
53 63 9999
53 66 8
53 67 3
53 77 2
54 16 8
54 25 5000
54 29 5
54 31 9999
54 33 9998
54 36 2
54 37 5
54 44 5
54 78 1
54 81 2
54 99 5
55 12 2
55 14 8
55 17 5000
55 18 3
55 19 9999
55 20 8
55 48 3
55 80 2
55 84 8
55 91 9997
55 95 8
55 99 3
56 22 1
56 36 9997
56 46 3
56 55 1
56 71 2
56 77 2
56 81 9997
56 93 1
57 6 1
57 22 3
57 61 1
57 72 8
57 77 8
57 87 5000
58 1 2
58 20 8
58 22 8
58 31 2
58 32 9999
58 34 10000
58 42 5000
58 46 9997
58 61 9998
58 86 5000
58 93 9997
58 98 10000
59 10 8
59 15 5000
59 56 9998
59 57 5
59 62 2
59 66 3
59 77 5000
59 90 10000
59 91 9998
59 96 10000
59 99 10000
60 26 3
60 35 5000
60 38 5000
60 46 3
60 47 9998
60 50 3
60 54 5000
60 58 9997
60 75 9997
60 81 8
60 84 5
60 95 9998
61 0 10000
61 4 1
61 7 1
61 10 10000
61 14 8
61 15 2
61 24 5
61 27 9998
61 31 9998
61 37 1
61 47 5000
61 55 9998
61 63 9997
61 76 9998
61 98 9997
62 0 9998
62 2 9998
62 6 5
62 16 2
62 21 9999
62 40 9999
62 65 10000
62 67 5
62 74 9997
62 86 8
63 3 2
63 4 3
63 21 9999
63 25 1
63 27 10000
63 37 8
63 40 5
63 56 5000
63 71 8
63 76 5
64 1 9999
64 15 1
64 25 5
64 32 2
64 44 5000
64 47 9998
64 78 10000
64 80 5000
64 96 2
65 2 1
65 13 1
65 32 2
65 37 10000
65 48 9997
65 71 5
65 72 5000
65 74 5000
65 81 2
66 8 9998
66 12 1
66 23 8
66 34 5000
66 35 2
66 36 10000
66 39 9998
66 43 10000
66 69 10000
66 84 9998
66 85 5000
67 16 9998
67 18 1
67 25 8
67 32 2
67 54 3
67 55 8
67 72 1
67 74 3
68 4 5
68 17 9997
68 59 9997
68 60 9999
68 76 5000
69 1 3
69 3 8
69 6 9998
69 9 9999
69 54 3
69 60 1
69 62 9999
69 67 9998
69 72 5000
69 73 5
69 75 1
69 87 1
69 89 10000
69 93 9997
69 97 2
70 9 9999
70 21 1
70 34 10000
70 49 5000
70 57 2
70 60 8
70 82 9998
70 90 5
70 95 9998
71 0 9999
71 6 3
71 16 5000
71 23 9997
71 44 10000
71 45 1
71 60 9999
71 66 2
71 77 2
71 80 9999
71 85 5
71 92 9997
71 93 9997
72 7 5000
72 14 3
72 25 1
72 51 9999
72 66 2
72 84 1
72 86 9997
72 96 5000
72 97 10000
73 0 3
73 9 10000
73 12 5000
73 20 9997
73 29 5
73 49 9998
73 50 3
73 60 5000
73 71 9999
73 74 10000
73 77 5000
73 79 9998
73 88 10000
74 10 8
74 24 8
74 39 10000
74 42 3
74 48 2
74 54 9997
75 3 9998
75 4 2
75 7 8
75 10 9998
75 17 10000
75 21 2
75 29 2
75 74 3
76 6 9999
76 16 5000
76 23 8
76 29 3
76 37 5
76 43 5000
76 45 1
76 50 9999
76 57 9998
76 91 2
76 92 9998
77 25 5
77 34 8
77 44 5000
77 48 9999
77 49 9999
77 55 2
77 65 9999
77 91 1
78 0 9997
78 4 9998
78 44 9997
78 57 8
78 61 2
78 66 5
78 68 9999
78 76 5
78 84 5
78 88 3
78 97 5000
79 6 2
79 14 1
79 30 1
79 40 9998
79 49 5
79 72 8
79 77 10000
80 29 5
80 42 9998
80 53 9998
80 61 8
80 65 5000
80 90 5000
80 93 3
80 95 2
81 43 10000
81 58 1
81 61 9998
81 63 9997
81 73 1
81 76 9998
81 85 3
81 97 9999
82 0 3
82 8 8
82 14 5
82 26 2
82 27 5000
82 57 9999
82 78 8
82 85 3
83 6 5000
83 8 2
83 29 9998
83 34 9998
83 46 5
83 48 5000
83 59 9999
83 61 2
83 74 9997
83 77 5
83 84 3
83 91 5
83 96 9998
84 5 2
84 8 5
84 14 10000
84 22 9998
84 26 2
84 36 5000
84 38 9997
84 75 3
84 97 10000
85 0 10000
85 6 10000
85 18 2
85 20 5000
85 33 5000
85 34 8
85 46 10000
85 48 10000
85 61 9998
85 72 2
85 73 2
85 87 3
86 5 9999
86 6 9998
86 7 9998
86 10 5
86 26 10000
86 35 5
86 41 10000
86 57 8
86 67 1
86 69 2
86 85 5
86 88 5000
86 97 8
87 5 3
87 19 10000
87 21 3
87 24 1
87 30 3
87 56 3
87 58 9997
87 59 10000
87 95 5
88 23 9999
88 25 5000
88 31 1
88 39 1
88 41 9998
88 42 9998
88 43 2
88 46 8
88 54 5
88 56 3
88 68 9999
88 71 9998
88 81 2
88 89 5
88 94 9999
89 4 9999
89 16 1
89 33 9999
89 34 2
89 75 10000
90 25 5
90 46 2
90 48 5
90 64 8
90 74 5000
90 83 5
90 84 1
90 85 2
90 92 1
90 93 1
91 0 10000
91 4 3
91 14 5
91 18 1
91 24 2
91 36 2
91 47 8
91 61 9999
91 65 1
91 73 8
91 79 2
91 85 5
91 90 5000
91 99 9998
92 6 9999
92 12 5
92 21 9997
92 23 9998
92 44 2
92 45 9999
92 47 9997
92 48 3
92 51 1
92 63 8
92 79 5000
92 91 9999
92 94 5000
93 10 5000
93 11 5
93 14 10000
93 20 2
93 51 9998
93 61 9999
93 63 10000
93 70 9998
93 74 10000
93 81 2
93 98 9998
94 5 1
94 9 2
94 15 9997
94 19 2
94 27 10000
94 33 9999
94 41 9998
94 51 9998
94 52 8
94 78 2
94 80 10000
94 91 10000
95 0 9997
95 14 5000
95 43 2
95 53 9997
95 54 10000
95 82 9998
95 93 9997
95 96 8
96 3 2
96 15 5000
96 19 5
96 30 3
96 46 9998
96 50 5000
96 60 2
96 65 8
96 75 1
96 80 5
96 84 1
96 91 5
96 92 8
96 93 1
97 1 9999
97 10 8
97 12 9998
97 14 9999
97 26 9998
97 33 5000
97 37 2
97 48 9997
97 74 5000
97 85 10000
98 6 9998
98 14 5
98 29 5000
98 36 9999
98 57 1
98 66 8
98 67 9997
98 71 5000
98 78 9999
98 81 5000
98 84 5000
98 89 5
99 4 5000
99 8 5
99 14 10000
99 18 5
99 19 9999
99 25 9997
99 35 8
99 53 8
99 85 8
99 94 9998
100 261
0 1 2
0 10 9997
0 11 9998
1 2 5
1 11 9998
1 12 8
2 3 5
2 12 9998
2 13 1
3 4 10000
3 13 1
3 14 9999
4 5 1
4 14 5000
4 15 2
5 6 10000
5 15 10000
5 16 5
6 7 2
6 16 5000
6 17 9999
7 8 9998
7 17 8
7 18 5
8 9 1
8 18 2
8 19 8
9 19 9999
10 11 3
10 20 5000
10 21 5
11 12 2
11 21 9998
11 22 9998
12 13 2
12 22 5
12 23 3
13 14 9998
13 23 3
13 24 5
14 15 10000
14 24 5
14 25 2
15 16 10000
15 25 5000
15 26 9997
16 17 5000
16 26 8
16 27 9999
17 18 5
17 27 9999
17 28 5
18 19 9998
18 28 9998
18 29 5
19 29 2
20 21 8
20 30 9997
20 31 2
21 22 9997
21 31 2
21 32 2
22 23 5
22 32 1
22 33 1
23 24 1
23 33 9998
23 34 3
24 25 2
24 34 5
24 35 3
25 26 9999
25 35 5
25 36 9998
26 27 3
26 36 10000
26 37 5000
27 28 5000
27 37 2
27 38 9998
28 29 5000
28 38 5000
28 39 9998
29 39 9999
30 31 9998
30 40 9997
30 41 9997
31 32 9997
31 41 10000
31 42 8
32 33 10000
32 42 9999
32 43 9998
33 34 2
33 43 9999
33 44 2
34 35 9999
34 44 5000
34 45 2
35 36 5000
35 45 9997
35 46 5
36 37 5
36 46 9997
36 47 3
37 38 3
37 47 5
37 48 9999
38 39 9999
38 48 2
38 49 5000
39 49 3
40 41 9997
40 50 2
40 51 3
41 42 5000
41 51 8
41 52 10000
42 43 2
42 52 1
42 53 2
43 44 8
43 53 9999
43 54 10000
44 45 3
44 54 5
44 55 5000
45 46 1
45 55 9997
45 56 9997
46 47 5000
46 56 1
46 57 9999
47 48 5000
47 57 9997
47 58 9999
48 49 5000
48 58 9997
48 59 5
49 59 3
50 51 9997
50 60 3
50 61 5
51 52 1
51 61 5
51 62 3
52 53 3
52 62 8
52 63 10000
53 54 1
53 63 8
53 64 9999
54 55 8
54 64 2
54 65 9997
55 56 9997
55 65 2
55 66 2
56 57 9997
56 66 8
56 67 8
57 58 10000
57 67 8
57 68 10000
58 59 5
58 68 5000
58 69 3
59 69 10000
60 61 3
60 70 1
60 71 2
61 62 10000
61 71 9998
61 72 1
62 63 9997
62 72 3
62 73 9998
63 64 5000
63 73 9997
63 74 2
64 65 8
64 74 9999
64 75 8
65 66 9999
65 75 5000
65 76 10000
66 67 1
66 76 3
66 77 9997
67 68 5
67 77 5000
67 78 10000
68 69 1
68 78 10000
68 79 8
69 79 5
70 71 9997
70 80 2
70 81 5
71 72 10000
71 81 9999
71 82 1
72 73 9997
72 82 10000
72 83 10000
73 74 10000
73 83 2
73 84 2
74 75 8
74 84 8
74 85 9999
75 76 5000
75 85 9998
75 86 9998
76 77 9998
76 86 9997
76 87 9999
77 78 1
77 87 10000
77 88 9998
78 79 5
78 88 5
78 89 9999
79 89 5
80 81 2
80 90 5
80 91 2
81 82 8
81 91 2
81 92 9998
82 83 5
82 92 8
82 93 9998
83 84 9997
83 93 5
83 94 9999
84 85 9998
84 94 2
84 95 9997
85 86 3
85 95 9998
85 96 1
86 87 10000
86 96 1
86 97 2
87 88 2
87 97 9997
87 98 3
88 89 9999
88 98 1
88 99 8
89 99 2
90 91 2
91 92 5
92 93 2
93 94 5000
94 95 2
95 96 1
96 97 1
97 98 2
98 99 9999
100 99
0 1 9998
1 2 9998
2 3 10000
3 4 9998
4 5 10000
5 6 10000
6 7 9999
7 8 9997
8 9 9998
9 10 9997
10 11 9997
11 12 9997
12 13 9997
13 14 9998
14 15 10000
15 16 9998
16 17 9997
17 18 9997
18 19 9998
19 20 9999
20 21 9997
21 22 9999
22 23 10000
23 24 9998
24 25 9997
25 26 10000
26 27 9999
27 28 9999
28 29 9998
29 30 10000
30 31 9998
31 32 9999
32 33 9997
33 34 9998
34 35 9997
35 36 9997
36 37 9997
37 38 10000
38 39 9998
39 40 9999
40 41 9997
41 42 9999
42 43 10000
43 44 9998
44 45 9997
45 46 10000
46 47 9999
47 48 9997
48 49 10000
49 50 9997
50 51 10000
51 52 9997
52 53 10000
53 54 9999
54 55 9999
55 56 9997
56 57 9999
57 58 9997
58 59 10000
59 60 10000
60 61 9997
61 62 9997
62 63 9999
63 64 9998
64 65 9999
65 66 10000
66 67 9999
67 68 10000
68 69 10000
69 70 9997
70 71 9999
71 72 10000
72 73 10000
73 74 9998
74 75 9998
75 76 10000
76 77 9998
77 78 9997
78 79 9997
79 80 9998
80 81 9998
81 82 9997
82 83 9998
83 84 9997
84 85 10000
85 86 9997
86 87 9998
87 88 9998
88 89 9998
89 90 9997
90 91 9998
91 92 9998
92 93 9998
93 94 9997
94 95 10000
95 96 9997
96 97 9997
97 98 9998
98 99 10000
