22 10
642 112 625 302 306 622 639 275 760 388 779 223 593 114 914 847 654 293 246 228 938 507
61
-10 -87
-45 -83
-60 -78
-87 -64
-95 -59
-45 -75
-90 -59
-72 -39
-61 -41
-99 7
-100 9
-40 -50
-95 59
-65 28
-72 45
-66 36
-57 29
-64 49
-55 32
-33 -26
-31 -31
-64 71
-69 87
-56 80
-34 53
-31 60
-11 -16
-8 107
2 51
5 75
34 104
11 -13
26 37
1 -50
32 53
26 18
30 16
25 1
22 -9
60 68
63 63
17 -34
72 67
-6 -80
56 26
8 -57
67 41
58 16
91 42
97 48
15 -56
49 -22
85 11
37 -41
92 8
93 -7
109 -3
52 -48
94 -36
103 -40
88 -68
83
-115 -755
-274 -711
-372 -520
-748 -158
-440 -437
-462 -401
-687 -84
-576 -214
-620 -109
-448 -315
-508 -149
-697 204
-421 -234
-350 -354
-625 195
-556 118
-649 304
-434 -55
-460 91
-214 -499
-247 -378
-427 352
-459 563
-259 -122
-287 63
-267 80
-275 147
-289 461
-227 316
-254 655
-159 279
-143 -29
-118 -204
-73 755
-88 0
-48 747
-71 -208
-6 231
58 385
140 638
130 537
161 623
29 -151
33 -193
-29 -453
225 360
92 -94
359 669
166 -32
402 566
300 293
353 411
349 395
91 -254
419 473
425 387
523 575
332 125
469 374
417 226
182 -244
196 -266
395 43
241 -211
259 -190
365 -49
470 2
714 289
680 188
475 -65
351 -250
462 -178
156 -501
534 -161
592 -110
431 -263
760 -171
146 -603
487 -504
325 -605
204 -680
218 -739
76 -751
89
-139 -815
-701 -447
-544 -547
-666 -374
-763 -208
-357 -592
-815 11
-461 -416
-761 42
-493 -318
-492 -256
-584 1
-202 -677
-445 -45
-620 472
-608 538
-369 -108
-461 194
-437 229
-238 -463
-355 -34
-533 641
-529 658
-324 -104
-367 179
-353 131
-236 -364
-357 379
-255 -48
-242 47
-229 62
-215 607
-165 -294
-208 608
-206 588
-182 515
-170 552
-117 -266
-108 -238
-36 596
-17 805
1 828
-11 644
-76 -103
-3 576
57 843
61 581
152 730
93 262
127 416
196 732
193 667
251 807
37 -100
122 225
282 567
365 715
360 684
-28 -521
417 507
402 346
138 -235
53 -448
113 -344
513 380
554 351
224 -299
492 26
233 -340
586 79
340 -229
60 -572
450 -169
656 17
392 -285
413 -292
673 -83
510 -247
313 -422
407 -341
180 -546
792 -91
677 -182
831 -88
708 -210
767 -174
348 -478
340 -617
287 -717
68
-197 -616
-478 -430
-491 -330
-638 2
-306 -434
-452 -187
-443 -172
-529 11
-596 233
-513 58
-537 160
-494 301
-446 192
-485 332
-414 264
-396 238
-398 321
-404 393
-342 140
-354 364
-332 257
-259 115
-242 259
-195 539
-181 -279
-126 625
-155 -39
-171 -285
-120 -15
-51 282
-60 140
39 611
49 640
-127 -284
-80 -123
42 256
51 220
29 86
129 383
199 542
-132 -436
51 31
-132 -450
181 333
75 44
-79 -337
322 541
-99 -412
280 314
390 471
149 -52
75 -184
234 57
86 -207
403 223
315 -36
-7 -413
-178 -598
407 -86
138 -362
18 -460
562 -101
505 -151
376 -304
121 -474
408 -384
362 -448
147 -552
72
-142 -345
-328 -205
-342 -108
-359 -41
-182 -284
-241 -111
-253 -64
-266 146
-225 36
-161 -211
-169 29
-160 -61
-173 332
-162 123
-118 350
-117 189
-120 61
-117 -76
-62 369
-53 292
-106 -103
-131 -278
-40 159
-15 271
-133 -302
-15 199
27 372
5 260
-101 -216
-1 91
15 108
75 273
100 301
114 315
30 40
185 299
79 41
187 200
220 209
1 -132
18 -108
220 152
162 66
25 -136
304 211
245 95
268 109
257 89
57 -136
334 118
182 -31
294 72
132 -86
337 54
83 -160
84 -162
326 15
339 24
242 -89
-2 -259
-59 -298
334 -88
140 -193
140 -227
134 -238
207 -214
326 -172
144 -245
291 -223
203 -279
106 -320
145 -342
61
183 -562
-369 -495
-129 -514
-173 -507
-276 -488
34 -526
-466 -273
-534 -177
-472 -173
30 -457
-411 -115
-446 -78
-559 167
-361 18
-301 41
-499 326
-200 -29
-383 239
127 -479
-278 163
-122 -71
-36 -162
-283 394
-298 445
-217 276
-108 72
-161 213
-92 139
-201 458
-215 536
128 -410
0 -2
-159 537
99 -291
18 80
-86 604
-13 296
-19 391
-60 589
43 105
78 10
-10 599
102 -40
181 -452
187 319
218 528
216 195
289 297
304 361
214 -421
309 2
481 206
454 93
452 76
440 -185
530 -69
557 -58
507 -198
429 -294
335 -404
305 -478
67
-196 -906
-258 -888
-749 -420
-631 -463
-297 -798
-861 -160
-905 -25
-877 164
-511 -363
-415 -455
-289 -454
-355 50
-448 669
-332 9
-300 369
-251 796
-198 334
-193 491
-166 113
-121 864
-158 -113
-125 260
-165 -410
-101 545
-119 -111
-37 706
-101 0
38 586
-23 103
-118 -491
-130 -579
153 650
126 266
118 163
358 856
437 814
198 88
465 735
291 283
178 -12
464 610
300 127
534 483
-26 -643
679 372
483 85
317 -191
546 98
697 278
584 82
602 82
382 -239
527 -89
474 -179
698 62
48 -646
922 162
660 -122
146 -650
524 -409
719 -351
465 -521
27 -786
641 -474
278 -830
422 -817
246 -888
75
16 -287
-273 -6
-146 -128
-287 17
-208 -56
-206 -56
-126 -132
-258 33
-151 -83
-185 -32
-152 -41
-237 135
-162 29
-112 -59
-187 110
-102 -44
-187 150
-189 179
-68 -92
-189 204
-46 -127
-19 -191
-136 142
-82 5
-106 98
-28 -144
-60 -38
-100 227
-80 210
-49 70
-19 -85
-66 285
-41 159
-42 174
-28 121
-18 57
-29 288
-23 278
-11 181
-13 263
-3 103
5 20
-1 251
43 261
25 -120
38 86
37 45
61 222
60 189
91 235
51 -99
87 71
101 138
132 168
124 133
114 64
124 54
130 71
182 194
128 7
80 -122
178 110
140 13
115 -85
223 102
82 -163
237 58
137 -137
105 -181
293 -41
204 -122
191 -136
105 -213
152 -175
118 -234
6
99 -252
31 -245
-260 -206
-150 295
-79 412
214 387
10
111 -516
81 -502
-406 -118
-90 -74
-255 374
-111 266
46 -15
176 204
317 231
258 -118
