54 14
315 910 897 374 481 649 926 817 917 189 861 352 600 258 275 872 668 759 705 176 405 588 156 587 313 861 291 494 762 981 896 374 286 792 648 667 440 871 780 654 356 937 302 856 194 477 728 159 235 729 235 540 614 588
26
-237 -683
-565 -233
-717 -7
-492 -317
-524 616
-308 -198
-292 -294
-234 -167
-194 -166
-93 380
33 766
100 350
48 97
364 633
309 230
291 189
435 396
504 421
299 107
241 21
510 375
702 404
388 3
479 -132
298 -336
334 -423
48
13 -335
-80 -306
-83 -300
-207 -254
-195 -200
-190 -201
-234 -155
-267 -102
-208 -108
-190 -118
-187 -109
-338 72
-259 -9
-10 -301
-207 18
-276 161
-129 -85
-226 99
-213 100
-126 34
-176 208
-143 133
-91 190
-51 -1
-32 110
-21 60
-32 252
31 91
88 286
44 -161
166 301
92 -25
146 144
144 130
136 84
178 212
45 -231
239 241
166 52
40 -269
98 -134
255 215
313 145
220 -53
104 -220
162 -197
189 -194
336 -92
39
8 -760
-655 -426
-379 -513
-706 -198
-869 -68
-391 -384
-380 -353
-294 -418
-576 -34
-681 388
-392 28
-551 421
-490 526
-416 435
-56 -569
-382 749
-72 -428
-220 514
-231 720
-92 116
-110 567
-125 827
-13 281
19 744
37 346
85 751
151 704
364 359
343 271
138 -408
458 272
683 473
242 -410
643 0
470 -221
749 96
464 -446
482 -523
606 -481
12
89 -428
-209 -385
-306 -188
-216 -176
-269 6
31 -346
31 -297
-51 26
105 -111
269 211
345 49
348 -107
25
130 -300
-90 -297
-161 -289
-122 -267
-251 -144
-355 -101
-143 -102
-225 -40
-143 -50
-326 122
-193 9
-212 154
-166 200
-168 229
-99 130
-138 273
-21 63
-6 235
145 5
167 -103
276 163
279 123
256 1
326 -122
217 -238
40
310 -793
-377 -483
-80 -544
-513 -254
76 -636
-349 -340
-785 -31
-148 -413
-777 195
-45 -375
-673 390
-379 59
-689 483
-565 366
-452 282
-280 54
54 -405
88 -351
-150 498
96 -173
-152 574
-34 836
79 461
76 885
192 808
256 363
256 604
268 405
337 388
372 494
593 309
606 340
469 -471
596 -221
662 -239
486 -615
802 -346
472 -692
538 -694
451 -775
94
-25 -308
-119 -287
-149 -270
-164 -261
-127 -253
-92 -269
-257 -164
-256 -162
-203 -173
-222 -115
-252 -64
-275 23
-261 18
-176 -97
-184 -75
-193 -28
-261 107
-116 -114
-222 114
-230 135
-194 95
-169 58
-154 24
-198 219
-202 237
-197 237
-112 50
-101 81
-99 83
-77 1
-109 236
-95 202
-88 267
-82 252
-77 293
-69 281
-36 -104
-52 269
-33 302
-15 35
-13 -160
24 291
16 77
37 232
55 266
58 287
33 103
-6 -177
62 252
73 262
87 286
19 -95
1 -199
100 89
53 -75
59 -62
87 12
68 -57
78 -51
132 56
137 4
201 125
178 72
90 -99
252 175
205 93
261 172
175 17
223 94
133 -63
108 -103
38 -214
279 140
226 40
226 34
196 -24
176 -63
115 -157
219 -55
123 -161
295 -28
174 -140
298 -39
147 -168
285 -80
18 -282
213 -165
137 -215
247 -154
168 -204
248 -176
163 -225
178 -233
82 -295
49
-142 -261
-296 102
-194 -105
-251 115
-249 125
-258 163
-166 -62
-176 41
-177 93
-173 67
-173 223
-122 127
-82 300
-83 270
-76 305
-92 161
-88 127
-66 281
-75 51
-135 -229
-18 264
-75 3
29 273
-66 -26
27 188
-90 -124
-51 -32
57 221
-69 -100
21 86
52 110
-31 -67
126 192
-23 -107
28 -65
-1 -99
170 54
295 106
-79 -213
217 -21
195 -39
88 -120
79 -157
82 -202
122 -211
158 -218
-19 -247
203 -232
180 -254
98
0 -158
-86 -145
-48 -149
-61 -146
-124 -80
-165 -54
-159 -56
-138 -49
-43 -124
-160 -28
-128 -53
-135 -46
-60 -107
-107 -49
-106 -48
-135 -11
-34 -117
-92 -47
-154 34
-139 33
-104 -13
-93 -27
-113 2
-139 42
-132 40
-86 -25
-48 -69
-123 74
-99 41
-129 119
-113 93
-44 -58
-85 38
-111 102
-78 26
-17 -117
-56 4
-99 138
-88 110
-94 142
-33 6
-13 -92
-59 149
-41 68
-50 166
-36 79
-25 134
-7 -35
-4 -34
-9 144
1 -39
3 48
6 143
16 162
22 93
33 101
22 -31
37 41
44 66
42 49
19 -69
54 72
70 140
32 -32
51 32
50 -22
103 112
116 120
85 43
91 43
59 -31
112 71
99 42
80 -1
72 -18
21 -118
134 85
110 33
71 -35
70 -38
145 77
68 -67
104 -25
148 30
163 18
168 15
55 -102
140 -20
139 -22
129 -37
137 -66
74 -115
50 -129
85 -124
41 -145
101 -141
82 -151
74 -156
26
-26 -486
-285 -385
-374 -265
-472 -153
-278 -282
-365 -105
-443 197
-274 111
-346 361
-82 36
-38 250
-22 449
5 153
18 2
108 431
72 -71
198 171
176 35
302 316
108 -249
447 301
363 94
457 140
474 76
256 -240
38 -431
3
163 -165
-61 39
77 197
23
14 -255
-44 -168
-147 18
-54 -109
-30 -142
-130 172
-100 205
3 -186
-44 198
-8 -41
-5 -13
-6 167
16 -153
36 127
59 65
80 99
78 32
24 -217
170 168
191 141
239 -48
209 -102
89 -200
15
-191 -541
-611 -318
-424 -218
-255 148
-129 -102
32 355
18 214
-40 -80
153 450
347 459
256 283
524 281
428 151
504 51
239 -332
22
31 -873
-737 -248
-843 102
-164 -649
-786 169
-234 -297
-329 94
-315 158
-187 427
-192 855
-96 419
51 -491
80 -26
175 648
301 865
371 570
380 511
407 439
567 266
736 401
443 -417
453 -632
