42 25
470 258 282 835 566 123 136 471 720 986 260 889 766 332 616 709 481 905 830 744 930 381 415 793 509 653 256 278 882 485 239 352 940 421 483 802 741 519 273 461 505 730
100
-14 -121
-31 -116
-72 -90
-57 -98
-101 -70
-95 -73
-64 -85
-89 -53
-46 -89
-115 -2
-114 0
-88 -28
-72 -43
-99 13
-93 20
-63 -28
-104 61
-66 -9
-60 -21
-60 -7
-56 -16
-91 76
-50 -13
-66 54
-75 85
-27 -74
-62 55
-29 -60
-44 23
-35 -15
-51 79
-44 44
-41 97
-29 2
-33 84
-31 77
-16 -84
-15 -84
-19 103
-16 19
-15 -39
-13 33
-7 85
-5 106
-7 6
-8 -22
-2 67
-1 25
7 67
7 65
13 72
16 79
24 90
16 44
29 107
22 64
27 82
28 41
34 63
45 91
26 11
34 37
6 -56
12 -40
41 47
62 102
33 15
35 19
40 31
13 -49
24 -29
54 38
-5 -102
73 54
-10 -113
87 57
39 -29
37 -36
66 3
105 60
110 55
51 -36
67 -20
113 34
88 -14
104 1
67 -42
96 -14
110 -4
87 -31
74 -46
65 -57
42 -77
49 -74
70 -61
59 -77
63 -81
40 -100
27 -106
28 -108
52
-9 -666
-321 -591
-337 -579
-295 -553
-625 -207
-223 -502
-661 39
-387 -146
-661 239
-513 143
-367 -61
-194 -255
-276 376
-207 114
-177 63
-148 5
-40 -456
-77 -151
-165 558
-95 110
-31 -425
15 596
8 142
58 466
79 253
180 552
113 74
69 -307
251 493
198 231
323 561
330 584
376 435
416 485
426 425
439 455
410 169
301 -52
345 -56
504 132
421 -52
627 207
108 -513
647 63
597 -20
43 -615
349 -351
545 -204
572 -223
612 -193
461 -368
436 -390
53
62 -259
-114 -256
13 -254
-198 -192
-133 -198
-217 -145
-64 -195
-250 -86
-91 -169
-271 -52
-270 0
-266 4
-223 62
-169 18
-126 -23
-227 156
-202 134
-139 54
-12 -143
-157 132
33 -204
-58 -17
-88 55
9 -128
-117 196
-65 72
-58 194
3 74
3 108
-13 210
32 -13
11 250
61 171
72 203
88 142
104 69
87 -138
117 4
149 146
151 116
169 114
198 84
83 -217
138 -113
131 -130
106 -180
255 34
93 -212
170 -110
187 -100
183 -117
97 -241
120 -251
90
-25 -325
-169 -268
-308 -118
-196 -152
-132 -207
-329 30
-298 3
-261 -19
-220 -66
-281 41
-312 96
-111 -179
-198 3
-243 95
-215 86
-113 -113
-234 190
-218 156
-234 212
-103 -117
-115 -82
-204 247
-147 79
-191 252
-153 166
-70 -151
-116 88
-92 27
-135 296
-84 100
-93 256
-77 195
-55 60
-66 259
-59 179
-29 -236
-54 324
-32 -154
-13 235
5 243
26 297
12 54
31 52
63 217
55 161
59 180
87 278
49 -9
115 238
37 -79
63 -16
162 241
146 171
118 83
152 105
204 184
232 226
87 -115
91 -130
127 -73
247 108
204 28
291 141
98 -149
141 -95
181 -58
241 18
298 67
72 -209
220 -36
302 44
86 -202
252 -22
310 36
162 -125
312 25
321 16
231 -115
278 -84
299 -72
235 -144
260 -135
235 -158
303 -128
239 -168
120 -243
168 -257
75 -298
180 -278
107 -295
85
-29 -119
-68 -104
-102 -82
-117 -57
-99 -64
-99 -63
-110 -54
-62 -72
-83 -41
-62 -70
-125 28
-108 8
-104 18
-65 -48
-83 0
-57 -57
-84 15
-73 -4
-59 -38
-60 -30
-82 34
-57 -32
-81 49
-75 31
-90 97
-76 69
-31 -110
-58 14
-73 99
-71 95
-68 110
-61 70
-61 90
-58 116
-50 60
-39 -31
-40 68
-30 -6
-31 124
-12 134
-6 95
-15 2
4 106
-4 28
9 104
2 45
-12 -30
-6 -9
23 111
35 121
37 107
40 115
40 94
28 50
-14 -75
49 97
32 45
22 10
62 94
52 59
56 58
24 -18
63 50
31 -24
79 41
63 1
50 -22
88 14
90 16
126 26
85 -22
56 -52
75 -38
101 -29
133 -16
58 -65
72 -61
34 -83
123 -35
62 -81
70 -78
53 -86
32 -103
96 -94
57 -119
72
107 -739
-235 -717
-250 -549
-670 -254
-586 -281
-606 -238
-355 -403
-368 -338
-377 -194
-356 -107
-296 -119
-621 456
-74 -439
-169 -262
-408 285
-530 570
-410 655
-91 -181
-158 61
-51 -259
-111 55
-239 523
-36 -217
-111 76
-239 652
-185 495
-44 -63
-95 246
-160 608
-60 120
-158 657
61 -381
-20 459
-5 358
46 745
92 -263
112 25
128 552
131 315
157 258
158 -71
217 -32
350 461
145 -568
200 -340
449 525
475 505
460 374
235 -384
137 -656
507 248
464 97
624 471
589 303
494 50
293 -389
583 105
648 200
650 137
484 -162
406 -320
764 160
393 -361
739 12
612 -144
771 18
781 -43
772 -83
160 -688
630 -268
735 -217
334 -606
74
-17 -697
-211 -689
-307 -669
-614 -399
-608 -347
-508 -243
-578 -144
-708 1
-735 45
-692 45
-555 9
-749 264
-284 -306
-469 11
-555 164
-628 314
-528 162
-655 449
-325 -139
-209 -334
-427 175
-290 -69
-186 -299
-430 296
-329 137
-424 391
-240 -78
-369 589
-113 -335
-225 226
-275 465
-299 596
-102 -133
-104 47
-138 409
-155 743
-82 121
-92 476
-50 -109
-54 110
-50 37
-78 741
7 446
1 134
103 526
62 38
123 587
236 749
258 606
359 665
159 -61
145 -114
240 192
335 386
405 474
369 346
89 -413
500 431
543 455
266 -140
606 369
420 -38
483 29
490 -30
681 157
521 -98
658 -41
440 -261
782 -170
633 -349
221 -578
693 -390
438 -640
435 -658
52
-199 -432
-317 -208
-384 -28
-428 164
-358 -16
-395 108
-404 167
-245 -212
-264 35
-243 77
-246 406
-220 -35
-116 226
-161 -197
-86 226
-110 86
-53 273
52 470
49 393
45 315
87 377
49 245
144 318
260 292
243 241
141 62
203 134
162 76
319 293
267 219
117 7
94 -69
396 105
399 92
350 49
417 101
397 49
163 -173
424 -28
401 -84
314 -139
131 -244
-25 -346
305 -195
410 -156
98 -313
381 -248
131 -329
36 -369
124 -349
-102 -410
212 -354
51
341 -794
-501 -679
-372 -607
-527 -533
-533 -255
-540 -225
-617 -150
-872 66
-222 -380
-787 42
-863 108
-408 -223
-640 21
-571 67
149 -561
-448 205
-65 -201
-548 506
-168 -38
-52 -145
-494 631
-483 655
-366 613
-209 321
-220 409
-243 613
46 75
87 40
-98 690
48 213
281 -587
-21 513
286 -594
133 106
-17 760
41 708
73 685
41 867
207 420
207 767
360 -482
400 -49
468 463
457 331
535 387
506 125
587 71
613 -45
842 175
798 -250
685 -473
81
-10 -737
-211 -612
-610 -325
-436 -394
-408 -407
-357 -409
-498 -274
-648 -126
-663 -67
-555 -137
-379 -279
-568 -10
-490 20
-399 -75
-554 211
-482 117
-508 426
-466 337
-479 432
-383 196
-335 92
-302 216
-253 60
-146 -280
-120 -365
-173 -92
-273 410
-84 -160
-97 -16
-99 83
-119 480
-69 102
-92 610
-52 115
-53 253
-48 317
-27 101
32 178
45 -68
113 275
164 690
80 -51
85 -52
191 606
92 -64
204 612
170 317
241 212
121 -289
339 354
253 76
387 267
106 -453
428 316
473 392
500 360
345 -13
270 -194
376 -9
579 327
564 293
493 131
299 -220
473 50
100 -561
619 258
549 88
585 131
682 192
668 108
335 -315
660 47
661 13
731 24
661 -126
449 -417
546 -373
559 -375
328 -548
397 -510
465 -558
70
-112 -581
-259 -502
-372 -422
-288 -466
-446 -349
-470 -331
-357 -353
-519 -99
-512 -50
-274 -325
-294 -272
-412 -58
-326 -191
-543 266
-502 354
-402 141
-460 322
-339 141
-314 208
-197 -123
-236 185
-206 142
-184 54
-213 474
-123 241
-116 92
-73 201
-48 404
1 615
13 588
47 592
-50 -182
50 450
78 339
55 -16
24 -156
109 80
112 72
150 172
137 114
292 393
282 359
-26 -376
185 28
390 435
275 171
363 332
158 -94
105 -226
432 265
186 -123
455 286
508 310
69 -368
365 -43
7 -454
558 56
519 -90
138 -406
542 -165
494 -202
444 -280
423 -293
352 -356
428 -320
158 -468
427 -360
188 -477
278 -466
200 -491
77
2 -317
-117 -296
-187 -269
-162 -274
-143 -266
-258 -167
-256 -166
-335 -103
-273 -126
-186 -179
-283 -80
-321 -28
-345 -4
-199 -127
-336 4
-139 -178
-272 17
-297 65
-287 90
-195 -39
-277 104
-209 9
-72 -178
-234 149
-105 -97
-41 -219
-81 -116
-167 140
-58 -152
-97 -34
-183 226
-101 0
-140 130
-71 -81
-140 149
-33 -198
-72 2
-86 158
-90 181
-35 -58
-42 103
-45 221
-1 11
-3 351
-2 283
7 -40
16 180
8 -140
34 339
38 178
110 324
69 58
130 298
131 298
112 185
111 151
132 183
141 110
168 148
204 196
205 127
232 172
274 107
210 -18
324 108
49 -261
100 -201
285 17
302 36
269 -7
314 42
190 -175
279 -131
320 -117
262 -202
228 -227
54 -313
90
2 -479
-139 -439
-212 -413
-136 -431
-359 -287
-143 -401
-309 -308
-210 -342
-188 -347
-198 -333
-154 -353
-371 -176
-314 -206
-415 -74
-93 -377
-329 -89
-303 -105
-238 -173
-250 -87
-369 159
-372 184
-311 147
-206 -56
-134 -196
-223 38
-307 293
-274 252
-98 -152
-154 81
-187 289
-152 154
-199 422
-93 -47
-81 -70
-84 215
-46 192
-62 462
-31 63
-40 356
3 -10
11 -97
25 237
36 201
43 334
48 431
44 277
62 385
38 -30
74 320
54 29
105 418
103 391
53 -46
120 441
146 362
138 263
169 428
128 94
43 -295
46 -302
251 346
54 -311
210 183
166 41
248 268
287 372
181 26
294 206
98 -254
350 321
51 -367
167 -139
179 -176
387 172
311 15
421 160
347 42
103 -334
370 37
227 -171
444 87
111 -351
377 -42
361 -81
235 -298
282 -282
331 -294
369 -274
404 -256
262 -380
60
-17 -857
-212 -753
-615 -298
-588 -249
-554 56
-712 398
-556 147
-428 -91
-490 55
-674 413
-431 -53
-633 451
-481 134
-521 391
-440 231
-533 481
-421 258
-279 -89
-481 659
-315 220
-345 341
-383 691
-183 -76
-306 524
-308 689
-192 442
-236 783
-76 400
-49 -149
-28 20
-15 -186
-8 382
40 780
121 654
50 -255
97 48
213 582
214 319
88 -327
197 68
303 511
190 -119
419 633
465 666
451 520
585 611
557 452
322 -127
338 -312
643 93
90 -712
692 17
344 -422
694 -78
645 -177
751 -187
586 -451
15 -837
604 -476
418 -748
42
123 -349
-172 -333
-214 -293
-281 -261
-278 -248
-294 -222
-58 -271
-9 -291
-296 -127
-188 -139
-72 -192
-192 -48
-60 -167
-333 178
-140 -23
-60 -121
-327 237
-279 205
-72 -58
55 -211
87 -256
-73 215
-23 152
-32 254
31 54
17 319
80 142
138 345
173 346
185 361
188 301
225 292
241 338
314 256
241 23
332 210
166 -242
291 57
386 108
331 -44
381 18
178 -271
10
22 -553
-221 -193
-177 -189
-383 403
129 323
76 -263
440 492
578 69
331 -286
379 -376
53
-18 -931
-329 -856
-222 -865
-534 -746
-513 -596
-227 -710
-796 6
-597 -164
-427 -387
-403 -351
-404 -219
-594 276
-202 -489
-545 443
-541 514
-601 701
-472 757
-209 80
-126 49
-147 276
-149 452
-71 -252
-129 612
-74 -30
-52 495
26 488
46 54
63 184
121 49
226 749
112 -202
256 567
213 279
212 65
412 130
512 277
719 518
544 124
298 -345
662 225
661 161
88 -780
329 -456
649 -113
351 -543
260 -655
746 -185
462 -493
332 -632
712 -339
431 -577
912 -202
409 -721
13
-165 -855
-690 -117
-703 545
-336 -225
-268 801
-160 -98
258 576
606 563
535 340
732 380
770 37
837 -41
744 -472
94
-45 -352
-168 -327
-343 -210
-211 -267
-352 -192
-396 -106
-400 -79
-378 -70
-271 -151
-297 -127
-224 -174
-366 -25
-236 -152
-343 -29
-67 -328
-260 -95
-349 28
-379 90
-345 65
-294 20
-368 166
-256 -7
-324 210
-292 173
-196 -1
-302 254
-227 99
-272 251
-190 81
-218 213
-234 320
-119 -82
-195 211
-197 258
-177 180
-132 10
-84 -164
-174 271
-157 237
-155 344
-131 204
-76 162
-83 353
-71 403
-37 50
-33 239
-31 201
-31 11
-6 404
28 364
22 191
38 275
38 252
21 11
84 326
92 336
30 2
117 398
49 -23
149 252
135 88
184 133
257 223
207 97
243 120
231 87
307 190
274 137
291 161
313 160
345 183
223 8
217 -6
200 -35
134 -123
342 108
67 -242
292 -24
383 50
275 -78
369 -16
125 -220
196 -166
354 -128
322 -191
363 -174
332 -200
106 -292
120 -291
283 -242
49 -331
81 -326
213 -310
193 -325
60
1 -435
-186 -423
-278 -348
-212 -353
-242 -339
-452 -74
-430 49
-281 -114
-121 -288
-300 -21
-106 -269
-189 -121
-124 -210
-280 76
-303 137
-333 223
-296 154
-355 276
-233 122
-189 18
-279 362
-116 95
-49 -197
-120 238
-123 311
-91 145
-107 282
-48 -40
-65 244
-39 69
-30 -32
-56 351
-23 234
-14 199
10 78
35 423
30 169
18 -151
38 156
64 96
52 -15
118 274
139 401
40 -222
222 269
113 -118
156 -4
250 165
160 -79
100 -258
413 179
388 131
301 -47
298 -54
296 -57
239 -154
392 5
459 3
122 -339
290 -239
30
229 -440
-132 -340
9 -356
-439 -137
-386 -120
-476 -27
-427 95
-374 63
2 -90
-11 -64
-215 270
-138 182
-48 133
-43 201
-59 425
201 -343
30 414
94 153
55 418
70 403
159 19
99 467
115 393
170 472
391 205
462 -24
329 -267
457 -72
475 -165
249 -439
75
350 -641
-9 -626
-237 -587
-201 -580
119 -611
211 -617
94 -584
-380 -468
-491 -425
-311 -320
-455 -250
-270 -321
-363 -270
-605 -133
-616 -91
-391 -211
-590 -50
-529 -66
-444 -114
-728 114
-653 84
-338 -118
141 -457
-134 -190
-77 -162
-533 383
-416 279
-26 -90
-2 -116
-348 444
211 -416
-158 263
-220 704
-123 510
-103 464
-103 483
17 196
-10 324
169 -132
235 -317
134 6
-7 469
-16 565
138 112
89 492
155 716
191 626
272 7
275 530
295 337
331 -173
440 552
406 60
385 -272
463 522
477 470
481 324
500 380
495 131
419 -276
556 401
438 -214
598 412
474 -203
506 -112
552 -58
668 187
516 -216
546 -211
627 -45
664 -71
540 -341
739 -44
648 -209
639 -321
80
28 -476
-239 -432
-206 -400
-276 -346
-280 -308
-465 -164
-185 -292
-134 -333
-253 -217
-322 -152
-428 16
-477 115
-211 -191
-431 84
-463 127
-456 182
-288 -7
-388 176
-360 135
-349 130
-150 -175
-319 113
-265 62
-364 274
-309 198
-288 211
-351 353
-236 114
-56 -262
-89 -134
-112 -28
-224 399
-184 269
-50 -173
-90 76
-127 360
-86 154
-125 373
-111 428
-96 491
-70 416
23 317
53 414
88 296
66 -95
116 332
110 209
57 -269
86 -69
170 347
150 159
225 410
244 423
70 -315
188 62
99 -243
265 231
326 335
293 195
318 159
319 151
367 253
200 -110
348 166
413 287
430 248
455 209
258 -131
377 -7
380 -3
350 -46
415 -1
396 -35
326 -156
356 -156
363 -161
230 -382
126 -433
228 -398
248 -428
82
-10 -355
-83 -353
-262 -221
-325 -176
-103 -299
-277 -189
-372 -65
-362 -31
-212 -68
-330 125
-254 46
-112 -170
-126 -129
-281 196
-231 149
-238 165
-103 -140
-218 126
-172 59
-239 286
-181 130
-215 285
-92 -96
-126 32
-150 128
-107 -14
-121 57
-153 179
-158 228
-134 288
-59 84
-51 90
-32 183
3 107
33 371
44 226
7 -179
22 -78
14 -148
16 -176
115 337
48 -46
142 339
174 337
68 -69
122 98
63 -117
194 295
149 126
149 93
205 237
248 276
36 -243
267 251
125 -70
208 100
147 -50
93 -159
208 51
272 162
239 88
225 38
19 -309
272 81
171 -109
241 -38
251 -51
374 61
61 -279
284 -62
351 1
143 -212
92 -266
187 -196
190 -196
248 -150
227 -191
179 -230
106 -284
161 -281
132 -325
66 -341
28
-172 -411
-327 -343
-473 -77
-373 174
-338 191
-262 230
-199 -122
-211 246
-183 40
-172 99
-149 28
-49 242
-56 7
-64 -71
-120 -253
17 150
68 237
-80 -223
219 281
56 -25
255 133
62 -125
284 100
187 -43
136 -171
414 -149
-94 -380
284 -269
