52 35
472 819 579 882 177 464 925 566 340 891 922 356 763 363 766 918 406 698 645 714 793 655 278 296 831 327 922 187 793 988 568 561 202 146 442 576 807 663 142 444 851 964 700 613 623 466 827 325 163 471 939 856
100
-292 -628
-535 -438
-484 -379
-689 -95
-593 -137
-603 -65
-525 -174
-686 173
-619 37
-558 -54
-641 199
-517 -92
-514 -74
-597 247
-458 -88
-449 151
-364 -93
-415 354
-392 330
-360 24
-376 330
-332 123
-307 13
-281 9
-241 356
-176 534
-180 486
-123 580
-147 226
-84 577
-90 448
-210 -271
66 672
50 571
-106 -21
127 692
44 423
85 378
154 515
186 593
153 497
149 461
51 214
123 381
203 497
215 514
231 450
76 97
45 24
103 121
340 568
104 112
357 578
312 446
304 414
177 133
229 210
418 427
477 477
520 443
306 153
549 398
-160 -468
401 173
160 -109
574 364
518 183
337 -10
468 117
539 186
172 -179
107 -258
536 89
578 116
311 -119
353 -117
127 -306
182 -270
450 -75
10 -405
389 -162
450 -125
319 -254
454 -196
670 -73
582 -127
138 -386
653 -187
-12 -498
600 -231
117 -447
96 -462
600 -308
203 -473
215 -475
-143 -589
227 -508
466 -512
473 -526
278 -584
20
-434 -457
-581 -238
-520 221
-279 127
-155 578
-137 166
-284 -156
-398 -387
116 381
303 531
212 177
452 310
173 6
571 230
256 7
226 -62
483 46
-13 -389
552 -332
427 -448
70
-376 -647
-626 -442
-562 -380
-735 264
-682 236
-701 359
-669 327
-626 347
-451 -323
-472 -54
-535 530
-478 111
-458 410
-473 656
-448 694
-379 -537
-401 540
-365 655
-319 634
-302 596
-314 -281
-120 614
-201 196
-127 453
-127 406
-164 241
-328 -461
-131 269
-184 24
110 768
-255 -314
152 746
-121 -69
-29 110
-195 -256
296 766
-124 -175
210 309
179 217
-140 -285
339 428
349 365
472 529
144 3
107 -55
87 -131
-81 -355
731 369
23 -286
737 337
184 -154
579 165
36 -301
727 273
98 -255
754 147
-75 -462
568 -77
579 -79
-265 -588
770 -61
556 -217
177 -413
690 -241
211 -447
416 -393
54 -569
237 -539
15 -605
269 -603
36
-222 -603
-709 -219
-484 -386
-818 -83
-469 -272
-348 -381
-784 396
-540 8
-499 61
-274 -423
-471 464
-303 -178
-286 -243
-350 602
-283 614
-268 447
-248 821
-213 813
-167 804
-92 625
-122 264
7 413
49 163
453 600
410 250
335 142
26 -288
323 86
272 -23
518 -8
98 -376
641 -177
302 -382
765 -357
655 -403
722 -474
46
-82 -786
-451 -480
-627 -45
-745 157
-318 -369
-612 382
-413 -12
-470 181
-480 386
-542 573
-489 618
-434 497
-156 -436
-366 601
-261 117
-270 735
-126 -264
-79 314
-25 721
-25 123
-15 29
-31 -223
68 738
-57 -626
52 -57
133 353
89 65
36 -260
244 649
192 216
237 340
348 552
170 -16
205 26
373 396
176 -142
93 -357
125 -324
353 26
76 -533
691 248
576 -25
541 -252
466 -346
600 -419
2 -767
40
69 -443
-241 -357
-317 -335
-293 -260
-232 -218
-341 -134
-415 -43
-279 -124
-349 -36
-252 -114
-90 -265
-297 148
-339 302
-149 16
-102 -42
-56 -103
-129 156
-153 350
63 -420
-56 83
-5 285
16 158
49 -113
23 359
29 386
39 221
76 20
89 367
95 115
138 387
92 -300
245 329
236 213
244 146
195 -84
223 -157
398 56
459 34
421 -83
306 -333
80
-208 -340
-341 -173
-282 -233
-306 -137
-380 18
-308 -46
-342 165
-247 -143
-304 261
-261 0
-244 -29
-253 129
-249 137
-241 184
-218 55
-189 227
-185 258
-183 67
-167 271
-139 243
-173 -143
-154 -62
-101 208
-110 122
-112 91
-60 268
-57 280
-107 72
-134 -68
-48 226
-57 180
-55 183
-13 260
39 332
-167 -235
33 277
58 255
-4 111
45 199
-142 -200
-63 -36
-69 -56
-95 -126
27 100
-129 -195
176 235
49 39
124 132
-77 -156
-45 -134
-43 -139
-131 -250
251 190
-145 -269
233 108
127 -5
-91 -237
283 49
187 -34
198 -31
17 -179
359 64
162 -78
278 -7
239 -60
275 -46
387 -1
21 -240
324 -111
-35 -271
271 -155
358 -126
-16 -269
69 -242
218 -193
-15 -306
57 -294
108 -309
269 -302
178 -315
49
-133 -706
-472 -624
-691 -271
-593 -178
-778 142
-704 50
-707 67
-439 -222
-636 216
-605 201
-380 -188
-540 281
-399 -28
-443 558
-288 310
-255 258
-183 122
-105 726
-102 441
-66 11
-88 -306
16 472
128 582
87 355
37 110
264 739
274 641
263 534
203 285
406 565
78 -212
439 559
442 538
376 228
429 294
549 497
206 -113
74 -349
160 -350
663 230
543 77
174 -367
553 3
795 81
617 -125
638 -127
221 -489
428 -396
178 -603
35
14 -150
-15 -147
-108 -108
-53 -103
-58 -84
-123 0
-139 19
-11 -119
-103 1
-79 -19
-111 28
-106 61
-114 94
-59 0
-70 30
3 -120
-9 -84
-41 105
-21 22
-38 117
-19 34
27 5
31 -3
45 37
48 -23
28 -101
89 111
79 31
103 96
109 108
81 26
128 19
114 -7
116 -59
50 -119
89
-210 -760
-644 -481
-565 -494
-587 -471
-642 -403
-795 -115
-742 -157
-789 -63
-655 -215
-589 -274
-751 -20
-807 86
-542 -287
-564 -253
-646 -130
-779 191
-682 74
-576 -110
-562 -132
-620 2
-708 224
-284 -608
-483 -176
-543 12
-469 88
-573 532
-560 495
-424 78
-495 451
-433 387
-389 252
-327 163
-391 713
-358 447
-264 221
-246 336
-189 -48
-174 118
-118 425
-112 90
-145 -229
-94 100
16 726
-137 -283
65 683
38 492
119 541
45 169
153 518
91 261
130 309
245 609
-82 -382
142 278
124 191
208 404
246 369
206 180
285 272
472 644
401 458
185 17
438 498
520 544
402 241
189 -109
319 96
123 -275
-2 -458
131 -351
660 274
547 119
154 -377
577 59
673 137
287 -263
117 -434
753 163
736 121
192 -390
746 52
451 -232
156 -517
552 -296
746 -264
402 -451
606 -367
692 -379
406 -504
43
-36 -606
-330 -430
-532 -235
-264 -346
-474 -101
-419 -151
-191 -412
-556 85
-362 -167
-514 65
-532 125
-569 226
-536 189
-339 501
-174 268
-87 237
-37 -530
-8 233
15 169
44 599
73 586
72 210
195 325
143 41
240 327
271 392
307 435
98 -230
306 197
153 -165
220 -30
422 337
443 316
303 12
106 -373
341 -42
405 16
48 -500
548 114
599 123
22 -563
498 -228
174 -487
99
6 -566
-357 -434
-297 -420
-74 -518
-436 -243
-457 -142
-409 -183
-362 -224
-453 -134
-523 -58
-408 -162
-552 -14
-530 -13
-345 -195
-355 -174
-149 -396
-344 -173
-440 16
-326 -127
-533 148
-328 -102
-404 23
-384 18
-420 72
-296 -97
-298 -83
-358 27
-144 -314
-380 143
-225 -109
-337 139
-234 -13
-132 -218
-250 124
-242 128
-223 92
-64 -360
-248 196
-271 383
-215 236
-215 372
-171 215
-169 231
-207 465
-136 131
-188 387
-200 449
-179 357
-83 -100
-187 495
-159 449
-147 535
-91 210
-119 506
-74 225
-83 530
-28 -90
-22 190
-2 6
9 563
13 312
28 142
17 -236
52 353
73 547
51 34
32 -304
71 60
71 -47
126 273
139 363
87 -4
92 -4
117 117
148 221
149 217
129 35
114 -62
236 414
36 -441
264 502
162 26
109 -278
312 280
68 -406
300 186
166 -196
301 106
352 207
368 184
177 -276
535 184
452 -58
328 -201
560 1
353 -214
541 -72
340 -261
412 -295
67
6 -498
-319 -429
-284 -410
-341 -354
-389 -238
-424 -181
-292 -230
-261 -224
-520 67
-258 -153
-457 217
-401 228
-364 278
-191 -65
-323 290
-146 -91
-222 164
-219 338
-142 105
-134 148
-163 294
-183 419
-79 -67
-42 -233
-79 310
-60 468
19 464
23 459
25 521
21 225
42 -61
143 477
165 524
162 378
116 113
217 383
264 454
278 320
111 -184
253 221
269 173
354 388
108 -240
366 411
407 411
403 306
429 313
117 -314
314 12
160 -261
177 -236
419 81
202 -234
417 18
491 108
469 15
529 0
60 -447
543 -45
196 -339
504 -133
373 -322
62 -474
294 -418
160 -463
100 -487
250 -490
67
37 -756
-424 -743
-498 -594
-516 -461
-353 -524
-615 -349
-425 -400
-277 -512
-799 -56
-666 -106
-378 -348
-214 -442
-620 92
-583 94
-181 -446
-272 -281
-548 147
-379 -107
-380 -62
-230 -254
-617 502
-544 433
-408 157
-504 451
-451 361
-520 532
-282 11
-304 200
-412 743
-231 268
-313 633
-84 -19
-4 -372
-9 -65
-52 852
3 233
7 543
23 96
63 222
109 513
63 -341
82 -188
128 91
210 683
180 318
266 533
142 -257
101 -466
295 256
363 506
419 570
457 536
220 -199
582 616
635 312
394 -227
756 296
712 191
356 -328
501 -203
846 122
239 -546
525 -280
503 -347
762 -164
564 -358
424 -498
52
-47 -164
-146 -104
-136 -67
-112 -90
-167 -24
-66 -133
-139 3
-139 51
-127 35
-117 12
-148 94
-99 -26
-112 22
-113 74
-88 47
-84 41
-71 -23
-64 -35
-62 164
-49 125
-47 154
-39 165
-42 -49
-34 12
-18 103
-9 96
-2 104
6 137
20 178
14 146
19 145
70 169
116 114
81 23
142 106
105 49
-32 -143
29 -63
152 98
58 -38
147 64
15 -95
15 -96
67 -57
19 -105
157 16
132 -15
151 0
142 -10
166 -54
180 -50
87 -128
63
-4 -127
-63 -123
-56 -111
-113 -82
-116 -78
-83 -82
-125 -56
-121 -56
-110 -55
-121 -43
-47 -94
-126 -32
-119 -32
-101 -39
-139 7
-70 -37
-82 -14
-111 83
-70 26
-90 76
-84 85
-44 8
-64 86
-41 34
-59 120
-47 115
-39 76
-13 -67
-22 3
-28 104
-10 -50
-13 3
-8 48
0 130
8 69
36 115
38 100
47 126
45 113
56 108
46 62
4 -100
46 34
66 81
62 68
17 -68
45 8
67 53
75 68
82 55
67 20
109 88
107 77
80 19
43 -49
78 9
66 -25
138 15
108 -23
70 -61
36 -100
100 -72
69 -124
41
-56 -351
-348 -230
-344 -221
-382 24
-393 79
-262 66
-291 238
-166 91
-183 217
-169 184
-99 158
-88 242
-61 382
-51 -112
-34 306
-33 312
-35 -88
28 398
52 193
134 360
52 -39
84 2
56 -97
109 10
290 319
207 101
326 297
337 245
158 -34
248 73
307 130
349 163
239 -5
319 29
172 -128
210 -121
274 -109
364 -118
48 -294
275 -297
304 -298
48
352 -744
203 -720
15 -676
-423 -560
21 -652
-683 -364
-622 -385
-750 -149
-781 -132
-659 -117
-286 -279
186 -609
-352 -101
40 -458
-4 -417
-762 281
-434 87
-501 245
-448 475
-198 132
-160 142
-375 580
-189 359
-163 465
-85 405
-27 447
-55 555
1 418
31 390
-2 808
68 594
153 205
227 -47
220 167
243 614
326 476
420 621
417 438
438 564
489 138
554 479
574 131
441 -451
444 -489
797 2
374 -719
593 -496
459 -634
15
48 -728
-456 -99
-250 -348
-208 -400
-411 208
-316 446
-141 0
-124 178
5 591
17 273
66 -76
383 114
502 -121
298 -417
216 -564
94
86 -280
-109 -212
-193 -172
-173 -169
-168 -171
-203 -131
-288 -65
-191 -115
-317 -30
-218 -60
-48 -183
-317 15
-138 -113
-136 -106
-268 18
-118 -96
-165 -44
-154 -38
-272 83
-116 -66
-233 65
-9 -177
-217 65
-128 -26
-272 148
-268 150
-208 83
-110 -27
-204 95
-225 125
-205 132
-167 96
-94 1
-200 245
-160 209
7 -118
-67 94
-82 170
-6 -29
77 -255
67 -222
-90 305
-4 37
-29 150
36 -80
-48 257
-31 198
-14 140
26 -27
-41 305
-18 277
51 -84
45 -35
50 -9
17 254
56 52
47 176
70 -3
73 247
81 -14
79 118
79 238
81 144
82 72
80 261
117 204
113 29
126 123
134 136
128 37
175 182
188 240
216 181
223 205
230 228
230 189
211 87
273 146
221 22
240 60
156 -144
167 -123
147 -173
303 14
287 -17
315 19
188 -152
265 -69
320 -59
280 -134
184 -214
281 -159
232 -190
242 -194
27
150 -406
-405 -211
-185 -257
-405 -157
-243 -155
-274 -50
-132 -115
-384 165
-363 147
-137 -66
-162 -35
-132 -54
-239 81
-360 260
-351 257
82 -310
-36 156
-43 218
52 -19
81 247
161 282
202 234
248 262
240 -58
244 -117
255 -197
447 -65
19
-339 -688
-396 -678
-899 108
-478 -415
-293 376
-278 -202
-147 600
-55 219
-58 -13
325 475
347 370
419 367
716 410
369 -316
756 -289
-27 -596
381 -476
27 -605
665 -501
83
37 -303
7 -301
-158 -283
-170 -251
-132 -260
-124 -251
-89 -258
-198 -217
-234 -185
-177 -182
-291 -110
-86 -219
-90 -212
-301 -53
-280 -35
-185 -94
-313 34
-171 -81
-164 -88
-171 -79
-15 -242
-164 -67
-184 -29
-201 22
-110 -102
-182 23
-79 -127
-165 19
-253 160
-156 36
-189 117
-158 78
-111 -7
-170 127
-196 214
-193 227
-114 94
-106 80
-121 145
-106 116
-54 42
-52 48
-71 232
-28 63
13 -154
-61 317
-10 22
12 -86
17 -118
-9 153
-8 301
8 88
20 -56
20 133
17 276
29 93
48 126
57 261
53 -10
79 272
59 -62
52 -179
126 192
143 279
139 243
81 -102
176 177
154 84
159 87
241 167
163 -15
218 92
100 -167
127 -133
111 -171
232 28
202 -25
187 -53
272 -32
222 -108
206 -153
308 -73
222 -199
43
23 -571
-242 -516
2 -553
-291 -270
-168 -386
-273 -262
-527 29
-335 -173
-139 -368
-173 -324
-207 -259
-204 -260
-301 -84
-183 -201
-369 245
-70 -304
-93 243
-46 -66
-102 473
-82 337
-28 15
-73 565
-12 158
23 489
125 262
125 149
98 -74
149 258
154 269
182 390
110 -201
290 356
266 217
260 10
69 -466
405 257
365 165
220 -237
480 169
83 -494
362 -145
313 -209
248 -503
11
269 -414
133 -369
-571 194
-191 -64
-187 274
198 -179
114 121
230 458
351 -38
436 -35
635 -155
85
-186 -912
-542 -770
-727 -429
-523 -603
-532 -594
-506 -617
-887 -261
-605 -483
-934 -68
-751 -274
-855 -89
-658 -224
-638 -209
-797 66
-474 -420
-509 -328
-655 -38
-757 259
-753 324
-335 -574
-806 518
-588 62
-534 -63
-444 -277
-589 101
-481 -160
-377 -258
-425 -36
-544 433
-412 337
-418 546
-404 481
-272 -316
-244 -500
-259 -313
-303 854
-265 349
-254 535
-232 747
-229 862
-199 -352
-171 -51
-77 517
-41 962
-27 909
47 627
72 618
-159 -753
-62 -214
179 872
43 172
-109 -591
233 751
123 170
150 250
251 592
97 21
99 -158
423 576
527 736
345 309
187 -111
440 295
461 249
436 155
718 555
200 -401
857 429
658 115
722 46
345 -384
305 -482
760 -88
241 -549
508 -329
436 -478
718 -462
834 -425
614 -546
679 -559
669 -607
233 -785
202 -800
408 -743
168 -878
27
95 -709
-315 -647
-397 -607
-410 -538
-540 -456
-659 97
-527 31
-354 -117
-250 -192
-311 -22
-410 316
-328 243
-318 290
-65 102
37 -332
17 -173
91 -350
214 725
128 -316
248 429
155 -355
246 -210
233 -406
266 -421
444 -394
597 -276
469 -439
49
143 -892
-15 -872
-503 -741
-653 -414
-373 -511
-677 -89
-561 67
-409 -87
-500 99
-199 -342
-623 457
-631 499
-608 537
-514 371
-276 -45
-382 652
-47 -17
-186 893
-30 463
60 396
67 673
107 345
184 589
196 484
191 -22
213 323
254 821
200 -183
307 516
341 690
212 -443
416 700
176 -702
304 -143
489 407
588 497
591 503
419 -43
696 531
282 -642
610 -121
822 184
575 -264
706 -93
922 15
644 -320
754 -380
848 -348
404 -763
26
189 -577
-400 -340
-603 -52
123 -531
-136 -335
-139 -325
-274 -171
70 -466
-429 120
-200 -56
-149 -68
-44 -184
-157 43
-129 20
-284 370
-10 -16
-194 523
-56 198
-9 423
87 -59
-9 439
113 614
308 -116
358 32
460 20
529 172
86
-180 -638
-381 -556
-402 -523
-478 -390
-369 -410
-634 -52
-283 -488
-483 -135
-338 -364
-563 31
-613 229
-596 315
-580 341
-539 346
-444 341
-292 -157
-426 479
-330 53
-333 93
-422 553
-290 -92
-226 -352
-344 451
-344 605
-274 526
-237 548
-231 478
-208 106
-213 295
-194 622
-177 486
-174 -5
-175 -140
-155 410
-116 409
-63 506
-26 363
-42 117
28 424
102 607
74 456
142 482
71 215
197 607
184 506
170 361
154 312
263 575
142 184
321 571
286 482
306 496
265 349
382 567
148 64
80 -86
-36 -339
311 377
251 240
190 58
192 55
394 364
369 309
287 137
363 191
16 -339
130 -177
8 -365
553 286
319 -22
149 -242
488 138
376 -47
324 -110
440 0
646 195
139 -355
513 -62
-21 -510
550 -68
188 -384
130 -475
418 -398
480 -393
211 -500
517 -433
34
-274 -534
-596 -183
-433 -264
-589 151
-413 -136
-457 444
-289 -430
-305 -224
-295 559
-280 397
-128 241
23 398
50 251
24 39
191 360
166 265
172 214
177 140
-128 -339
155 -15
457 334
49 -158
506 259
81 -205
108 -193
324 -83
149 -222
279 -182
648 26
85 -319
113 -304
218 -344
161 -412
374 -360
17
398 -721
-546 -606
-61 -646
18 -545
-675 -201
20 -483
-50 -317
-519 106
-317 11
-48 -226
-205 120
-108 646
141 -17
128 264
178 862
218 704
695 -278
55
129 -493
-255 -345
-170 -376
-347 -253
-526 -153
-458 -173
-76 -366
-108 -343
-536 -65
-456 -60
-437 140
-330 116
-250 27
-229 25
-282 135
-154 -44
-244 134
-375 406
-353 376
-280 311
-100 -38
-148 108
-291 435
-281 444
-190 390
-175 406
-75 180
-121 343
1 6
-78 364
48 7
13 427
68 21
121 -287
161 278
179 25
257 454
333 427
230 -84
368 414
267 -35
338 200
320 37
204 -297
461 324
374 54
453 188
193 -378
467 -132
453 -245
175 -459
481 -286
412 -373
308 -443
239 -466
63
-47 -692
-339 -541
-598 -345
-521 -312
-266 -509
-354 -412
-668 -51
-655 180
-345 -262
-467 -85
-590 149
-535 122
-601 250
-457 219
-414 173
-157 -425
-181 -180
-220 12
-64 -620
-222 217
-268 639
-168 65
-144 266
-78 -224
-63 -423
-54 582
-48 -141
2 287
31 614
26 506
18 177
28 52
105 338
117 182
200 597
147 161
184 290
76 -175
291 601
201 116
207 134
335 462
35 -484
341 274
183 -148
485 444
283 -32
476 208
148 -380
300 -159
506 138
476 21
559 103
267 -293
538 17
497 -99
361 -267
641 -19
543 -139
465 -229
104 -556
297 -447
345 -452
80
1 -173
-22 -166
-27 -162
-132 -100
-138 -85
-129 -86
-163 -54
-112 -87
-140 -46
-102 -80
-86 -79
-146 15
-147 60
-130 37
-84 -29
-91 -14
-100 35
-86 9
-102 47
-119 95
-115 99
-104 92
-56 -29
-23 -110
-64 -1
-57 -12
-97 106
-73 39
-101 129
-95 114
-59 23
-35 -31
-57 91
-69 160
-17 11
-13 -7
-21 90
-13 174
-9 123
-8 145
2 110
4 21
14 105
20 155
27 163
17 11
3 -155
45 151
42 125
46 132
14 -90
20 -93
32 -51
81 126
103 140
89 78
90 79
32 -89
79 38
106 110
116 103
125 124
60 -55
52 -73
79 -24
84 -26
155 70
156 70
71 -67
131 -25
160 5
172 10
175 -14
134 -88
111 -103
42 -149
118 -107
122 -108
127 -111
53 -167
