40 36
900 243 726 967 241 493 407 396 976 236 459 667 488 855 399 879 504 467 662 297 565 476 579 656 933 658 612 458 629 481 754 528 625 776 495 162 565 198 756 541
31
221 -919
-935 -240
-547 -233
-611 -85
-855 199
195 -889
-97 -491
-271 -179
-624 441
-394 120
-613 576
-402 204
-229 -12
-264 479
-245 495
-138 364
1 20
20 285
-48 905
154 520
167 558
223 -744
240 -275
293 917
534 255
539 23
744 270
853 417
833 294
430 -740
475 -747
10
-218 -352
-486 -49
-472 9
-387 -103
-37 382
-82 149
-103 -54
-150 -192
328 193
525 -43
40
-315 -547
-408 -400
-418 -366
-548 -64
-620 162
-563 161
-595 272
-463 -91
-359 32
-379 539
-332 -173
-307 301
-260 563
-221 520
-180 617
-238 109
-208 288
-96 468
-48 556
-61 183
84 549
284 525
160 210
305 357
424 445
-10 -154
127 19
369 307
424 70
315 -76
289 -151
499 -83
338 -189
461 -183
292 -297
402 -254
-98 -459
524 -239
201 -457
35 -486
52
-242 -425
-502 -410
-528 46
-482 -26
-477 -12
-476 37
-458 371
-389 131
-360 165
-377 500
-300 244
-319 521
-280 117
-252 161
-200 266
-151 477
-64 625
-57 457
-152 -97
-4 438
16 495
-34 307
-35 144
145 155
281 326
429 466
387 343
12 -118
385 325
412 353
-98 -255
-159 -344
538 332
451 239
119 -98
549 285
289 39
466 151
95 -151
463 135
443 96
333 4
-34 -307
46 -303
562 -136
-156 -400
-98 -384
439 -274
57 -361
26 -378
570 -289
40 -402
55
-103 -200
-140 -173
-181 -68
-189 -39
-197 33
-185 18
-183 45
-180 92
-157 41
-171 138
-127 -51
-138 23
-153 179
-147 162
-121 174
-114 198
-101 184
-93 10
-81 136
-70 213
29 225
-102 -197
46 229
34 159
49 158
54 166
82 224
87 163
35 46
-13 -49
18 1
137 174
105 107
61 27
3 -60
-16 -91
58 -9
162 103
216 91
222 93
81 -36
-44 -150
99 -45
120 -30
174 -1
-80 -185
52 -101
226 -13
8 -139
163 -71
177 -71
124 -110
6 -165
169 -156
130 -166
21
-65 -535
-427 -301
-372 -326
-428 -201
-356 -265
-192 -414
-239 -350
-456 -3
-349 118
-247 -17
-313 194
-152 99
-154 418
-90 -214
-15 -17
200 446
201 208
275 162
261 2
472 -22
351 -389
19
147 -705
-126 -679
-501 -289
-516 -234
-707 -38
-294 -187
-609 296
-318 82
-192 -109
-322 243
-110 -156
-280 347
-232 269
-253 497
-89 341
122 -334
473 -16
610 -326
481 -497
60
-22 -428
-174 -404
-155 -352
-392 -202
-250 -272
-401 -42
-270 -175
-372 -63
-294 -118
-424 105
-379 142
-394 192
-224 -55
-363 278
-233 41
-201 31
-162 -54
-210 142
-277 360
-226 373
-150 124
-170 317
-121 78
-80 -50
-123 326
-135 443
-116 350
-51 19
-17 -252
3 344
-6 -200
11 -10
68 207
44 -8
99 296
121 416
82 147
130 85
220 320
112 -19
223 296
144 54
123 -78
338 317
201 -66
309 85
180 -136
150 -186
440 46
436 28
174 -236
310 -122
415 -60
181 -264
343 -163
403 -124
420 -113
273 -220
444 -116
302 -243
61
41 -508
-381 -325
-421 -58
-495 147
-526 221
-324 -16
-458 227
-390 185
-196 -125
-210 -27
-419 385
-342 265
-290 209
-177 23
-250 249
-221 216
-237 265
-174 126
-247 496
-200 470
-11 -275
-52 -40
-34 -33
-29 -54
-33 120
8 -197
24 -335
-19 295
-21 461
-1 461
38 -24
47 223
59 33
83 421
72 174
64 -281
145 259
186 458
194 220
188 155
246 278
204 57
231 114
270 162
383 390
401 398
325 142
346 175
241 -63
424 309
354 83
270 -123
457 116
516 96
506 61
558 122
463 -132
131 -474
227 -442
192 -462
129 -489
11
-224 -886
-337 -661
-290 -438
-105 815
-61 16
-104 -256
118 719
168 585
65 77
416 -38
751 -285
89
82 -780
-456 -614
-253 -674
-739 -509
-157 -697
-232 -647
-152 -679
-644 -441
-273 -613
-663 -395
-751 -316
-706 -339
-278 -573
-860 -176
-689 -270
-431 -389
-451 -366
-116 -616
-708 51
-813 221
-333 -273
-509 -14
-93 -549
-666 279
-647 307
-383 -30
-53 -550
-448 191
-301 -50
-289 -2
-343 146
-202 -90
-215 -50
-470 587
-309 224
-451 603
-247 88
-95 -310
-343 368
-419 583
-273 203
-376 697
-310 702
-243 657
15 -475
6 -253
-67 315
-75 464
-44 365
26 -109
-49 800
-26 680
6 796
29 767
62 849
86 628
90 -206
99 -25
94 -421
111 -43
123 216
166 853
182 876
146 105
131 -167
181 438
234 756
181 -135
221 30
205 -110
220 -85
269 53
306 200
210 -239
152 -486
325 223
240 -226
482 537
380 79
322 -110
445 217
614 468
602 408
489 -154
709 141
505 -176
807 181
506 -266
756 -453
32
125 -824
-235 -662
-674 -424
-447 -475
-393 -295
-486 55
-101 -415
-288 51
-519 600
-293 116
-154 20
-63 815
-53 828
74 465
134 160
168 612
161 369
147 -486
142 -656
238 210
208 -157
409 616
513 609
652 202
608 -92
473 -432
577 -378
675 -305
255 -707
714 -362
606 -462
713 -470
27
57 -459
-118 -447
-404 162
-138 -147
-326 189
-205 36
-258 256
-115 -37
-230 260
-110 -34
-257 393
11 -131
-47 401
-40 374
-30 382
117 105
166 401
171 64
220 283
150 -51
223 244
207 -22
251 -114
330 -168
164 -400
275 -358
205 -411
77
-275 -796
-575 -630
-740 -172
-566 -356
-783 101
-559 -280
-400 -529
-650 124
-688 226
-567 -27
-511 21
-572 403
-484 132
-419 91
-425 486
-377 278
-376 711
-335 536
-299 500
-252 69
-186 694
-164 -67
-169 -131
5 790
-87 -150
-13 79
121 478
-24 -47
77 234
-62 -180
275 791
25 17
195 474
180 364
101 106
243 440
366 496
69 -118
411 479
169 15
398 374
566 600
412 336
424 348
623 586
-52 -461
588 484
668 557
564 393
365 44
699 462
554 258
627 348
570 234
520 162
395 5
405 -69
723 262
297 -206
626 127
753 255
478 -31
731 217
419 -122
477 -86
192 -365
592 -127
272 -469
676 -239
-15 -645
382 -426
154 -584
766 -353
716 -437
562 -529
625 -549
669 -563
74
48 -384
-220 -342
-211 -277
-390 -108
-275 -141
-300 -69
-357 4
-263 -17
-298 49
-77 -221
-321 129
-246 48
-287 109
-51 -230
-205 26
-202 24
-236 111
-223 133
-239 166
-56 -184
-123 -32
-164 58
-187 123
-42 -189
-203 179
-249 292
-176 158
-175 183
-163 193
-44 -99
-170 334
-162 316
-47 -3
-29 -44
-70 218
-88 388
14 -175
4 -112
21 -197
-39 262
32 -203
-2 204
10 73
1 288
19 118
16 356
28 262
47 201
48 43
57 150
72 271
63 -235
118 277
74 -227
119 -23
114 -55
217 294
161 45
83 -256
176 47
139 -81
107 -229
124 -189
234 39
199 -57
97 -298
328 64
300 -49
403 28
252 -170
299 -129
300 -167
121 -327
163 -342
99
-40 -270
-185 -184
-178 -157
-223 -118
-233 -106
-178 -132
-215 -53
-153 -119
-287 68
-63 -236
-281 91
-181 -49
-201 -11
-111 -134
-235 135
-139 -61
-161 14
-210 136
-219 163
-183 165
-68 -182
-177 174
-69 -171
-114 -1
-122 30
-118 18
-67 -149
-103 41
-108 209
-100 172
-90 181
-85 192
-52 -143
-70 56
-80 167
-69 190
-56 130
-48 -39
-57 242
-44 153
-36 206
-35 149
-35 37
-25 -111
-22 -81
22 262
17 192
31 263
-28 -184
17 128
8 53
-19 -129
4 1
54 255
30 115
61 274
10 -40
81 232
87 252
67 164
108 254
10 -102
46 6
63 40
110 165
134 190
154 230
161 231
130 148
83 18
94 42
178 145
86 -47
-8 -215
167 78
56 -112
172 77
47 -134
215 97
252 122
163 -9
46 -162
273 95
208 15
234 37
228 25
94 -132
53 -181
261 5
212 -42
100 -144
105 -140
225 -36
290 -54
201 -124
204 -131
96 -237
132 -239
114 -245
8
476 -391
-472 76
387 -345
-459 172
193 467
583 78
578 -17
680 -7
94
-134 -503
-324 -399
-277 -413
-396 -331
-289 -351
-486 -100
-263 -319
-443 -45
-415 -72
-327 -205
-373 -132
-233 -304
-355 -3
-455 234
-341 -13
-254 -159
-213 -262
-339 217
-314 143
-188 -302
-268 7
-178 -334
-265 1
-304 158
-319 227
-343 356
-234 -75
-332 383
-211 -103
-224 217
-251 442
-244 456
-207 254
-200 465
-140 -357
-103 378
-109 165
-97 260
-111 -214
-61 364
-63 295
-44 460
-123 -426
-87 -197
8 410
-70 -93
7 282
78 453
-16 -1
-67 -265
127 379
32 21
119 190
174 331
82 65
258 454
209 197
310 380
268 286
346 307
352 271
255 114
360 266
75 -183
180 -23
252 84
401 263
223 6
80 -214
383 170
126 -165
191 -94
195 -95
46 -286
461 172
7 -358
43 -321
238 -122
339 -47
44 -340
211 -190
87 -303
503 65
253 -176
446 -24
472 -16
147 -285
412 -93
447 -180
347 -249
225 -325
306 -376
311 -400
88 -462
9
379 -567
-615 -308
-425 -179
-627 103
400 209
506 525
509 45
712 177
657 -400
97
29 -448
-199 -350
-197 -344
-288 -252
-241 -223
-137 -305
-253 -184
-327 -104
-296 -127
-104 -310
-447 56
-171 -219
-125 -268
-355 22
-430 120
-422 148
-42 -354
-178 -163
-129 -194
-163 -94
-298 171
-177 -50
-174 -45
-268 178
-90 -193
-73 -203
-18 -329
-167 141
-102 -42
-32 -217
-96 49
-36 -161
-158 393
-118 216
-133 286
-131 366
11 -354
-71 83
-77 157
-46 2
-117 429
-65 138
-94 377
-56 171
-11 -102
-8 -124
3 -74
4 -70
-12 298
-3 172
16 220
21 58
26 278
42 310
69 305
56 -78
80 121
50 -233
107 329
109 329
81 26
131 429
41 -345
119 289
134 280
157 312
69 -234
85 -159
201 349
216 386
167 146
179 179
229 321
219 251
246 248
226 174
291 303
255 154
249 116
213 -2
231 15
77 -345
109 -278
296 52
265 -54
411 159
345 -34
422 65
232 -186
111 -367
403 -84
383 -108
436 -63
159 -327
161 -350
353 -237
232 -394
86
59 -602
-91 -583
-53 -580
-286 -533
-103 -560
-225 -522
-207 -506
-424 -396
-288 -403
-194 -438
-99 -477
-446 -191
-482 -139
-229 -345
-259 -317
-343 -170
-524 72
-520 74
-393 -43
-498 108
-485 129
-435 125
-448 154
-377 120
-403 165
-440 228
-201 -149
-305 158
-366 287
-223 22
-406 450
-350 387
-199 73
-193 78
-282 385
-263 355
-161 148
-38 -264
-26 -266
-175 326
-130 179
-153 447
-162 500
-122 342
-34 -65
-36 2
-65 210
-61 304
-50 315
28 10
7 453
5 503
40 251
34 566
100 572
122 595
131 361
143 218
224 339
115 -302
84 -473
266 415
280 404
178 -94
98 -452
348 252
344 201
214 -248
373 91
485 266
338 -54
522 249
402 1
437 57
450 44
559 216
319 -195
459 -42
337 -226
248 -368
528 -61
449 -193
453 -257
430 -309
301 -442
430 -360
4
-167 -618
-194 243
498 -130
404 -366
60
79 -410
-238 -305
-309 -239
-225 -224
19 -372
-452 -66
-262 -189
-318 -139
-377 -90
-226 -175
-401 14
-238 -120
-363 24
-256 46
-273 159
-287 192
-270 188
-203 76
-303 257
-294 286
-168 52
-103 34
-119 92
-192 295
23 -256
-145 209
-133 426
-34 36
-93 394
4 -17
19 94
24 166
47 272
64 108
80 -54
85 -130
89 -229
128 393
96 -148
142 94
142 83
112 -204
175 178
265 353
251 183
175 -88
190 -67
209 -112
257 -3
305 53
289 2
114 -344
314 29
206 -251
377 -49
232 -261
312 -191
310 -195
266 -331
181 -407
21
15 -229
-74 -211
-136 -95
-32 -174
-154 6
-140 65
-88 60
-70 88
-61 139
-55 228
-34 104
3 132
4 241
121 207
108 20
136 -30
159 -17
238 -14
171 -93
146 -139
193 -135
23
306 -425
90 -374
-245 -293
-272 -139
-313 -97
100 -237
-324 152
-344 192
-275 128
99 -185
-361 379
-262 401
-121 264
-213 465
-61 249
144 439
285 39
359 31
418 -41
477 87
358 -280
509 -130
518 -155
34
-26 -191
-69 -175
-137 -109
-165 -60
-171 -15
-101 -56
-131 72
-86 30
-66 -22
-76 160
-45 73
-43 176
-25 48
-14 58
-11 -14
13 137
29 83
9 -45
54 120
34 -10
30 -67
20 -103
132 98
76 -11
92 14
97 -14
162 52
96 -40
99 -47
92 -82
164 -57
163 -93
113 -119
89 -172
93
-320 -529
-549 -69
-575 39
-478 -60
-471 -18
-420 -130
-457 190
-434 92
-371 -213
-421 289
-369 137
-352 39
-366 444
-332 91
-330 7
-316 -166
-300 415
-257 528
-261 387
-242 357
-232 363
-163 473
-227 50
-217 94
-200 170
-160 356
-226 -31
-204 -19
-104 391
-165 8
-164 -27
-80 241
-29 324
-39 240
-76 109
-185 -191
-148 -113
26 300
156 580
86 326
-198 -275
217 513
113 293
-133 -213
140 243
-225 -375
-100 -187
108 134
221 277
339 443
240 293
409 453
-219 -398
117 11
475 404
88 -64
244 56
360 171
238 10
492 253
333 65
257 -20
158 -123
-93 -353
579 164
497 54
202 -192
301 -130
280 -151
522 -19
425 -82
404 -95
403 -106
540 -42
467 -128
38 -348
466 -147
6 -371
534 -157
488 -239
563 -223
293 -321
423 -288
394 -298
-16 -443
-135 -482
451 -358
127 -455
150 -469
232 -461
305 -466
222 -491
62 -517
90
110 -341
-236 -298
-18 -322
-113 -288
31 -318
-320 -183
-302 -180
-323 -170
-48 -277
-117 -236
-357 -119
-300 -144
-278 -143
-221 -137
-313 -75
-246 -113
-274 -89
-220 -120
-342 -5
-227 -84
-324 -5
-280 7
-371 116
1 -237
-101 -133
-259 36
-238 30
-239 56
-300 138
46 -266
-117 -27
-111 -31
-64 -74
-3 -166
-201 151
-157 98
-38 -74
-1 -138
-112 100
-50 -14
-160 211
-52 -1
2 -108
31 -148
66 -231
-145 362
-37 99
-36 167
-12 142
47 -29
57 -26
7 286
-2 375
99 -250
52 184
50 295
100 -216
96 274
113 39
117 286
111 -273
122 140
137 147
145 173
160 195
162 209
162 157
201 302
208 331
129 -219
222 210
202 94
169 -77
245 220
158 -150
161 -175
189 -139
157 -226
310 109
169 -224
366 96
295 -29
232 -145
216 -171
284 -126
202 -241
373 -77
258 -234
262 -269
284 -267
11
510 -387
-240 -323
-143 -221
33 -230
257 -256
-220 189
-237 315
-260 439
-141 611
491 144
552 -312
36
183 -434
-90 -430
-12 -404
-402 -165
-124 -255
-315 -84
-275 36
-273 143
-146 31
-110 6
-125 30
-319 352
-162 259
-239 429
-170 298
-62 110
-208 443
-88 216
-181 446
-63 214
121 -243
-80 399
-47 347
-18 333
174 -290
145 221
176 -31
179 64
187 -55
192 22
220 64
328 266
344 341
346 109
356 14
265 -285
73
-26 -675
-638 -387
-616 -361
-683 -315
-102 -632
-680 -201
-505 -242
-642 -114
-330 -397
-255 -449
-521 -184
-610 -77
-721 68
-610 31
-600 175
-483 4
-245 -282
-384 32
-140 -435
-373 155
-410 386
-265 -7
-298 107
-137 -323
-223 -39
-329 403
-293 298
-56 -553
-221 258
-44 -548
-169 350
-129 135
-166 721
-99 345
-56 -146
-72 268
-71 602
-75 727
-33 -146
-37 477
1 677
7 504
41 673
52 529
20 -40
-14 -521
19 -175
67 165
129 703
58 55
58 -54
144 363
90 -68
336 574
133 -142
320 420
194 -152
237 -81
242 -75
484 282
596 439
611 420
430 86
624 365
284 -256
405 -170
400 -313
639 -123
325 -431
406 -389
316 -568
360 -600
474 -583
21
-206 -414
-363 -311
-465 46
-394 238
-230 -292
-320 213
-276 92
-257 310
-174 431
-186 15
-156 353
-22 228
20 363
-39 -42
160 206
178 50
355 241
383 255
245 -54
443 -22
63 -378
6
160 -347
-277 50
116 -305
-202 144
-45 210
150 -138
92
39 -153
-91 -134
-87 -131
-39 -137
-19 -141
4 -140
-107 -86
-53 -109
-130 -72
-57 -104
-56 -100
-106 -70
-88 -80
-100 -69
-85 -73
-135 -38
-72 -78
-157 -12
-79 -66
-107 -43
-133 -12
-97 -37
-45 -81
-61 -64
-137 33
-150 51
-55 -49
-98 3
-126 42
-49 -48
-47 -49
-92 11
-3 -99
-109 40
1 -96
-81 35
-101 87
-4 -74
-76 60
9 -96
-21 -34
-29 -16
-78 109
-81 126
-77 130
-40 45
-8 -32
-14 3
-37 94
-15 40
-20 78
21 -74
-3 41
0 42
10 33
25 -51
3 143
28 -45
20 41
34 -89
36 125
48 153
46 -3
46 -50
60 132
57 76
49 -36
74 102
78 94
83 111
95 100
94 25
118 100
112 69
119 82
129 97
124 70
119 45
155 22
125 -24
111 -52
98 -76
153 -26
153 -31
99 -90
114 -80
84 -113
101 -100
147 -66
78 -124
112 -105
94 -121
92
-4 -392
-249 -250
-108 -329
-303 -151
-330 -93
-275 -102
-124 -215
-276 38
-345 157
-316 121
-265 59
-255 71
-295 191
-269 157
-289 215
-253 159
-257 190
-127 -69
-153 40
-176 108
-208 265
-210 279
-107 -23
-132 68
-184 262
-10 -370
-157 177
-194 334
-112 210
-106 281
-85 145
-82 237
-15 -298
-80 321
-77 293
-58 196
-14 -130
-26 258
-14 127
-12 393
3 323
-1 -181
9 160
18 125
14 11
45 315
35 -60
70 71
103 267
33 -183
24 -234
111 236
132 290
154 356
125 181
161 333
159 156
207 317
186 156
128 -31
206 178
58 -229
215 106
224 123
188 26
78 -215
148 -91
278 165
154 -85
297 190
174 -64
256 60
102 -218
247 18
266 37
358 96
185 -165
109 -267
214 -166
375 -27
369 -34
185 -217
289 -178
244 -223
323 -176
306 -193
331 -202
236 -265
214 -296
290 -267
234 -316
42 -381
34
45 -219
-192 -93
-192 -50
-57 -145
-231 -3
-148 -24
-160 23
-204 75
-128 -14
-65 5
-30 -51
-55 39
-86 188
-70 195
-72 218
-16 53
-27 118
46 147
74 196
72 5
95 89
85 -23
87 -40
115 27
175 125
91 -118
162 27
217 83
137 -76
106 -126
170 -36
86 -164
126 -154
185 -123
