2 1
146 746
89
-1 -140
-55 -114
-27 -123
-17 -128
-46 -105
-93 -68
-122 -35
-101 -51
-140 -5
-116 -28
-127 -7
-135 4
-104 -22
-116 -7
-90 -37
-91 -33
-131 51
-55 -53
-115 78
-45 -42
-102 100
-52 -18
-23 -84
-27 -66
-87 105
-85 108
-40 -17
-79 119
-59 99
-9 -106
-44 64
-22 -19
-40 89
-32 112
-8 -62
-11 21
-3 131
-1 -121
0 -28
2 114
0 -66
6 76
3 -21
2 -60
10 109
27 65
36 109
42 134
12 -62
39 81
23 -27
38 36
42 35
66 112
70 124
71 84
87 108
39 -29
74 68
60 18
88 83
89 84
105 88
41 -53
91 49
23 -96
113 61
69 -18
99 24
60 -44
80 -13
129 52
107 15
94 -5
121 32
136 51
124 30
133 21
107 -12
116 -11
135 4
144 5
100 -47
85 -69
27 -119
112 -73
54 -114
96 -107
75 -122
