35 26
735 681 1000 840 520 326 568 250 666 960 161 316 182 828 399 962 664 779 930 998 642 545 878 439 252 242 829 678 808 236 419 840 213 715 976
54
300 -725
140 -707
-467 -528
-604 -303
-782 -99
-65 -511
24 -536
-813 48
-782 105
-806 127
-319 -243
-918 248
-706 216
-633 150
-724 269
-13 -415
-318 -20
-613 370
-15 -345
-70 -252
-334 135
163 -507
20 -264
-31 -158
-36 -134
197 -529
-61 80
139 -329
51 -91
-232 754
-273 912
77 95
91 166
97 355
261 -336
278 -445
208 917
285 499
320 727
329 -274
390 76
408 135
542 574
446 -88
693 516
754 478
802 503
581 -52
543 -398
659 -330
724 -299
920 -151
526 -546
802 -392
96
292 -624
-148 -618
-199 -574
69 -585
-553 -461
-597 -428
-412 -467
-11 -537
-164 -491
-278 -453
-577 -239
-671 -171
-7 -481
-525 -221
-315 -323
-272 -324
-717 -58
-442 -179
2 -447
-660 7
-215 -280
-699 65
-612 107
-645 147
-659 177
110 -468
-250 -139
-538 124
-5 -306
-248 -13
-241 -20
-60 -225
-508 287
-26 -260
-354 132
-216 4
-289 116
-355 210
-177 72
-94 -45
64 -271
-216 174
-282 278
-251 234
93 -262
29 -133
-139 196
-115 188
97 -192
-110 294
-187 488
-195 563
124 -213
-193 659
-32 251
-11 204
-17 224
135 -176
6 244
-66 536
35 446
162 -33
6 734
55 623
100 595
188 72
265 -347
192 409
196 463
269 -54
274 83
276 390
297 -42
364 533
343 183
315 -329
392 488
338 -175
355 -283
388 -188
458 107
508 -28
457 -243
350 -491
334 -533
522 -182
444 -373
611 -167
653 -111
632 -146
603 -210
536 -325
422 -485
547 -363
488 -486
426 -566
66
112 -294
-8 -291
-162 -222
-123 -211
-138 -168
-311 -15
-50 -181
-295 9
-241 27
-122 -78
-194 -5
-281 105
-269 120
-1 -161
47 -211
-170 79
-172 121
-122 88
52 -185
-3 -82
-169 241
-96 155
-27 22
-94 186
-73 161
-101 242
-18 62
-95 280
-101 305
92 -237
-45 156
-9 66
-48 208
-22 162
79 -83
91 -56
76 172
72 236
82 243
92 141
114 124
125 163
161 256
141 -134
186 97
200 137
214 201
209 150
130 -214
230 169
215 67
261 109
218 -10
276 141
236 -6
210 -117
277 -30
257 -72
312 3
192 -189
150 -248
250 -129
267 -140
234 -178
171 -254
256 -199
74
-254 -612
-328 -580
-287 -571
-612 -131
-628 173
-610 158
-514 94
-478 47
-428 -39
-332 -272
-394 116
-416 361
-321 -23
-335 165
-326 173
-340 394
-295 -113
-259 282
-240 520
-240 132
-193 381
-207 107
-184 137
-139 60
-114 176
-69 420
-93 250
-86 -41
67 394
107 485
161 626
76 342
196 620
-136 -289
113 384
227 616
-85 -209
15 13
214 396
309 441
344 480
99 14
-21 -210
-128 -399
310 231
217 81
339 232
-99 -395
367 240
242 48
46 -253
279 25
-41 -363
367 92
492 225
42 -284
315 -53
322 -72
-30 -408
-183 -552
357 -121
292 -191
235 -326
337 -293
136 -412
359 -300
271 -370
430 -317
625 -241
179 -443
55 -514
466 -384
99 -549
299 -527
37
186 -719
-259 -661
-451 -481
-723 -167
-267 -379
-403 -227
-518 -127
-256 -278
-480 50
-578 219
-171 -258
-639 435
-125 -118
-102 136
99 -434
-123 509
-59 278
-32 239
21 308
-4 729
147 91
167 493
191 584
209 369
305 -189
317 -169
261 -418
365 -98
501 341
526 245
385 -247
697 284
713 -1
623 -298
517 -475
314 -638
483 -576
12
326 -745
-194 -743
-582 -314
-175 -375
-456 -93
-673 105
-106 488
55 321
335 -142
333 -657
557 41
667 -225
60
-178 -482
-469 -238
-273 -387
-517 -64
-550 30
-349 -212
-387 -108
-307 -221
-468 134
-416 263
-245 -253
-375 287
-358 231
-380 398
-268 447
-197 -231
-174 -204
-172 -125
-162 50
-140 516
-101 405
-84 541
-85 418
-124 -27
-92 240
-70 204
22 414
33 207
64 274
-55 -107
188 369
204 401
41 1
304 433
323 389
210 154
289 155
311 163
297 134
285 2
428 82
514 157
183 -150
453 98
286 -99
165 -201
485 59
56 -322
439 -74
239 -209
537 -58
244 -237
453 -123
517 -129
88 -370
339 -309
292 -331
163 -380
398 -362
102 -438
71
-42 -229
-121 -205
-130 -199
-174 -181
-175 -140
-111 -181
-233 -85
-131 -158
-107 -165
-181 -48
-138 -97
-174 -45
-143 -88
-150 -62
-113 -113
-151 -19
-214 109
-198 127
-183 141
-184 159
-142 112
-51 -195
-67 -114
-76 -61
-80 -18
-101 114
-101 151
-90 112
-83 116
-72 58
-70 192
-68 176
-50 121
-48 192
-40 -61
-40 -161
-25 176
-7 134
-12 68
2 195
4 121
21 76
-7 -74
30 25
11 -65
48 15
63 20
50 -23
71 4
82 25
84 3
175 164
82 -26
64 -66
12 -151
101 -28
83 -58
150 31
28 -139
64 -107
131 -32
85 -99
225 18
242 15
230 -14
156 -106
167 -108
190 -99
123 -182
56 -205
27 -229
31
-347 -411
-442 165
-426 140
-393 -66
-291 338
-235 59
-195 217
-277 -200
32 540
-227 -186
-105 41
-95 -36
-207 -205
126 183
115 145
258 308
27 17
307 231
-27 -166
64 -112
402 103
528 102
194 -105
105 -173
477 -74
-142 -351
372 -298
-168 -385
425 -314
340 -365
220 -377
10
-171 -394
-455 -235
-353 -25
-351 -23
-309 311
214 357
12 -184
283 62
157 -178
85 -375
85
62 -860
-421 -775
-788 -461
-826 -378
-614 -474
-604 -462
-391 -565
-923 -44
-711 -159
-582 -235
-804 0
-792 59
-703 43
-637 -2
-806 246
-717 158
-501 -67
-561 101
-578 190
-309 -249
-386 -43
-216 -294
-245 -107
-374 212
-554 711
-398 314
-349 205
-453 478
-449 665
-395 514
-206 -51
-319 338
1 -660
-194 38
-314 513
-359 784
-249 552
-255 613
-139 168
-224 649
-175 431
-197 806
-126 425
21 -576
-14 255
-15 926
26 337
21 510
57 -419
77 409
70 -195
80 307
105 744
146 250
162 57
305 688
305 579
304 342
311 360
301 283
298 104
342 167
173 -460
576 491
362 -76
510 275
273 -361
512 125
672 439
414 -261
749 269
733 179
606 -103
310 -522
805 38
868 110
758 -74
792 -165
863 -196
863 -271
662 -507
510 -668
606 -628
514 -743
247 -855
11
90 -206
-209 -9
-172 76
-182 98
-55 -36
-65 139
52 -87
96 -69
147 143
175 23
228 -11
48
95 -180
-100 -179
-116 -165
-76 -145
11 -152
-194 -73
47 -155
-141 -54
-117 -61
-39 -94
-50 -85
-166 -7
-74 -56
-5 -106
-126 0
-158 38
1 -98
-103 -4
35 -125
-181 87
-59 -19
-151 128
-17 -19
10 -31
-36 80
44 -78
44 -69
-30 122
-41 164
13 31
-46 190
-10 111
43 -30
-4 136
15 76
26 163
25 200
69 0
94 186
105 124
113 -13
129 82
159 87
197 68
125 -127
165 -63
201 -43
198 -73
21
31 -793
-269 -540
11 -758
-284 -108
-324 0
-214 -152
-121 -364
-181 -109
-383 575
-250 251
-291 722
-54 -379
-41 275
35 -436
63 351
84 -66
152 -230
309 285
347 402
388 453
192 -611
56
-89 -530
-493 -429
-458 -373
-592 -277
-281 -381
-553 -60
-185 -422
-310 -235
-429 -14
-536 246
-222 -253
-311 23
-234 -139
-389 387
-345 478
-285 267
-162 -128
-238 420
-156 -68
-150 370
-125 117
-138 371
-118 96
-78 147
-14 647
-47 88
-7 421
-5 314
30 566
16 389
139 640
168 533
125 301
150 178
120 -17
135 4
241 242
352 454
228 79
185 -5
338 264
534 384
-11 -417
340 72
200 -127
384 117
150 -212
331 -8
125 -320
344 -154
554 -104
645 -193
450 -337
529 -355
273 -516
388 -525
58
-243 -499
-472 -414
-536 -271
-600 -191
-523 -38
-397 -219
-469 -35
-421 -71
-473 142
-423 259
-328 -137
-400 270
-389 311
-363 245
-342 181
-348 363
-300 27
-330 335
-248 128
-225 -180
-188 -7
-95 318
-68 235
10 461
-52 20
168 484
168 462
-46 -104
172 325
193 256
263 288
277 279
155 92
-113 -312
282 175
494 397
150 -35
250 58
124 -86
394 216
-26 -268
331 70
276 -4
460 60
236 -130
576 83
71 -276
362 -79
559 19
467 -151
219 -340
336 -308
325 -321
126 -404
497 -345
355 -419
389 -423
77 -481
99
-43 -776
-165 -767
-501 -658
-776 -285
-680 -313
-548 -344
-486 -356
-397 -399
-432 -287
-401 -316
-446 -68
-452 39
-446 73
-392 -1
-362 58
-307 -85
-547 556
-532 523
-183 -395
-190 -374
-339 169
-466 595
-289 32
-290 205
-285 405
-335 725
-234 236
-161 -90
-188 155
-200 254
-226 623
-197 404
-218 645
-146 443
-68 -421
-94 176
-58 -481
-55 -343
-61 744
-52 553
-40 622
26 818
16 99
68 349
111 550
70 134
0 -460
126 401
154 573
164 586
74 -145
145 177
51 -337
179 142
331 695
308 497
349 532
371 558
339 391
365 469
4 -635
285 186
360 332
92 -416
134 -324
272 -27
433 256
581 546
386 88
673 258
376 -176
741 324
599 110
488 -62
265 -384
715 163
313 -341
750 160
613 -20
297 -388
566 -120
460 -264
224 -508
607 -157
648 -120
608 -210
718 -127
709 -169
819 -85
500 -360
752 -200
534 -359
286 -544
695 -313
187 -645
348 -559
503 -506
201 -692
13 -770
97
-33 -227
-114 -206
-149 -175
-242 -62
-239 -62
-224 -70
-249 -17
-243 -16
-228 -18
-97 -146
-215 18
-139 -65
-143 -52
-179 46
-54 -184
-110 -63
-171 114
-172 162
-152 118
-129 60
-159 156
-144 159
-136 135
-132 149
-135 164
-78 -14
-44 -158
-71 27
-89 229
-83 185
-68 104
-59 39
-45 43
-36 -29
-32 113
-31 178
-28 201
-30 21
-32 -185
-18 101
-6 26
10 163
-12 -45
26 224
15 121
30 172
24 97
-11 -106
38 155
41 67
36 23
67 119
50 41
49 33
19 -66
96 124
71 54
144 204
140 194
103 66
59 -37
127 98
13 -135
159 133
119 46
136 68
163 95
71 -63
160 68
180 82
149 37
156 39
143 15
200 83
150 1
176 27
131 -47
238 66
239 59
238 29
234 17
103 -107
165 -60
190 -40
68 -144
106 -124
240 -41
-9 -213
193 -97
161 -120
234 -82
160 -147
14 -208
137 -163
48 -199
174 -166
163 -170
55
266 -760
-419 -630
-603 -458
-739 -389
-751 -327
-786 -154
-66 -542
-824 6
-80 -475
-102 -404
-330 -62
-269 -109
-424 176
-528 385
100 -493
-68 -139
-82 34
-136 162
-77 88
18 -83
4 161
107 -137
74 9
-37 505
58 202
240 -619
65 715
203 -283
145 206
189 -89
198 -112
235 -62
219 372
245 -14
271 -429
399 475
310 -416
452 632
381 99
301 -501
419 192
499 381
472 73
582 507
607 392
654 431
376 -467
475 -250
741 258
514 -294
304 -694
455 -441
771 55
825 41
560 -563
11
323 -775
-523 -179
-514 395
-171 4
-127 604
-8 408
144 209
308 524
673 108
762 -287
666 -585
28
470 -805
-47 -783
-324 -631
-101 -669
-581 -418
-853 -261
-94 -542
-701 -176
-812 55
277 -650
-433 43
-756 358
23 -348
-474 216
-384 165
-593 805
-220 252
82 93
235 -230
-93 653
41 687
321 382
417 460
425 550
500 665
671 456
687 469
868 122
94
-17 -398
-166 -322
-176 -307
-149 -311
-259 -218
-329 -159
-356 -128
-103 -327
-375 -93
-317 -137
-248 -193
-249 -179
-153 -268
-116 -298
-281 -105
-263 -104
-263 -62
-355 64
-158 -192
-237 -43
-99 -265
-234 -31
-309 222
-304 233
-282 204
-233 136
-222 119
-168 22
-62 -262
-236 320
-132 49
-136 173
-127 131
-151 247
-155 289
-38 -293
-133 282
-26 -339
-70 6
-108 299
-77 122
-87 260
-30 48
-2 319
57 389
21 0
36 15
82 333
61 98
64 111
103 188
130 305
92 70
45 -135
30 -199
148 260
72 -87
80 -60
167 171
172 177
36 -238
236 263
73 -187
68 -212
124 -94
124 -96
87 -182
295 193
262 106
228 32
264 92
128 -189
300 49
142 -177
314 37
210 -100
171 -159
292 -17
78 -282
320 -2
128 -238
321 -40
287 -82
290 -79
362 -10
361 -85
370 -84
181 -258
365 -138
46 -356
361 -164
209 -276
293 -257
56 -379
10
78 -328
-406 -151
-282 55
-100 -127
-254 85
-262 132
-241 107
41 -71
82 -4
248 113
53
-309 -586
-551 -256
-636 -80
-478 -275
-451 -250
-416 -300
-460 -135
-440 -145
-455 171
-418 -3
-437 113
-379 -145
-333 -430
-424 237
-323 -130
-267 357
-240 123
-199 129
-214 -11
-102 573
-140 305
-250 -334
-107 258
5 622
-87 158
-22 342
-219 -322
145 575
26 205
4 80
-103 -154
156 385
343 514
328 468
163 160
184 172
96 28
308 348
388 456
444 469
457 332
496 241
-155 -434
252 -58
345 -85
571 46
-29 -418
113 -346
551 -260
513 -355
-147 -555
306 -481
140 -540
61
48 -226
-50 -214
23 -222
-33 -189
-161 -127
-233 -28
-211 -10
-156 -30
-116 -52
-169 40
-37 -112
-120 33
-132 59
-119 94
-80 83
-127 205
-57 59
-7 -69
-63 124
-84 203
33 -173
-54 145
-57 219
-43 209
-28 180
-2 83
-20 206
12 81
40 -135
17 179
27 140
33 55
42 -82
46 130
50 -39
53 -37
56 53
59 136
68 227
53 -134
69 138
85 216
70 -60
108 100
49 -223
156 61
155 20
148 -41
216 49
155 -63
229 45
182 -30
118 -137
144 -115
189 -64
235 -21
93 -177
188 -77
143 -141
208 -111
188 -143
24
521 -513
-603 -480
177 -481
-648 -68
-463 -132
-173 -225
-142 -227
230 -356
46 -235
111 -232
-589 291
-420 264
186 -222
195 -228
219 -210
122 -86
-428 512
206 328
508 375
565 -10
631 411
598 -265
642 -181
659 -413
