76 58
886 633 193 764 316 109 284 124 511 370 339 711 855 392 596 541 147 880 807 338 807 728 633 792 606 636 937 312 650 855 518 535 784 611 596 397 917 780 421 427 149 958 434 904 646 327 741 990 206 844 328 309 869 257 100 474 793 938 984 443 188 501 878 268 111 473 565 928 252 283 652 301 537 382 204 182
83
101 -567
-315 -501
-308 -440
31 -539
-477 -302
-302 -356
-95 -459
58 -543
-432 -258
-434 -237
-449 -191
-373 -175
-509 -37
-253 -237
-570 63
-202 -276
-455 162
-250 -68
-371 169
-103 -232
-439 323
-338 228
-379 368
-204 86
-136 6
-318 457
-209 235
-145 187
-183 364
-225 514
-147 266
-201 522
-53 47
-80 170
-116 338
17 -209
-29 10
-39 188
-22 127
97 -543
-73 588
-4 136
1 171
-22 354
26 1
21 95
-18 523
88 -321
63 447
96 -124
98 549
147 312
174 523
160 -57
128 -359
243 477
264 452
257 341
211 -34
294 348
294 325
327 431
365 394
384 434
293 86
354 223
363 219
140 -464
418 148
463 216
387 -5
150 -481
404 -48
476 47
562 52
350 -307
473 -263
497 -251
267 -478
381 -418
295 -497
246 -538
240 -542
53
-234 -841
-382 -796
-447 -765
-467 -719
-534 -580
-874 -264
-785 -300
-803 -187
-318 -721
-443 -408
-740 274
-726 339
-579 180
-529 161
-454 -51
-500 563
-357 -191
-393 377
-377 704
-292 619
-169 719
-164 117
-127 493
-134 207
-57 543
58 552
102 554
115 465
253 862
-138 -509
129 239
83 0
254 399
-43 -377
377 386
474 566
482 547
189 -64
-3 -437
441 157
530 263
405 31
-1 -608
445 -195
442 -225
820 13
545 -354
460 -434
663 -407
412 -610
354 -638
692 -572
434 -804
17
23 -247
-139 -199
-305 -118
-397 -31
-233 -110
-259 -71
-366 174
-245 124
-304 245
-82 41
-63 34
-1 4
19 -104
33 44
88 415
110 156
148 280
70
7 -265
-93 -239
-108 -231
-97 -223
-69 -226
-230 -105
-219 -50
-191 -74
-280 27
-178 -10
-229 69
-139 -54
-42 -185
-137 -12
-214 132
-72 -104
-171 105
-172 124
-191 208
-34 -167
-97 -9
-130 80
-109 46
-116 79
-150 232
-79 22
-135 211
-32 -118
-86 89
-51 5
-88 186
-32 -73
-66 157
-74 230
-17 -89
-28 146
-20 120
-6 -77
16 -21
20 13
36 235
33 28
64 13
117 243
85 95
98 90
117 153
65 -58
134 133
154 193
90 -16
136 48
173 126
129 -23
149 -39
248 116
232 89
167 -18
101 -121
204 33
145 -86
184 -38
250 43
133 -107
107 -147
270 22
243 -28
263 -82
106 -197
40 -262
86
-150 -689
-402 -570
-608 -349
-555 -370
-494 -387
-593 -238
-702 -99
-467 -332
-591 -117
-361 -358
-536 -66
-544 18
-398 -232
-506 -26
-450 35
-403 -36
-494 325
-458 297
-426 264
-409 216
-411 258
-326 60
-395 524
-284 14
-278 185
-270 241
-162 -582
-264 400
-255 352
-262 566
-259 646
-196 -16
-198 201
-189 252
-172 407
-152 452
-141 321
-145 -235
-139 190
-119 -171
-70 558
-112 -165
-107 -205
-72 66
11 695
-85 -133
-78 -120
41 369
29 241
64 273
160 645
-103 -491
-34 -236
161 524
125 371
164 429
230 624
260 605
146 182
222 272
-26 -391
91 -111
328 233
465 494
341 185
526 419
-38 -507
350 121
450 253
416 133
548 318
687 121
174 -378
543 -26
238 -324
606 10
549 -45
546 -111
515 -143
376 -262
-105 -654
687 -57
205 -436
446 -407
593 -365
283 -512
45
-130 -822
-535 -649
-222 -759
-820 -199
-485 -469
-525 -407
-810 -32
-421 -461
-645 -96
-485 -287
-702 96
-324 -474
-566 130
-495 -24
-437 -126
-415 113
-455 333
-411 234
-196 -541
-431 549
-360 284
-281 582
-194 69
-51 428
48 665
19 331
69 619
175 543
62 17
196 235
111 -83
341 583
51 -449
6 -559
365 -5
696 279
507 23
538 -224
597 -215
689 -159
616 -292
681 -388
413 -620
123 -762
131 -818
30
51 -854
-236 -726
-477 -558
-546 -515
-537 -404
-607 -173
-279 -445
-727 126
-649 37
-221 -224
-164 -270
-401 446
-124 -306
-3 248
18 -94
114 -181
248 841
226 355
373 649
373 354
436 66
283 -427
430 -167
318 -374
355 -311
664 -294
215 -720
437 -573
675 -420
437 -748
5
417 -464
-169 237
35 270
257 84
624 -50
57
-67 -447
-158 -443
-164 -430
-341 -296
-276 -303
-384 -108
-166 -221
-307 113
-193 -141
-178 -70
-208 40
-183 148
-194 355
-128 106
-88 -90
-88 -88
-28 142
69 388
72 376
77 377
3 -66
49 136
77 248
132 408
51 38
-24 -272
149 393
53 -23
124 207
153 291
175 327
75 7
52 -78
213 380
105 56
197 248
232 215
261 210
152 -42
224 8
152 -111
244 24
136 -140
93 -223
362 137
284 7
420 175
391 107
396 98
215 -143
-2 -379
279 -107
307 -164
327 -227
-8 -428
329 -327
262 -355
86
183 -486
30 -484
128 -481
27 -460
-235 -404
24 -444
-305 -345
-275 -335
-238 -339
-273 -320
-307 -307
-18 -398
-227 -294
-114 -346
-449 -188
-351 -220
-435 -53
-521 36
-99 -253
-163 -176
-409 51
-256 33
-265 55
-276 85
137 -428
-68 -152
-147 -37
-57 -136
-132 13
31 -226
-44 -88
-102 31
-58 15
-97 108
-102 155
163 -433
-73 218
-140 450
-67 359
73 -91
88 -143
16 305
75 130
100 0
111 36
101 150
126 -33
96 439
162 -245
136 126
174 163
183 -300
221 304
236 330
239 330
256 469
206 -198
279 433
253 69
233 -122
315 365
296 176
290 72
313 35
289 -68
387 227
264 -240
398 122
428 204
394 106
238 -335
466 212
465 127
417 9
442 10
407 -63
324 -236
306 -268
517 52
429 -97
346 -254
503 -33
506 -54
421 -179
457 -183
369 -341
31
-289 -311
-458 -28
-344 86
-287 -184
-218 296
-166 303
-168 269
-145 107
-205 -74
110 470
90 265
17 149
252 436
103 124
-47 -67
-69 -91
-179 -234
401 159
286 57
418 111
-152 -232
111 -81
358 -17
391 -5
173 -111
130 -238
203 -245
260 -243
314 -244
4 -295
7 -311
4
0 -193
-150 -39
-141 72
214 92
69
101 -932
-278 -892
-7 -907
-161 -767
-563 -433
-653 -365
-674 -199
-286 -510
-806 137
-744 81
-59 -722
-232 -483
-239 -456
-668 202
-510 171
-608 572
-313 27
-501 565
-343 278
-23 -469
-114 199
0 -378
-199 831
-113 442
16 -301
-83 456
-96 889
-96 890
56 -386
8 239
85 -620
50 256
73 -212
58 916
106 454
156 243
171 376
197 754
145 -254
213 793
211 706
293 865
326 603
274 69
445 715
413 467
550 594
250 -433
563 542
504 316
189 -681
544 218
547 156
290 -482
593 210
673 335
660 195
713 250
772 318
825 404
785 295
853 358
818 237
555 -310
319 -637
673 -215
163 -864
637 -347
422 -660
30
3 -183
-149 -103
-161 -71
-181 32
-102 -60
-95 -35
-97 107
-66 118
-72 149
-52 62
-68 134
-24 -53
-20 -72
-44 49
-39 40
-23 46
-11 148
-7 133
-5 100
25 131
9 -102
31 137
36 31
54 134
75 79
91 135
118 89
113 38
97 -42
116 -102
68
204 -959
-624 -701
-420 -740
-580 -680
-536 -667
-578 -546
-263 -675
-800 -347
-955 -140
-898 -119
-205 -621
-536 -278
-325 -466
-928 120
-636 -120
-776 75
-775 163
-691 218
-684 367
-792 561
-660 483
-539 400
-460 642
-497 833
-124 -48
-173 208
17 -267
-87 354
-80 328
-188 840
-129 595
-112 685
-119 780
-9 380
64 -58
152 -495
121 -205
51 578
144 -186
86 645
75 955
164 140
179 354
192 832
203 611
396 652
352 162
287 -341
444 722
387 87
371 -131
506 443
284 -644
549 349
646 524
410 -274
554 102
744 401
615 -3
296 -774
693 -77
858 200
553 -397
956 172
778 -114
655 -365
808 -462
746 -594
71
5 -513
-230 -456
-280 -416
-337 -336
-460 -192
-392 -234
-239 -319
-145 -392
-460 -119
-526 -62
-504 46
-525 76
-290 -185
-520 104
-404 1
-203 -185
-352 76
-391 144
-316 72
-20 -467
-256 -24
-371 203
-271 13
-363 273
-296 133
-208 19
-105 -230
-326 405
-315 375
-190 172
-185 265
-160 214
-151 248
-52 -206
-81 58
-52 -106
-116 502
-35 -157
-8 456
6 -73
56 533
76 114
169 332
216 354
249 342
284 440
274 384
247 214
240 45
245 51
372 341
404 339
223 -49
220 -88
354 110
417 101
67 -432
524 115
397 -164
245 -304
210 -336
325 -274
495 -180
472 -204
428 -234
209 -385
446 -255
352 -320
192 -419
167 -454
180 -480
39
0 -93
-57 -81
-42 -82
-83 -66
-51 -61
-24 -60
-36 -42
-14 -73
-75 19
-70 20
-88 53
-71 28
-59 52
-47 23
-46 25
-34 -4
-49 52
-45 60
-48 72
-23 -12
-33 44
-25 61
-23 72
-22 100
0 40
7 7
20 98
18 48
8 -38
33 46
20 -24
8 -67
28 -7
65 51
40 -14
47 -11
56 -48
76 -60
71 -81
20
2 -264
-179 -124
-119 -120
-239 27
-152 -63
-105 -118
-207 65
-175 61
-130 28
-159 201
-45 -76
-23 -162
-25 -12
-3 148
31 -111
87 -20
118 3
209 -68
229 -75
147 -153
87
87 -433
-149 -400
-189 -364
-249 -302
-118 -351
-265 -280
-286 -264
-374 -205
-137 -320
-294 -236
-70 -342
-428 -47
-271 -157
-383 -70
-318 -102
-110 -254
-153 -189
-385 63
-397 105
-343 54
-177 -124
-325 109
-303 99
-228 2
-193 -15
-153 -36
-247 153
6 -286
26 -322
-266 210
-204 101
-250 194
-187 143
-108 -23
47 -347
-115 3
-94 -39
39 -325
-186 235
-144 135
-164 193
-164 214
-114 163
-121 200
-129 399
-8 -51
57 -311
3 -66
9 -79
-35 165
-84 422
10 -29
-7 109
-22 259
28 127
73 -282
37 166
24 344
45 298
55 223
67 -3
72 -12
88 -282
117 405
113 143
141 327
146 -76
199 232
190 146
290 322
165 -156
201 -77
269 93
249 15
339 233
275 52
314 146
276 -23
161 -294
351 -20
148 -340
398 -33
264 -207
231 -257
173 -342
375 -135
233 -364
98
-56 -158
-147 -98
-127 -104
-180 -39
-74 -137
-131 -68
-182 -2
-86 -120
-130 -62
-162 -20
-172 -5
-129 -58
-119 -71
-119 -67
-122 -60
-150 -11
-80 -119
-128 -32
-134 -15
-146 36
-110 -31
-129 17
-151 85
-104 27
-106 49
-110 71
-117 137
-112 117
-96 56
-85 53
-69 18
-63 110
-63 151
-45 178
-45 138
-47 35
-42 119
-47 3
-37 111
-26 177
-38 35
-1 139
15 158
-36 -72
15 131
3 79
-18 -16
-3 38
31 145
4 26
-7 -23
13 25
59 144
36 73
73 164
75 129
75 122
60 72
-35 -117
-31 -110
98 132
87 94
90 90
-27 -113
121 97
80 32
137 101
95 43
53 -20
118 55
96 18
121 46
93 12
129 42
108 17
150 51
106 -7
174 53
160 33
28 -85
26 -88
170 28
-20 -129
183 25
87 -52
3 -119
100 -59
39 -101
139 -55
123 -69
149 -71
116 -111
74 -125
145 -113
125 -121
-18 -152
-24 -154
33 -147
22
238 -575
-97 -430
-444 -74
-220 -133
-625 384
-439 226
-561 474
46 -257
-397 625
127 -346
-335 623
51 -184
-127 344
-20 421
67 255
62 620
72 719
250 365
328 266
529 443
632 299
519 -420
43
-197 -811
-487 -692
-703 -186
-633 32
-556 -31
-524 77
-532 234
-448 39
-395 365
-421 583
-327 236
-290 -50
-307 316
-329 544
-298 566
-194 248
-150 443
-119 344
-31 398
-25 180
82 699
106 575
242 743
49 47
155 338
274 215
468 570
470 414
217 -84
81 -333
651 460
447 134
304 -285
-102 -715
818 155
68 -598
416 -349
704 -187
398 -412
597 -514
21 -747
284 -738
435 -748
100
99 -303
-99 -299
-11 -299
-122 -293
-171 -277
-149 -269
-194 -256
-228 -210
-195 -219
-40 -262
-121 -237
-233 -199
-115 -233
-175 -208
-146 -205
-163 -182
-282 -98
-188 -148
-84 -199
-138 -168
-286 -82
-223 -68
-28 -207
-121 -124
-171 -67
-307 93
-292 91
-246 48
-137 -60
-206 17
-298 126
-270 120
-288 144
-152 -11
-252 115
-251 137
-239 124
-237 125
-8 -166
-82 -71
-255 154
2 -154
-178 132
22 -179
-79 6
-108 136
-116 174
-82 108
-99 205
-40 76
-94 233
-108 286
-47 132
-87 304
-26 151
-53 262
-53 274
-3 90
45 -78
37 -44
20 177
67 -93
72 -122
65 -42
56 299
67 211
66 264
87 241
99 176
104 76
117 33
120 87
132 190
145 258
118 -79
146 120
178 215
188 213
177 128
199 247
182 99
152 -56
156 -56
217 57
237 106
256 77
234 3
171 -160
304 79
225 -84
273 -5
184 -174
269 -53
299 -24
207 -178
266 -111
187 -202
160 -236
220 -179
224 -227
8
72 -213
-10 -180
-58 -157
-239 44
-193 55
-189 122
-145 154
156 89
11
0 -183
-321 -23
-128 -100
-112 105
-99 279
-15 57
59 10
208 158
275 39
302 57
333 3
91
1 -96
-30 -95
-79 -54
-68 -55
-61 -59
-87 -34
-98 -7
-53 -47
-54 -43
-95 0
-79 -15
-93 0
-87 -4
-94 6
-67 -22
-10 -84
-40 -48
-96 25
-37 -34
-74 30
-29 -39
-70 55
-37 -9
-52 34
-60 74
-45 35
-41 29
-21 -26
-33 25
-34 34
-24 24
-11 -37
-9 -44
-15 1
-15 4
-23 63
-18 86
-13 71
-9 38
-8 51
-4 22
-1 -45
-1 87
0 51
3 30
9 54
7 -4
23 77
25 78
27 74
30 82
28 67
32 72
36 88
34 52
31 33
30 28
23 -2
3 -89
22 -23
17 -45
32 -7
20 -43
60 68
54 45
60 58
49 19
70 55
46 -15
42 -38
65 -9
92 22
83 10
54 -28
38 -49
86 -1
66 -24
71 -22
99 7
74 -23
76 -26
48 -57
18 -82
67 -50
55 -61
72 -50
69 -57
13 -90
48 -84
28 -94
17 -96
90
23 -244
-182 -164
-200 -142
-191 -117
-145 -133
-132 -122
-215 -41
-134 -110
-230 -18
-66 -163
-116 -104
-210 -9
-73 -146
-164 -38
-1 -216
-203 46
-144 -25
-211 75
-207 70
-169 28
-119 -17
-154 39
-167 64
-132 38
-133 52
-173 148
-60 -72
-170 190
-131 122
-81 10
-96 47
-103 69
-140 175
-92 59
-64 -8
-45 -51
-38 -64
-33 -77
-82 92
-79 84
-73 72
-79 107
-28 -65
-49 20
-58 64
-32 -28
-81 174
-50 102
-6 -105
-9 -69
-48 145
-17 -4
2 -79
-30 177
-23 208
6 -76
14 24
17 204
21 -27
25 86
52 227
31 -118
57 247
51 53
71 240
63 127
68 144
84 239
63 -40
58 -73
89 34
104 48
150 178
106 31
166 151
119 -31
189 114
113 -67
205 74
164 -4
195 38
168 -21
163 -33
165 -49
237 33
161 -69
172 -109
153 -143
159 -142
219 -134
68
163 -609
-230 -514
-116 -541
-149 -514
-78 -518
-230 -419
1 -528
-341 -294
-249 -293
-99 -390
45 -501
-310 -163
-398 -79
-246 -222
-212 -226
-172 -244
141 -584
-86 -289
-430 176
-439 345
-407 345
-406 366
-429 422
-303 335
-93 -73
-341 486
-156 135
-214 341
67 -367
-194 356
143 -554
-176 451
-42 47
-74 174
-21 18
-171 548
-67 211
-105 358
-171 598
-71 279
-9 149
-42 325
122 379
139 473
157 272
164 -194
193 118
192 -235
266 38
281 93
373 336
416 326
415 272
395 36
466 132
485 119
591 136
622 40
369 -342
569 -93
420 -322
588 -157
498 -289
563 -257
303 -492
341 -474
377 -486
331 -539
94
17 -111
-50 -106
-55 -96
-81 -85
-91 -80
-103 -67
-37 -87
-113 -49
-104 -53
-106 -47
-115 -42
-51 -74
-71 -61
-119 -30
-96 -39
-28 -80
-40 -70
-48 -61
-39 -62
-83 -22
-90 -14
-8 -82
-107 39
3 -94
-55 -15
-99 47
-57 -9
-104 57
-60 1
-26 -48
-47 -16
11 -102
-86 56
-20 -50
-66 28
-17 -52
-36 -12
-29 -17
-74 76
-29 -16
-79 94
-62 70
-71 100
-31 17
-46 84
-38 99
-26 90
-11 41
0 26
-11 115
-8 116
2 52
4 122
13 -31
14 -17
15 10
17 -96
25 54
35 62
30 -1
38 39
35 13
20 -91
43 59
33 -28
53 50
42 -3
45 1
53 32
62 61
69 71
50 -1
44 -27
81 87
73 59
72 52
77 63
65 5
79 10
41 -70
84 2
50 -56
109 33
39 -78
51 -69
106 -3
65 -53
102 -26
51 -84
67 -74
88 -68
87 -75
89 -75
52 -94
71
-121 -322
-340 -86
-310 -95
-355 -11
-325 -7
-335 38
-201 -183
-242 -106
-274 -3
-273 -5
-311 152
-275 122
-285 167
-173 33
-169 13
-143 -156
-189 272
-139 -123
-148 123
-143 300
-135 84
-137 299
-132 136
-130 336
-124 12
-120 -16
-116 293
-110 336
-101 298
-64 320
-82 46
-52 244
-42 244
-91 -121
-72 4
-49 58
-21 195
-45 -60
-6 41
1 53
-38 -71
75 222
35 107
20 62
1 9
98 271
119 317
85 218
46 72
35 4
-93 -264
106 145
212 283
228 271
37 -69
76 -11
273 239
198 118
161 50
183 -25
293 47
193 -94
375 10
341 -22
-97 -310
370 -94
192 -226
248 -217
241 -220
134 -253
155 -293
12
106 -531
-351 -76
-584 267
5 247
337 96
469 363
561 489
576 309
703 344
545 -39
719 -142
710 -321
87
-30 -144
-85 -111
-52 -129
-77 -107
-67 -108
-141 -33
-90 -73
-80 -84
-125 -27
-128 -23
-139 -2
-104 -33
-123 5
-116 -6
-142 36
-106 13
-128 71
-73 -45
-113 60
-101 33
-79 -9
-102 60
-111 86
-113 95
-89 49
-98 84
-55 -57
-98 95
-93 83
-42 -78
-55 12
-72 119
-40 -66
-46 -6
-52 75
-36 -29
-36 -19
-28 -17
-18 80
-15 109
-9 138
-5 96
3 132
-8 12
-7 7
-15 -50
2 18
-16 -76
14 38
-27 -133
21 34
32 65
57 124
20 1
65 122
38 35
17 -22
64 79
-3 -85
68 69
76 80
97 111
91 78
115 88
114 75
99 52
71 9
39 -45
47 -55
62 -39
72 -51
44 -80
27 -98
56 -75
112 -34
1 -121
-4 -125
38 -99
142 -36
116 -54
104 -63
69 -105
71 -118
72 -120
77 -124
64 -127
55 -134
68
62 -595
-369 -455
6 -560
-485 -241
-441 -196
-453 -183
-489 -147
-350 -210
-401 -154
-562 46
-357 -145
-269 -221
-87 -409
-533 189
-425 62
-338 -54
-427 89
-121 -329
-537 277
-451 173
-398 118
-482 340
-193 -149
-179 -123
-277 224
-292 290
-344 429
-127 -112
-273 378
-39 -294
-193 183
-132 57
-157 338
-113 297
-141 547
-87 303
-76 309
15 156
40 -190
44 -260
8 596
41 -26
35 182
53 141
85 162
85 115
160 133
126 -165
208 335
279 387
343 419
429 351
291 -38
268 -95
419 180
397 65
230 -334
380 -123
429 -75
548 66
593 55
360 -240
310 -333
577 -71
403 -253
387 -356
500 -284
498 -319
73
-14 -880
-321 -792
-703 -473
-702 -454
-338 -603
-798 -153
-530 -294
-355 -401
-534 -120
-128 -702
-743 284
-282 -337
-239 -392
-470 142
-387 58
-552 495
-498 406
-422 326
-253 -78
-401 449
-356 305
-360 326
-462 761
-370 441
-105 -521
-244 57
-195 -123
-219 271
-183 113
-164 97
-191 310
-185 473
-123 545
-97 440
38 285
45 -58
198 837
179 558
58 -441
260 222
397 732
217 19
429 697
441 673
306 209
412 464
456 579
591 591
605 600
540 415
584 515
233 -305
522 338
180 -466
471 127
321 -208
528 151
183 -550
655 199
310 -406
769 217
441 -246
717 130
403 -324
115 -726
499 -417
868 -154
713 -336
763 -303
615 -429
736 -343
618 -530
328 -789
75
-215 -573
-437 -363
-480 2
-404 -113
-426 -56
-485 299
-448 273
-416 266
-358 98
-343 63
-276 -249
-390 476
-266 -205
-314 227
-283 341
-284 552
-265 566
-260 529
-209 -301
-202 -271
-175 327
-136 587
-170 -4
-130 242
-114 371
-141 -13
-61 592
-86 402
-93 319
-108 107
-120 -34
-97 75
36 623
-122 -171
-25 245
-174 -402
58 431
102 588
103 471
-71 -149
148 483
120 235
169 297
65 -66
359 453
123 26
312 347
77 -95
234 128
174 -10
351 196
114 -138
65 -212
505 330
95 -192
534 343
549 303
192 -112
375 84
447 91
478 62
205 -194
122 -271
429 3
387 -46
521 40
472 -11
318 -142
492 -151
616 -118
568 -154
267 -367
39 -497
311 -418
-120 -555
95
-22 -627
-231 -564
-387 -491
-250 -527
-226 -536
-546 -240
-479 -255
-533 -175
-631 -73
-342 -320
-509 -136
-227 -391
-621 90
-104 -523
-74 -553
-216 -333
-506 125
-241 -238
-351 -37
-425 124
-488 294
-311 -40
-376 115
-308 2
-475 382
-108 -422
-444 417
-238 -71
-271 35
-221 -73
-334 261
-49 -549
-165 -108
-70 -427
-286 513
-262 558
-73 -368
-174 316
-92 -192
-201 522
-37 -512
-95 409
-44 -307
-67 130
-54 192
-60 358
-47 129
-24 345
-16 149
-15 124
30 512
45 474
75 628
109 567
82 265
14 -322
114 440
39 -156
107 338
90 208
175 573
138 237
198 506
101 -54
82 -145
224 299
67 -327
261 306
266 313
339 513
98 -258
332 415
243 147
212 -51
178 -166
244 -28
200 -186
84 -418
93 -401
377 137
156 -304
470 201
434 26
587 228
501 48
223 -333
557 54
531 -31
631 -17
482 -181
376 -285
445 -254
415 -316
365 -497
277 -558
37
-105 -408
-376 -128
-440 65
-122 -367
-248 -21
-345 285
-217 -39
-200 -64
-166 264
-139 292
-114 171
-99 81
-85 446
-34 145
25 344
82 129
42 -39
139 201
95 76
214 255
269 251
154 9
327 221
256 66
80 -169
368 155
337 73
217 -88
318 7
221 -121
-17 -333
-16 -334
409 -33
414 -37
133 -293
148 -336
335 -294
14
-44 -318
-292 -99
-276 -15
-85 165
-72 136
-45 187
-5 301
-14 107
127 230
161 33
181 45
201 30
306 22
123 -280
62
39 -741
-217 -698
-286 -666
-487 -505
-173 -623
-599 -332
-383 -399
-565 -246
-600 -137
-705 82
-547 68
-336 -187
-174 -400
-183 -369
-559 272
-146 -394
-181 -321
-565 440
-156 -301
-391 299
-241 -56
-336 240
-412 562
-150 -160
-340 660
-143 119
-210 723
-81 89
-134 718
20 -340
-21 578
18 485
62 -5
99 51
127 -132
255 692
102 -410
272 461
269 327
281 337
188 -254
405 453
344 225
439 261
165 -464
440 15
596 296
390 -157
293 -347
624 138
435 -208
512 -112
680 -78
753 -21
411 -401
723 -132
494 -360
296 -536
381 -498
690 -296
381 -620
182 -721
19
115 -835
-687 -570
-533 -529
-857 -81
-368 469
51 -354
-14 353
134 -1
136 -8
333 726
401 147
527 317
564 299
275 -483
852 297
336 -505
818 24
905 39
753 -507
53
138 -719
-284 -541
-412 -397
-748 -146
-399 -346
-172 -502
-420 -278
-531 -147
-217 -396
-727 241
-236 -279
-515 55
-536 156
-318 -51
-383 95
-493 304
-407 379
-318 337
-434 631
-352 678
-208 350
-120 389
-67 455
-24 283
18 70
7 300
48 440
128 -558
101 -5
103 89
106 337
166 182
245 128
313 611
347 716
224 -217
288 138
409 355
237 -355
444 360
434 164
470 211
515 255
265 -393
417 -20
252 -441
306 -330
462 -143
648 30
589 -132
531 -226
551 -276
677 -287
74
223 -941
0 -918
-9 -866
-531 -674
-761 -518
-899 -347
-826 -367
-665 -413
-833 -247
-973 -87
-847 -43
-886 -10
-198 -574
-621 -122
-453 -280
-883 216
-406 -241
-90 -588
-741 222
-191 -407
-780 395
-729 401
-341 -41
-495 229
-28 -460
-598 644
-585 652
-436 744
-201 305
24 -345
-97 78
-289 721
-276 733
124 -534
-39 772
173 -611
116 -199
-28 848
35 477
130 -107
43 810
92 735
115 480
146 669
185 237
195 622
259 737
301 -95
395 894
338 81
440 735
379 250
489 566
333 -433
409 -124
414 -110
553 363
378 -333
683 656
664 465
661 411
531 -228
698 97
541 -258
619 -185
363 -690
464 -528
387 -670
576 -366
933 79
594 -418
377 -740
493 -714
575 -715
56
33 -437
-208 -280
-349 -158
-203 -256
-286 -132
-381 36
-131 -236
-289 -6
-262 -32
-333 83
-305 124
-240 91
-305 231
-101 -131
-331 398
-186 255
-92 -42
-78 101
-74 104
-80 251
-51 129
-79 482
-34 350
6 -49
-13 349
10 59
59 407
79 -60
117 194
138 254
176 417
188 448
245 428
190 127
89 -265
304 315
189 -17
275 98
391 338
347 240
328 115
344 135
356 125
309 16
228 -120
371 98
294 -64
389 45
400 15
295 -175
306 -171
265 -215
195 -296
480 -85
439 -133
455 -155
100
-320 -856
-429 -791
-741 -411
-868 -231
-675 -381
-917 -2
-811 -93
-905 126
-478 -584
-697 -63
-772 412
-564 -66
-550 -95
-427 -459
-555 77
-618 333
-487 -61
-339 -753
-568 522
-590 685
-398 -387
-536 511
-516 419
-540 590
-400 -275
-439 558
-387 -13
-393 254
-348 -217
-323 -356
-280 239
-262 244
-233 524
-236 471
-174 658
-129 673
-90 845
-201 -69
-213 -226
-117 181
13 753
-38 465
22 697
57 729
30 477
156 741
177 744
79 413
214 606
-6 -91
152 290
-208 -586
352 688
331 612
-4 -158
443 732
442 636
403 516
349 406
43 -176
547 721
79 -163
221 68
477 494
427 356
239 50
-125 -545
189 -45
186 -154
-165 -644
597 395
585 367
432 120
517 206
365 9
188 -227
331 -60
-134 -634
522 128
532 97
510 69
77 -418
725 268
791 266
353 -370
456 -317
504 -293
748 -133
38 -645
379 -449
249 -579
324 -546
301 -582
516 -509
702 -510
-50 -781
641 -607
-62 -797
177 -825
355 -831
68
151 -266
-97 -261
-69 -218
-301 -25
-214 -30
-200 -33
-256 18
-194 -24
-279 124
7 -122
-100 -5
-63 -42
-89 -12
-142 99
-196 182
-194 190
-120 96
-55 24
-108 106
-126 149
-63 58
-80 89
-21 6
-120 247
-87 210
-99 239
-71 188
-53 169
45 -35
-3 83
-52 219
-22 159
34 30
-12 150
21 69
11 120
-26 252
8 170
29 111
-31 298
33 171
99 -72
99 -58
58 118
23 295
81 208
100 124
126 -55
122 55
147 -218
140 -30
155 200
160 128
174 89
176 -40
178 -110
204 -80
241 46
268 104
256 65
260 61
269 51
212 -103
297 84
189 -188
252 -104
305 -40
171 -248
30
-197 -481
-321 -369
-347 -284
-424 -120
-500 18
-480 55
-335 -144
-429 126
-408 94
-220 -413
-199 428
-127 502
-50 522
-49 450
-41 430
-43 62
46 285
126 413
86 293
107 247
-15 -164
150 122
330 205
354 179
267 48
169 -94
485 198
374 -42
192 -206
259 -208
12
-286 -259
-321 -99
-350 114
-126 351
-162 148
-109 313
-100 329
-2 324
-232 -184
186 -17
362 -34
-167 -248
15
-141 -452
-254 -282
-144 -132
10 525
118 490
1 -104
258 376
245 336
316 462
274 339
345 422
-55 -327
250 -25
454 -158
-89 -442
42
-311 -392
-479 -115
-357 -213
-421 237
-391 106
-371 85
-382 189
-359 83
-339 -30
-347 288
-339 317
-291 -120
-251 183
-290 -217
-156 377
-133 437
-278 -240
-139 350
-248 -124
-158 229
-287 -295
-103 259
-156 79
-13 433
27 477
-160 -21
15 237
55 270
-247 -304
35 75
267 298
341 363
-10 -118
369 115
393 127
-70 -247
416 -47
189 -210
-103 -340
214 -279
425 -255
286 -290
62
37 -172
-110 -157
-127 -137
-164 -115
-22 -148
-106 -113
-91 -119
-170 -84
-33 -136
-137 -80
-109 -86
-104 -53
-189 31
-63 -82
-97 -31
-181 66
-69 -51
-74 -36
-62 -40
-101 16
-15 -96
-10 -100
-44 -8
-116 150
-102 144
-87 155
-34 41
-65 141
-40 78
8 -73
-66 186
4 -43
-45 194
5 60
13 117
32 96
33 77
35 137
42 113
46 97
42 -25
51 154
66 150
62 25
70 53
90 121
50 -132
108 34
70 -87
138 83
101 -26
87 -84
147 19
97 -75
72 -129
186 3
173 -43
53 -158
163 -76
145 -96
180 -81
116 -161
15
-234 -724
-287 -692
-533 -193
-254 -62
-223 575
-178 486
-156 610
359 482
506 599
323 159
82 -368
720 227
628 -28
594 -178
243 -490
50
-98 -859
-245 -829
-421 -736
-245 -763
-715 -411
-358 -631
-578 -290
-460 -426
-840 164
-148 -790
-594 -140
-535 -41
-513 180
-513 345
-587 592
-542 641
-489 717
-493 734
-230 -310
-276 -63
-333 410
-289 272
-271 418
-205 37
-147 -272
-97 -756
-62 234
-30 184
151 690
192 609
74 7
223 593
246 193
268 85
493 344
317 -130
691 428
609 212
747 273
298 -333
724 152
434 -214
482 -297
872 -67
817 -205
818 -215
617 -395
364 -678
173 -769
456 -721
30
131 -522
-361 -505
-307 -242
-234 -266
-160 -164
-34 -312
-138 -147
-95 -130
-172 48
-276 323
-32 -36
-119 269
36 -147
48 110
146 182
305 479
421 235
471 312
290 -145
319 -143
292 -202
298 -231
534 64
508 2
579 -17
425 -244
504 -188
345 -362
235 -451
331 -438
80
10 -719
-511 -594
-122 -662
-563 -453
-473 -468
-450 -464
-669 -313
-751 -185
-557 -242
-768 -43
-434 -325
-724 28
-436 -230
-502 -109
-768 215
-241 -405
-498 21
-663 365
-341 -152
-474 88
-457 104
-414 32
-455 116
-423 91
-522 297
-425 132
-607 524
-516 353
-173 -285
-377 380
-343 311
-349 368
-210 48
-225 324
-156 92
-240 644
-47 -371
-129 274
-39 -367
-70 104
-23 -350
-31 264
-14 230
17 508
18 563
74 565
90 785
63 217
103 723
90 326
203 623
136 74
125 -46
146 38
236 287
115 -284
284 349
365 404
447 460
475 466
527 590
432 325
457 338
535 492
642 465
632 344
179 -457
629 227
525 65
485 -8
628 164
669 197
325 -369
118 -608
522 -215
316 -443
438 -368
605 -267
534 -338
339 -576
6
19 -534
-194 -510
-558 -437
239 -49
643 245
372 -316
27
-42 -168
-98 -121
-149 -72
-124 -89
-133 -77
-134 -49
-118 18
-110 28
-120 60
-85 -38
-119 86
-92 7
-66 11
-62 170
-52 32
-44 130
-36 105
-35 54
-15 135
-7 -23
38 129
86 90
-20 -131
-17 -126
-33 -153
74 -138
109 -145
21
-83 -289
-184 -236
-166 -220
-266 -110
-140 -228
-294 28
-241 -4
-179 -54
-147 -75
-113 -47
-98 -108
-52 253
-57 110
56 181
109 189
91 134
83 71
72 -89
248 129
254 1
128 -152
53
-318 -740
-576 -552
-771 -195
-767 -187
-853 16
-835 117
-658 -166
-769 75
-650 172
-571 -20
-720 414
-571 121
-499 -80
-572 474
-422 -230
-505 201
-564 525
-451 51
-362 165
-327 -554
-373 468
-325 411
-317 373
-145 666
-184 331
-100 747
-62 497
-258 -472
194 262
440 731
146 69
-131 -484
549 425
232 -12
349 135
134 -167
598 298
327 -58
325 -101
494 -10
827 102
679 -32
117 -481
622 -193
399 -417
176 -521
269 -490
693 -312
159 -621
-140 -712
59 -689
360 -651
79 -734
