38 3
592 164 572 168 772 107 760 453 504 188 999 282 939 975 411 497 769 733 519 516 865 931 754 426 633 603 536 987 491 717 746 983 781 614 448 553 622 207
47
379 -489
-433 -482
-493 -463
-473 -459
-367 -452
-300 -429
-269 -431
-439 -380
-463 -353
-369 -358
-482 -312
315 -474
-463 -246
-467 -239
-493 -231
-466 306
-484 390
-442 383
-441 395
-385 367
-458 472
-388 448
-359 423
-401 486
-274 444
-249 444
-231 441
158 475
338 382
399 318
401 388
381 -418
417 343
446 434
464 454
453 297
452 277
494 434
477 238
483 118
410 -317
437 -290
484 -171
467 -307
479 -319
486 -404
438 -487
80
679 -927
-402 -913
-628 -900
-841 -885
-885 -879
-922 -871
-925 -867
-581 -866
-545 -865
-630 -832
-442 -830
-674 -793
-842 -761
-897 -746
-532 -774
-889 -492
-871 -456
-889 -403
-863 -393
-923 152
591 -863
623 -886
-904 311
-908 484
-862 506
-812 570
-823 596
-865 686
-806 717
-918 890
-741 753
-780 810
-799 858
-652 702
-760 855
-712 858
-680 846
-593 832
-654 917
-415 874
-256 906
641 -805
431 908
456 889
524 807
544 810
562 779
556 930
584 761
582 887
643 848
675 731
694 691
709 652
720 711
726 652
733 600
750 631
762 767
766 580
794 776
785 633
800 657
850 580
869 599
909 805
929 745
912 552
927 565
894 261
720 -703
925 405
832 -473
900 -334
798 -639
910 -494
803 -729
781 -815
840 -798
927 -918
14
-784 -944
-964 -426
-942 612
-909 455
-906 591
-755 852
-727 -772
854 812
864 791
865 557
976 464
902 -575
762 -628
933 -861
