96 92
539 561 293 716 573 854 502 476 297 261 793 462 536 637 490 647 933 846 623 538 644 874 359 208 319 722 216 343 768 650 836 603 210 425 318 980 279 116 456 476 574 545 234 110 182 624 657 114 766 280 849 409 450 504 518 669 225 931 912 893 581 143 495 988 469 109 968 945 422 423 717 897 868 851 907 950 772 563 360 537 139 505 847 489 909 661 454 133 591 663 322 171 706 113 456 471
5
544 -800
-862 -615
-215 928
657 725
941 -468
20
903 -917
-676 -915
-912 -898
-843 -884
598 -906
-452 -824
-704 -794
-818 -477
-930 -407
-910 572
-606 741
-702 912
-649 861
468 850
556 852
637 756
858 748
900 433
927 353
924 -413
75
52 -132
-60 -131
-84 -130
-80 -130
-99 -129
-68 -129
-74 -125
-122 -118
-131 -117
-99 -117
-66 -120
-111 -112
-80 -113
-78 -113
-96 -106
-100 -105
-110 -103
-127 -88
-100 -93
-97 -93
-122 -75
-123 -71
-127 -67
-129 -52
-123 62
-126 79
-130 94
-114 77
-112 77
-116 92
-107 97
-120 125
-107 121
-88 102
-102 126
-92 113
-90 122
-83 131
-77 124
39 128
55 127
64 117
78 129
77 116
93 129
94 126
94 111
99 122
105 108
111 120
114 128
112 101
121 106
119 92
127 95
120 65
125 74
121 57
132 -45
85 -106
128 -76
117 -85
117 -90
73 -119
110 -97
132 -84
120 -96
106 -111
83 -120
113 -112
118 -116
103 -125
129 -124
109 -128
64 -132
94
-163 -279
-275 -273
-266 -259
-211 -269
-213 -267
-207 -266
-201 -257
-218 -244
-253 -220
-262 -199
-251 -207
-172 -271
-231 -211
-225 -205
-268 -109
-271 -102
-271 -70
-176 -252
-173 -245
-275 200
-265 215
-257 181
-252 178
-257 205
-265 270
-258 248
-246 192
-253 263
-240 207
-235 224
-233 249
-168 -241
-228 217
-223 189
-222 254
-209 248
-198 207
-200 270
-177 223
-163 -272
-161 264
-159 246
-95 267
-161 -273
66 277
149 257
162 269
170 269
186 278
168 236
191 247
186 233
187 232
213 247
223 256
216 244
237 259
222 235
217 220
263 274
265 250
258 236
261 202
260 180
272 155
271 111
278 37
-142 -265
277 -44
253 -126
270 -120
245 -157
238 -174
246 -185
262 -195
243 -199
259 -197
222 -206
274 -200
249 -214
-112 -271
229 -229
238 -232
195 -239
147 -260
147 -261
99 -264
153 -261
274 -257
162 -264
232 -270
67 -274
211 -275
73 -279
3
-221 -918
-803 -514
536 -850
62
179 -357
-237 -352
-108 -351
-144 -343
-280 -329
-308 -323
-226 -323
-255 -312
-183 -317
-255 -309
-256 -306
-279 -288
-252 -286
-214 -291
-328 -266
-250 -279
-352 -260
-346 -242
-275 -256
-351 -235
-322 -232
143 -344
-352 -142
-333 -147
-332 203
-327 212
-360 264
-307 214
-321 237
-354 354
-334 333
-338 347
-274 308
-287 329
-246 293
-176 331
-163 327
60 357
174 350
201 315
203 339
229 339
261 328
278 290
292 309
299 292
320 196
357 299
340 140
347 159
345 150
344 137
328 -160
277 -230
187 -347
283 -262
319 -234
345 -270
195 -351
329 -301
351 -326
352 -349
87
117 -537
-415 -534
-93 -532
-367 -523
-502 -505
-393 -493
-482 -482
-452 -482
-197 -503
-483 -464
-342 -480
-422 -453
-306 -470
-534 -368
-526 -361
-380 -400
-380 -396
-531 -351
-374 -388
-457 -358
-416 -366
-490 -335
-489 -330
-451 -342
-429 -332
-497 -298
-536 -127
-524 135
-521 140
-518 198
-530 222
-474 331
-491 370
-525 470
-485 411
-473 402
-487 432
-495 459
-442 386
-500 490
-463 496
-428 469
-442 522
-312 480
169 518
186 525
208 499
245 482
266 473
268 482
343 496
430 479
420 412
477 513
497 533
451 376
468 422
440 344
513 517
488 411
457 289
527 408
486 295
483 280
527 371
500 263
497 218
504 223
517 199
130 -522
522 -238
536 -233
436 -321
396 -372
482 -332
429 -370
451 -369
517 -337
406 -394
444 -377
266 -479
308 -469
496 -403
304 -471
503 -430
160 -534
444 -521
4
420 -387
-261 -379
352 -325
-400 392
84
-83 -110
-99 -107
-88 -107
-88 -104
-108 -78
-102 -73
-98 -79
-104 -61
-109 -35
-108 -29
-110 -3
-107 57
-110 88
-105 60
-102 48
-107 99
-103 65
-97 56
-99 104
-96 73
-98 105
-96 77
-94 70
-91 70
-91 101
-89 91
-84 74
-81 92
-62 109
-82 -100
-57 104
-54 109
-79 -89
-78 -91
-77 -95
41 103
-80 -105
47 105
64 107
66 96
76 97
77 94
83 95
81 88
99 106
94 93
92 81
-64 -92
97 56
106 41
109 41
-60 -93
-64 -96
109 29
107 27
-62 -98
-67 -102
107 -29
106 -37
-57 -101
98 -53
100 -58
104 -76
78 -81
76 -85
71 -87
72 -87
83 -86
93 -85
81 -89
-41 -105
84 -94
-40 -106
100 -93
92 -97
66 -99
54 -100
84 -98
104 -99
78 -101
49 -104
50 -106
89 -109
-16 -110
62
649 -638
-581 -635
-559 -628
-229 -617
-254 -614
-569 -603
-611 -563
-434 -540
-454 -534
-631 -471
304 -586
341 -588
-558 -439
320 -580
-634 -359
-590 -291
592 -621
534 -591
556 -598
588 -610
-641 111
-630 343
-574 370
-528 385
-542 402
-545 421
-604 475
-563 473
-561 481
-550 496
-592 569
-579 595
-497 531
-462 533
-524 620
-430 538
-309 624
563 -523
576 -460
137 638
165 645
269 600
288 643
582 -374
362 596
577 -303
406 624
455 471
450 526
449 565
504 498
566 382
571 466
567 526
631 -381
574 463
583 549
599 366
630 641
643 -214
648 648
649 75
33
-292 -495
-427 -492
-496 -434
-509 -425
-523 -396
-485 -368
-421 -399
-535 -281
-536 -210
-327 -441
-496 296
-505 358
-434 390
-414 515
-345 459
-344 506
-342 493
-301 493
-267 490
-196 521
-124 536
-114 531
303 535
312 516
395 485
377 456
503 411
518 309
483 -380
522 -383
385 -431
497 -430
498 -487
8
48 -261
-144 -222
-149 -215
-200 -199
-210 -161
73 252
136 -228
141 -250
45
-461 -908
-829 -890
-793 -891
-647 -873
-755 -777
-812 -645
-877 -556
-612 -713
-794 -453
-909 59
-880 284
-801 564
-836 731
-842 888
-752 541
-719 561
-650 778
-336 905
350 900
409 897
472 896
482 902
442 810
577 832
665 892
752 829
803 749
804 650
816 564
840 358
907 -234
843 -458
904 -447
-310 -866
-313 -874
794 -627
773 -680
868 -668
602 -721
842 -685
571 -768
-323 -902
413 -875
236 -890
648 -891
44
-789 -830
-847 -772
-830 402
-813 522
-795 -295
-802 608
-797 526
-788 -362
-785 466
-735 704
-734 567
-719 604
-685 829
-782 -735
-639 648
-602 639
-573 802
-580 657
-255 834
480 723
601 846
569 663
778 822
610 608
678 650
796 749
806 754
753 624
-695 -747
801 443
837 -260
754 -445
772 -525
662 -645
-414 -783
596 -660
639 -671
793 -749
733 -763
789 -775
296 -795
763 -787
692 -794
-500 -823
87
-36 -139
-83 -137
-137 -134
-107 -134
-104 -126
-112 -117
-86 -123
-57 -132
-95 -117
-119 -103
-133 -92
-74 -119
-139 -80
-97 -100
-107 -93
-131 -74
-108 -89
-47 -131
-127 -72
-125 -61
-129 -55
-133 -51
-139 15
-137 32
-135 39
-135 44
-136 60
-132 63
-132 87
-125 91
-122 89
-134 123
-127 107
-124 117
-117 103
-117 128
-111 124
-110 128
-102 105
-102 112
-100 116
-94 115
-94 120
-91 110
-82 127
-48 136
26 137
49 136
52 138
63 125
67 131
72 132
88 116
99 109
110 126
113 130
102 105
135 111
129 89
121 77
127 76
130 62
135 -56
132 -67
127 -84
106 -96
126 -96
126 -97
124 -102
136 -101
87 -113
101 -115
71 -121
138 -110
132 -113
121 -116
133 -115
133 -121
62 -129
130 -124
72 -131
101 -132
106 -133
129 -133
104 -137
52 -138
97 -138
67
-444 -502
-447 -500
-503 -294
-494 -320
-454 -454
-479 -313
-501 -152
-503 -101
-495 -146
-498 299
-498 363
-485 343
-477 371
-447 -256
-443 272
-407 391
-383 494
-386 443
-386 414
-376 484
-377 352
-351 503
-442 -481
-308 422
-178 488
-419 -448
224 475
322 442
343 373
419 424
503 497
445 401
458 374
444 358
439 307
460 320
491 344
485 297
-416 -478
487 275
490 119
-406 -482
-310 -436
-280 -461
502 -274
383 -328
458 -317
-279 -470
371 -364
447 -361
420 -377
469 -374
459 -382
423 -388
334 -413
280 -421
447 -409
-180 -480
372 -441
381 -446
254 -457
380 -455
-167 -488
-120 -494
259 -489
313 -498
491 -502
37
39 -182
-129 -149
-172 -140
-119 -150
-134 -146
-175 -135
-173 -119
-181 -111
-166 -105
-160 -94
-162 93
-181 132
-156 103
-177 157
-124 145
-134 167
-109 163
-105 181
73 178
77 178
96 177
115 179
141 170
148 158
173 176
172 148
170 101
168 89
181 38
180 -85
153 -144
75 -174
71 -175
94 -173
101 -174
147 -172
166 -177
55
-246 -463
-435 -436
-404 -413
-454 -394
-390 -383
-359 -400
-406 -371
-462 -335
-432 -349
-348 -375
-392 -332
-378 -291
-310 -356
-471 139
-456 143
-413 291
-445 447
-414 318
-408 345
-354 343
-352 394
-272 400
-237 440
-203 460
-74 469
123 467
253 406
286 440
279 417
346 446
376 448
354 381
392 380
387 373
374 298
437 340
429 329
430 330
429 219
468 251
441 223
433 213
465 -79
440 -180
421 -219
465 -235
453 -254
352 -314
348 -375
310 -382
360 -383
280 -403
212 -445
374 -439
257 -456
30
-398 -484
-455 -395
-490 -334
-462 -236
-474 176
-482 263
-421 -278
-477 386
-444 320
-441 340
-401 -417
-398 -399
-363 407
-347 391
-334 458
-385 -347
-282 406
-382 -367
-362 -361
116 481
192 459
344 448
-348 -422
364 433
346 386
479 -339
400 -359
438 -430
460 -479
365 -482
88
-170 -505
-424 -486
-396 -460
-478 -431
-286 -473
-398 -435
-410 -401
-410 -391
-406 -368
-489 -314
-420 -342
-469 -292
-340 -381
-456 -293
-344 -370
-500 -241
-453 -278
-389 -325
-449 -262
-465 -239
-457 -244
-484 -189
-467 -205
-504 -139
-503 -60
-500 293
-493 336
-492 334
-481 311
-471 370
-473 445
-436 371
-456 451
-466 487
-368 491
-312 404
-303 502
-250 485
88 501
170 481
197 474
203 489
205 481
259 499
253 446
285 466
325 411
343 418
383 488
352 429
410 485
385 409
411 443
403 386
490 471
401 338
499 426
492 402
495 403
489 394
474 351
480 313
473 284
451 244
464 229
470 191
484 -158
489 -156
480 -242
461 -277
448 -285
442 -298
484 -287
494 -310
434 -364
337 -405
451 -383
289 -454
410 -449
495 -451
419 -465
447 -465
223 -491
339 -488
126 -496
466 -490
485 -498
28 -505
54
807 -868
-588 -864
175 -856
-634 -837
-607 -806
-748 -792
-842 -727
-614 -732
-864 -683
-719 -645
-585 -643
-820 -570
-811 -513
718 -848
-747 -479
696 -838
-824 -322
-867 -236
623 -758
-836 285
-805 383
-767 426
-848 524
-865 630
-779 655
-639 657
-701 792
-695 822
-586 790
-568 790
-455 741
-463 761
-255 867
379 854
752 -438
791 -729
684 804
712 714
734 693
763 734
768 590
796 424
800 774
810 795
815 396
820 741
819 457
827 325
836 706
850 693
866 264
851 -632
848 -677
838 -746
90
-265 -581
-307 -579
-305 -579
-477 -560
-356 -571
-464 -549
-417 -548
-340 -552
-356 -543
-412 -493
-479 -436
-564 -336
-522 -341
-539 -285
-377 -457
-573 -208
-572 214
-524 260
-545 342
-580 469
-535 367
-577 554
-528 383
-509 348
-505 390
-509 451
-521 505
-471 402
-482 456
-498 569
-494 571
-455 465
-465 564
-439 579
-409 551
-384 502
-383 511
-363 561
-350 525
-346 522
-333 479
-267 542
202 556
204 548
299 501
357 541
383 520
400 515
412 512
453 542
556 578
484 461
545 545
557 548
534 516
536 410
478 331
504 351
570 411
555 378
-259 -574
549 359
518 319
563 329
580 208
577 -103
-238 -569
553 -239
569 -239
555 -305
565 -322
570 -325
505 -345
509 -369
574 -394
488 -446
370 -486
322 -502
527 -486
436 -502
287 -529
408 -547
385 -558
348 -561
517 -563
-77 -577
252 -571
578 -568
376 -580
577 -581
46
598 -622
-486 -619
-192 -614
-425 -609
226 -594
-466 -537
-546 -526
-620 -510
-362 -526
-571 -468
434 -596
308 -570
-580 -393
-525 -365
524 -601
-607 -265
-579 -263
-581 226
-536 331
-623 408
-570 384
-566 381
-519 359
-608 526
448 -478
-466 455
-463 471
-483 568
-367 607
-220 601
576 -565
128 614
270 564
544 -366
543 -349
386 576
503 464
537 620
584 -249
568 397
569 504
586 242
584 540
598 440
610 548
611 -314
62
47 -295
-167 -291
-190 -289
-60 -292
-284 -284
-286 -272
-288 -262
-135 -277
-253 -265
-138 -268
-170 -250
-239 -202
-235 -192
-281 -157
-281 -142
-266 -147
-297 96
-279 139
-295 176
-294 188
-286 187
-283 186
-274 189
-295 251
-247 175
-270 218
-242 203
-247 220
-269 274
-228 203
-268 277
-233 240
-189 237
-188 280
-166 293
-150 284
-142 296
-118 283
-88 296
176 269
212 278
209 220
227 274
282 241
273 143
279 124
275 -119
287 -127
296 -130
248 -180
204 -232
228 -225
241 -228
271 -224
224 -252
295 -237
233 -263
160 -282
223 -278
68 -294
162 -290
270 -295
20
375 -872
-768 -720
-826 -558
-760 -537
-903 -375
-877 426
-854 589
-755 897
-633 719
-392 903
607 825
698 628
720 725
808 844
800 515
855 -356
642 -650
725 -679
857 -730
911 -774
94
78 -234
-92 -233
-210 -229
-177 -229
-72 -230
-168 -226
-66 -227
-224 -216
-154 -219
-202 -215
-177 -216
-135 -217
-130 -215
-207 -207
-183 -209
-114 -210
-133 -205
-135 -199
-217 -174
-158 -184
-165 -178
-167 -173
-156 -175
-217 -157
-165 -170
-218 -145
-210 -143
-181 -150
-222 -86
-229 -78
-230 142
-209 118
-232 147
-232 178
-202 166
-215 186
-190 154
-219 206
-180 153
-194 181
-227 233
-215 224
-179 171
-155 180
-155 188
-150 203
-152 229
-142 218
-122 205
-118 210
-101 229
77 -227
42 231
92 228
96 217
131 211
155 204
161 209
180 202
189 167
201 200
209 218
216 230
225 209
226 206
206 138
227 195
216 156
223 158
227 161
226 122
231 122
231 101
229 81
232 -96
201 -125
181 -162
161 -183
199 -170
138 -203
181 -196
218 -194
182 -208
212 -203
225 -201
195 -209
213 -211
158 -224
222 -220
209 -224
220 -231
187 -232
173 -233
160 -234
42
-251 -451
-456 -438
-355 -444
-360 -407
-436 -334
-455 -276
-407 -294
-438 -236
-278 -396
-438 205
-433 346
-409 249
-408 298
-406 358
-343 433
-268 413
-263 387
-215 439
-138 449
282 391
276 370
297 373
361 444
409 453
426 431
361 337
450 438
423 381
428 306
391 246
410 266
-225 -426
436 -134
446 -177
438 -243
414 -370
343 -418
403 -434
167 -441
263 -444
231 -445
393 -446
96
-402 -518
-470 -504
-515 -491
-446 -494
-461 -484
-513 -238
-498 -264
-487 -258
-512 -105
-511 -107
-464 -246
-458 -250
-509 183
-425 -360
-516 456
-494 278
-513 487
-421 -337
-476 253
-483 389
-484 435
-472 409
-456 455
-436 290
-424 421
-421 455
-402 -410
-400 411
-395 426
-390 461
-388 386
-381 473
-364 511
-358 501
-356 427
-318 463
-273 496
-224 491
-207 488
-371 -393
-383 -447
-374 -442
-368 -429
298 509
322 475
328 430
380 459
347 406
444 502
475 506
407 415
407 392
474 454
-363 -475
445 388
462 373
479 380
477 361
465 348
440 312
494 357
505 328
453 260
514 262
479 220
508 207
506 139
-319 -475
-289 -465
516 -101
486 -183
474 -240
504 -237
460 -276
427 -350
-249 -489
335 -400
492 -380
-200 -490
343 -419
433 -412
440 -417
290 -435
436 -435
287 -455
288 -460
239 -468
279 -470
326 -472
476 -484
354 -490
480 -504
412 -507
327 -510
514 -508
489 -510
55
-141 -849
-824 -836
-692 -831
-761 -718
-597 -745
-732 -703
-539 -662
-702 -584
-596 -617
-631 -582
-729 -520
-712 -508
-849 355
-798 307
-803 347
-845 491
-812 535
-807 532
-833 743
-841 779
-726 642
-668 603
-719 770
-611 653
-620 733
-597 679
-566 816
-461 838
-428 773
324 832
606 691
716 828
659 688
675 651
805 815
704 628
750 605
813 611
754 408
824 282
842 -275
793 -477
651 -580
760 -543
625 -638
532 -697
616 -714
418 -764
395 -772
387 -775
749 -736
711 -754
690 -795
554 -814
228 -832
44
625 -642
-511 -630
273 -637
-524 -624
-268 -619
-409 -601
-460 -584
-478 -566
240 -614
302 -618
-547 -547
257 -606
-522 -500
403 -613
-597 -445
-591 -405
425 -600
-563 -367
-610 -350
-657 -245
450 -565
-645 148
508 -565
-601 302
-656 398
-550 595
-478 615
-437 620
529 -453
581 -489
311 614
403 577
603 -496
444 653
479 483
619 -576
604 306
600 503
629 205
632 327
639 580
644 227
654 175
653 -443
9
98 -204
164 181
177 198
189 139
187 104
204 -53
182 -103
199 -129
171 -182
74
467 -879
-595 -862
-381 -845
-570 -774
-678 -761
-491 -755
-772 -705
-554 -716
-807 -660
-644 -688
-852 -646
-713 -668
-792 -571
-796 -479
-879 -359
432 -852
-865 238
-891 338
-866 328
-803 441
-847 520
-802 647
-769 632
-874 801
-749 655
-781 716
-797 742
-659 614
-686 652
-761 815
-730 852
-594 688
-714 872
-594 707
-694 889
-639 871
-527 734
-559 875
-416 874
-210 872
548 727
627 747
690 850
705 579
729 714
783 887
734 613
746 665
773 786
736 573
754 625
787 719
839 821
781 540
796 556
794 444
872 551
880 189
878 -199
875 -260
802 -409
676 -623
615 -699
885 -402
834 -467
598 -734
843 -480
841 -559
774 -623
871 -543
644 -850
867 -822
789 -850
817 -859
80
-108 -143
-131 -134
-138 -131
-113 -136
-126 -117
-127 -112
-141 -87
-138 -81
-117 -123
-126 -99
-114 -127
-133 -75
-140 49
-143 89
-142 96
-137 75
-143 121
-136 72
-134 93
-134 97
-130 77
-131 100
-128 105
-124 142
-123 137
-119 99
-110 -97
-119 113
-116 132
-108 113
-105 112
-94 139
-87 132
-82 141
-81 136
-73 134
-101 -114
-97 -122
53 142
68 139
81 120
84 123
100 134
91 119
107 138
103 112
116 121
114 111
118 109
142 135
127 118
118 94
124 88
125 85
141 89
137 54
142 -38
138 -70
121 -82
-67 -133
116 -92
109 -94
124 -92
104 -108
105 -110
104 -117
96 -120
141 -116
102 -125
73 -129
74 -131
140 -127
-58 -140
94 -133
77 -136
-75 -142
37 -139
74 -139
78 -141
101 -143
31
540 -988
-503 -961
-790 -824
-765 -823
-937 -801
-822 -721
-847 -606
-986 159
-934 337
-872 470
-837 535
-944 748
-942 924
-901 875
-895 900
496 -929
-319 942
794 927
808 647
900 534
973 -218
935 -331
913 -463
976 -465
726 -832
667 -934
811 -874
931 -844
854 -907
696 -968
767 -970
9
334 -643
-428 -612
-623 -355
-663 514
-462 599
-398 601
-327 641
482 504
655 118
54
-303 -571
-505 -526
-506 -514
-489 -477
-428 -504
-442 -475
-573 -372
-493 -425
-519 -379
-392 -487
-401 -463
-343 -513
-407 -413
-539 -206
-544 251
-547 263
-563 354
-320 -508
-542 326
-529 387
-558 532
-534 432
-519 494
-516 508
-465 393
-437 389
-402 480
-391 536
-377 507
-297 538
-268 524
-252 518
-192 553
-162 570
336 571
340 507
413 557
429 553
420 477
491 565
539 428
-266 -536
559 215
570 -197
535 -294
418 -393
-218 -554
373 -453
482 -449
524 -457
370 -491
445 -489
-228 -568
472 -551
27
-659 -764
-748 -608
-663 -511
-632 740
-617 454
-603 518
-546 764
-315 701
-288 729
240 761
401 734
418 716
544 630
544 596
585 612
605 528
734 604
-582 -694
738 455
733 -236
685 -370
733 -492
674 -543
-523 -746
626 -676
502 -691
-339 -753
4
-94 -93
87 -75
85 -77
90 -77
73
-467 -474
-470 -405
-476 41
-475 241
-470 -92
-467 104
-461 306
-461 175
-453 404
-452 281
-459 -131
-451 188
-465 -421
-427 414
-425 290
-420 309
-412 280
-390 438
-457 -359
-377 412
-359 393
-316 447
-306 459
-297 387
-287 407
-272 411
-420 -267
-435 -343
-416 -311
-422 -339
-427 -381
-419 -375
-380 -298
99 475
-410 -387
181 451
-358 -325
310 412
424 433
413 352
462 396
385 303
399 286
-380 -398
446 265
473 239
-338 -384
-330 -380
460 154
-423 -448
-313 -384
-311 -388
-291 -379
-399 -446
471 -103
-265 -407
-367 -442
438 -260
454 -333
-272 -446
356 -362
-241 -445
294 -379
307 -381
430 -375
305 -392
-311 -461
251 -424
-231 -459
295 -427
-205 -469
160 -468
452 -474
91
475 -706
-281 -701
-246 -701
-433 -695
-579 -681
-664 -677
212 -699
-249 -686
-626 -667
-579 -627
-667 -609
-681 -607
-355 -629
-456 -617
-559 -607
-587 -600
-700 -576
-487 -599
-598 -577
-548 -576
-505 -578
-559 -551
-463 -564
-587 -545
-689 -500
-699 -439
-702 -431
-622 -440
-592 -416
-686 -363
-695 -254
-690 -168
414 -661
395 -635
-671 318
-681 336
-670 388
-668 404
-690 531
-629 523
-610 532
-704 683
-543 516
-651 677
-532 536
-619 674
-571 629
-550 608
-508 600
-535 676
-503 669
410 -608
-54 705
342 679
477 637
480 665
486 701
495 575
500 646
500 615
505 559
549 591
569 543
606 612
614 665
615 409
655 603
673 601
650 362
704 475
584 -407
558 -499
600 -409
684 -236
573 -487
650 -317
578 -487
562 -529
582 -503
558 -549
639 -415
526 -619
498 -667
702 -355
657 -457
692 -415
672 -474
630 -668
627 -672
655 -676
534 -699
21
65 -409
-367 -396
-359 -362
-374 -358
-279 -363
-307 -338
-393 -280
-406 141
-391 172
-367 350
-349 356
-312 406
308 387
383 339
370 281
368 204
377 222
401 -92
273 -310
134 -395
196 -406
84
-188 -214
-204 -190
-215 -171
-210 -143
-211 -78
-213 92
-210 84
-211 118
-214 179
-206 67
-213 212
-206 100
-207 130
-209 213
-192 -125
-199 149
-189 185
-184 171
-186 -123
-187 -178
-183 -118
-161 160
-158 149
-156 172
-139 204
-141 164
-136 203
-130 200
-81 204
-178 -175
-168 -139
-168 -160
-178 -191
-172 -184
79 207
-159 -170
106 213
102 202
107 205
134 206
139 211
146 196
171 207
159 177
168 186
190 209
173 187
-150 -173
162 163
185 180
172 148
168 138
202 158
183 139
207 152
-156 -186
200 125
206 106
200 97
-146 -189
-133 -185
-119 -186
-165 -206
197 -96
-119 -199
-117 -199
205 -148
-169 -211
215 -157
145 -170
-113 -206
127 -182
123 -183
-85 -204
159 -182
-78 -205
134 -191
92 -201
85 -202
136 -200
143 -200
210 -198
145 -201
-98 -213
11
-188 -597
-505 -543
-418 -512
-506 474
-271 577
-228 576
601 506
543 266
597 -245
407 -508
527 -533
28
-61 -113
-110 -106
-103 -106
-104 -104
-75 -98
-75 -94
-113 39
-101 80
-101 112
-96 96
-73 97
-71 92
-63 108
54 109
61 112
78 108
92 104
102 102
111 77
-50 -105
107 -77
71 -96
-44 -111
69 -102
-37 -111
88 -101
30 -112
-20 -113
49
-188 -885
-874 -858
-444 -873
-682 -861
-692 -821
-889 -756
-454 -808
-771 -709
-866 -649
-599 -738
-830 -634
-823 -446
-847 -415
-855 420
-850 531
-794 683
-868 879
-830 846
-806 858
-694 645
-710 747
-682 811
-612 658
-612 688
-624 790
-575 862
-406 849
-371 819
465 859
510 883
540 756
660 892
603 697
703 823
684 596
717 555
881 815
887 -167
865 -390
745 -691
531 -751
823 -734
528 -829
399 -841
660 -835
879 -829
461 -865
583 -872
678 -875
60
74 -669
-534 -660
-391 -660
-362 -646
-348 -587
-579 -512
-406 -541
-498 -461
-600 -415
-585 -348
-665 -299
-656 -213
-655 232
-653 295
-606 428
-565 371
-560 405
-542 422
-606 610
-624 651
-503 471
-519 655
-451 606
-400 540
-433 634
-398 629
213 640
321 616
335 595
374 573
383 553
401 590
408 592
423 549
429 525
511 592
568 595
572 518
573 467
663 659
658 432
617 318
661 374
668 352
658 -146
653 -161
663 -250
642 -360
618 -384
525 -485
609 -457
319 -590
666 -480
295 -607
265 -625
629 -546
525 -588
629 -571
514 -614
533 -622
24
681 -664
-481 -574
439 -607
-682 -310
417 -592
568 -632
484 -549
-673 410
-602 433
-647 550
-620 576
-679 661
-507 591
-467 579
-496 677
-349 647
600 -416
382 621
420 660
654 -464
532 604
676 -582
689 430
721 -623
56
-143 -171
-152 -126
-148 -134
-149 -125
-170 58
-169 58
-171 121
-167 125
-158 141
-153 128
-145 100
-132 127
-107 165
-137 -119
-95 162
-89 154
-73 160
-134 -131
64 161
-128 -147
86 163
125 165
122 150
132 132
144 143
170 159
153 134
143 107
149 98
163 53
-97 -148
165 -58
160 -77
170 -76
138 -132
85 -149
89 -149
119 -147
164 -143
146 -145
140 -148
-81 -166
-55 -164
133 -151
169 -151
89 -157
-74 -167
101 -157
93 -159
129 -159
-44 -168
133 -164
-56 -169
120 -165
85 -168
57 -170
18
288 -945
-773 -583
-954 -395
-929 -312
-882 587
-924 909
-869 862
-747 805
-443 954
-293 962
442 940
856 949
800 668
941 382
811 -728
797 -734
536 -845
594 -888
54
703 -844
-585 -836
-364 -833
-236 -825
-367 -800
-516 -784
650 -840
-515 -750
-803 -691
-610 -707
-759 -679
508 -816
-751 -628
-662 -576
479 -800
453 -793
-741 -524
-798 -487
-727 -472
-793 -352
-810 -289
-846 -10
-826 522
-807 545
-693 620
-709 737
-688 819
-672 805
-612 827
-523 737
-398 837
619 -648
468 749
474 730
482 778
487 774
519 725
544 660
686 -682
607 763
673 602
677 744
707 -474
751 724
710 -645
769 573
780 623
731 -583
737 -616
808 -262
774 -585
832 -417
804 -565
762 -802
83
-249 -556
-458 -553
-504 -535
-459 -515
-464 -445
-487 -409
-517 -371
-474 -389
-436 -408
-554 -314
-471 -375
-549 -298
-418 -398
-556 -263
-555 282
-552 284
-529 296
-525 289
-509 362
-516 408
-479 327
-504 443
-448 347
-448 452
-437 404
-439 560
-406 405
-403 532
-372 453
-347 453
-300 527
-284 517
-248 508
-232 541
-244 -525
265 550
258 514
295 505
330 540
345 534
385 559
341 480
423 527
-244 -548
433 531
383 431
480 541
488 490
549 446
510 381
547 367
550 303
555 247
526 199
558 -73
-227 -543
557 -252
489 -285
-212 -543
483 -329
473 -333
525 -341
530 -345
418 -383
529 -357
515 -368
470 -380
559 -360
429 -396
523 -387
401 -414
453 -418
495 -412
468 -431
356 -470
451 -458
543 -476
488 -495
512 -520
175 -536
218 -539
452 -541
273 -545
59
344 -638
-346 -625
-360 -610
-384 -603
-377 -598
180 -627
-445 -582
-537 -534
-600 -503
-369 -529
-639 -447
-628 -292
-594 -293
-627 -197
274 -591
-611 442
-585 531
-589 580
-523 508
-520 526
-475 542
-461 535
-418 533
-472 643
-408 547
-300 608
-219 642
266 589
271 627
350 608
373 643
373 537
465 598
477 630
471 500
509 465
519 415
559 520
584 414
616 483
643 588
599 344
642 445
640 245
382 -558
569 -308
592 -295
502 -428
636 -342
633 -350
475 -511
568 -436
432 -573
562 -495
566 -507
511 -547
544 -558
545 -610
619 -623
45
-152 -288
-265 -248
-271 -230
-178 -273
-239 -228
-272 -196
-251 -211
-257 -205
-172 -271
-273 -167
-268 -159
-204 -215
-286 -94
-277 129
-162 -245
-246 197
-250 285
-227 190
-211 236
-209 238
-193 226
-191 267
-152 292
-151 269
-148 258
-121 278
116 291
201 262
189 225
244 286
231 257
217 219
214 201
242 215
285 251
280 -101
280 -105
267 -148
184 -231
256 -225
269 -223
237 -237
237 -266
276 -271
223 -278
49
92 -470
-444 -469
-408 -328
-435 232
-417 267
-403 282
-407 314
-457 402
-400 373
-407 393
-423 456
-364 389
-314 475
-295 473
-173 452
-131 475
175 456
234 451
302 454
290 391
314 436
351 444
377 430
409 446
409 371
455 454
410 326
450 344
421 239
457 156
468 168
470 -220
444 -276
474 -267
311 -364
414 -341
436 -339
396 -363
446 -351
353 -391
140 -457
295 -432
468 -404
374 -431
349 -435
395 -438
474 -432
291 -452
449 -463
52
718 -846
-283 -824
375 -838
-408 -799
-703 -760
-549 -760
396 -823
-812 -688
-816 -651
-817 -612
-836 -534
472 -795
-849 -368
579 -796
438 -743
-849 460
-757 559
-792 625
-827 716
-699 668
-690 683
-715 754
-606 658
-548 706
-593 817
-504 837
-365 817
-355 842
-258 839
-170 844
607 -603
252 828
309 811
440 802
561 717
577 624
630 574
662 583
676 676
710 -512
750 720
766 726
798 711
798 467
832 319
801 -459
820 -508
810 -592
726 -832
772 -787
784 -780
842 -769
6
531 -971
-671 -965
-889 -528
-912 -396
505 847
830 -602
81
170 -545
-449 -540
-392 -530
-533 -519
-498 -515
-201 -528
-436 -512
-544 -500
-361 -500
-502 -448
-368 -457
-521 -423
-333 -449
-482 -418
-492 -370
-450 -369
-531 -316
-488 -327
-542 -178
-544 -112
-545 39
-528 267
-523 285
-505 284
-503 300
-514 320
-522 347
-500 454
-533 519
-463 471
-408 385
-411 422
-438 532
-361 499
-337 491
-341 538
-272 533
-218 518
-209 509
189 524
260 485
305 491
318 478
347 540
345 523
360 441
412 481
433 539
445 530
461 539
469 541
450 443
485 533
503 531
487 439
447 314
455 334
497 408
513 420
513 416
500 347
540 453
486 294
509 348
509 229
544 -137
259 -487
490 -337
346 -441
419 -399
535 -362
366 -459
318 -483
405 -449
462 -429
499 -438
383 -477
326 -496
373 -496
492 -475
442 -545
8
-560 -831
-540 813
-382 815
391 826
710 810
723 675
726 -429
639 -707
13
-532 -501
-534 100
-521 396
-464 365
-461 403
426 523
469 356
-425 -474
476 -313
-321 -478
-414 -490
-393 -496
241 -496
8
-279 -613
-448 -511
-539 401
-484 616
306 607
390 624
360 529
473 492
94
175 -319
-245 -315
-251 -314
-193 -313
-293 -310
-297 -299
-87 -307
-233 -299
-270 -295
-238 -295
-130 -297
-273 -286
-260 -267
-273 -265
-284 -263
-242 -267
-211 -270
153 -316
-305 -250
-202 -247
-238 -221
-286 -191
-272 -181
-297 -173
-305 -169
-296 -149
145 -308
-319 -135
-317 65
-316 84
-295 145
143 -287
-295 160
-317 218
-298 202
-315 234
-268 213
-263 209
-294 251
-244 211
-314 300
-261 256
-298 308
-239 250
-276 310
-242 269
-261 305
-217 247
-227 293
-212 273
-220 309
-190 268
-184 275
-195 296
-189 297
168 -275
157 309
189 304
203 286
217 313
220 310
221 231
227 295
230 315
238 254
256 297
260 293
257 257
261 245
180 -287
260 192
269 237
277 218
311 291
310 280
312 244
185 -281
195 -284
251 -202
248 -223
293 -172
295 -180
317 -161
266 -235
279 -231
306 -214
295 -233
303 -228
223 -286
318 -227
312 -238
314 -258
256 -296
316 -300
57
224 -460
-414 -440
-349 -438
-423 -424
-384 -419
-288 -422
-404 -401
-390 -402
-390 -393
-384 -380
-474 -366
-351 -369
-436 -352
-389 -326
-409 -285
-464 245
-441 401
-420 379
-467 443
-394 376
-350 363
-388 439
-347 379
-311 384
-354 463
-312 404
-307 429
-245 458
-205 471
151 482
169 459
205 470
318 386
393 487
411 418
412 382
421 389
409 292
479 481
227 -449
486 445
443 277
483 359
482 -120
475 -138
470 -180
467 -193
309 -386
329 -370
475 -270
349 -368
288 -415
387 -352
375 -365
456 -365
453 -369
396 -400
35
-391 -490
-499 -488
-453 -338
-463 -288
-416 -292
-492 317
-487 355
-399 -386
-459 470
-385 405
-375 435
-366 378
-305 464
-378 -420
-196 473
-133 491
-335 -394
269 485
420 498
426 498
361 417
500 465
451 266
-286 -437
-308 -452
488 -175
470 -192
443 -318
481 -352
-243 -467
343 -423
278 -434
256 -438
403 -469
434 -481
31
-144 -307
-150 -296
-317 193
-256 222
-235 216
-241 256
-226 245
-198 266
-186 296
-122 301
-142 -300
175 283
260 288
281 287
241 216
252 213
295 123
312 134
304 -144
290 -171
283 -180
257 -220
234 -238
250 -247
314 -242
285 -265
265 -268
168 -280
289 -300
305 -301
167 -303
72
-63 -209
-156 -208
-178 -197
-154 -195
-135 -193
-161 -184
-125 -192
-206 -166
-119 -188
-181 -160
-148 -168
-191 -135
-164 -148
-149 -155
-178 -132
-153 -148
-204 -111
-173 -123
-207 -87
-196 -84
-201 -72
-207 -60
-205 55
-185 133
-175 120
-195 181
-191 170
-186 193
-180 179
-165 135
-158 174
-148 198
-135 198
-100 203
-57 209
68 205
74 204
79 196
143 188
156 204
157 189
151 166
148 160
161 167
162 164
168 160
193 167
193 158
197 161
206 159
198 147
189 124
-58 -203
196 76
207 -56
206 -60
175 -123
170 -132
195 -129
174 -141
169 -146
149 -156
184 -165
180 -178
116 -191
69 -199
100 -197
159 -196
130 -200
168 -200
159 -206
-29 -209
79
459 -590
-561 -587
-372 -583
-368 -578
-444 -570
-428 -569
-553 -544
-403 -519
-391 -478
-535 -441
-492 -443
-545 -410
285 -550
-546 -312
-579 -234
-562 -237
-577 -220
-586 -93
-578 181
-578 244
-591 282
-539 396
-554 441
-475 409
-458 410
-570 537
-467 429
-438 424
-416 427
-441 461
-541 589
377 -493
-487 536
-443 490
-422 468
-402 446
-413 586
-349 523
-361 546
-329 515
-339 539
-307 527
211 559
438 -419
336 503
360 580
392 513
397 574
414 439
433 584
435 560
440 567
475 488
481 560
490 435
499 397
512 435
512 401
514 320
535 521
544 573
549 585
542 453
566 581
563 507
552 361
559 422
555 343
574 418
588 452
579 366
504 -360
509 -344
563 -306
553 -377
530 -458
578 -416
496 -556
572 -540
53
899 -907
193 -902
-851 -893
681 -902
-613 -871
-722 -860
-515 -859
-808 -796
-882 -766
713 -890
621 -870
-693 -684
-802 -612
-877 -386
653 -740
-819 421
-851 507
-887 585
-895 629
-858 744
-896 802
-906 849
-837 818
-620 689
-614 741
-599 769
-571 883
728 -604
823 -747
757 -527
363 838
382 855
439 802
886 -855
506 777
493 845
523 763
529 839
651 748
880 -776
670 728
719 867
760 529
864 -530
856 -413
796 822
876 -477
832 877
855 770
888 -325
883 301
891 -213
894 267
34
171 -700
-687 -690
-313 -682
-541 -644
-656 -436
-675 -419
-675 -377
-703 168
-688 234
-629 485
-545 517
-600 633
-562 600
-484 558
-527 707
-525 712
-442 655
-374 693
-374 695
-147 706
-117 708
374 672
383 653
457 689
527 641
540 609
573 606
646 671
700 467
651 -309
665 -513
683 -522
607 -571
659 -621
28
824 -791
-700 -778
492 -783
-850 -749
616 -740
-829 -323
-823 -260
562 -644
-771 474
-802 513
-829 671
-652 611
-759 721
-789 771
-751 787
-692 782
-624 744
-650 792
-562 715
-646 852
-530 831
-355 789
751 -679
499 736
481 822
551 767
590 723
849 403
91
461 -943
135 -941
-402 -930
157 -937
-911 -895
-672 -901
-655 -889
-820 -840
-942 -799
-536 -840
-733 -811
-774 -800
-453 -835
-627 -814
-725 -789
-640 -782
-936 -732
415 -934
-834 -684
-637 -718
-648 -703
-716 -660
-783 -629
-804 -573
-770 -580
-923 -510
384 -914
-919 -411
-882 -419
-945 -38
-933 232
-940 317
-933 414
-921 409
-871 449
-932 579
-910 560
-838 530
-811 505
-800 504
-821 559
-904 733
-818 633
-766 612
-752 609
-874 778
-921 862
-738 708
-895 932
-688 679
-803 872
-687 716
-811 905
-732 819
-773 931
-534 814
-574 916
-432 864
-345 938
-233 936
516 830
604 822
608 810
656 809
787 760
801 612
797 564
789 526
839 712
912 941
840 483
927 779
873 558
920 616
865 413
933 541
503 -811
917 304
920 306
562 -772
585 -773
565 -813
830 -525
891 -576
930 -752
787 -813
852 -821
804 -836
874 -868
942 -886
886 -919
61
-258 -421
-367 -394
-386 -288
-401 -224
-363 -224
-421 198
-414 208
-395 240
-393 265
-399 339
-404 420
-358 278
-368 355
-352 347
-329 303
-334 384
-313 295
-305 385
-293 350
-290 321
-293 395
-272 418
-258 -381
-218 411
153 413
286 397
261 335
306 393
284 358
272 332
298 321
370 412
354 361
358 342
343 271
366 290
352 244
383 244
377 216
-205 -369
385 192
405 149
419 149
413 -221
375 -242
362 -252
295 -318
287 -324
-177 -408
289 -336
415 -327
276 -347
364 -336
417 -334
381 -350
264 -365
243 -380
371 -394
250 -401
410 -398
265 -411
28
-199 -692
-393 -690
-612 -680
-490 -678
-260 -689
-373 -641
-616 -487
-659 -283
-705 -191
-506 658
-481 694
-383 631
-388 686
-279 680
436 573
554 612
575 586
582 552
695 342
679 -237
645 -344
597 -450
611 -454
641 -452
508 -506
422 -635
317 -646
524 -657
61
244 -458
-426 -454
-113 -452
-210 -450
-134 -449
-392 -407
-235 -412
-421 -385
-358 -384
-387 -374
-280 -381
169 -438
-369 -292
-435 -259
-455 -245
-411 -256
-418 -231
-447 -213
-447 -168
177 -428
-445 184
-441 284
-411 281
-446 328
-402 297
-451 407
-412 375
-435 406
-449 433
-384 377
-383 383
-349 412
-320 381
-283 385
-272 383
-255 404
-214 433
153 445
230 446
253 426
297 371
331 361
418 266
428 307
421 223
437 190
454 197
437 -157
410 -230
307 -387
292 -404
442 -247
438 -264
398 -315
352 -422
423 -405
413 -422
396 -429
392 -438
457 -435
391 -451
41
256 -358
-331 -344
-306 -326
-259 -311
-341 -296
-309 -276
-330 -253
-346 -193
-353 -191
-312 -178
192 -327
-357 -49
-341 170
-336 180
-348 192
-316 206
-356 249
-288 219
-296 247
-285 307
-283 310
-259 311
-244 311
-251 334
-226 316
-220 338
320 290
323 166
271 -245
332 173
351 294
344 173
345 115
279 -250
298 -226
295 -247
340 -122
346 -107
315 -250
322 -244
288 -320
26
-219 -251
-258 -208
-248 -200
-280 -136
-264 166
-266 229
-253 260
-246 243
-233 182
-163 270
-137 247
122 269
129 270
241 259
230 237
274 243
269 225
235 176
268 176
279 68
279 -124
267 -134
278 -206
167 -246
143 -249
-180 -251
97
488 -495
64 -494
-301 -484
-459 -476
-171 -478
-470 -466
-357 -458
-268 -459
-478 -433
160 -473
-450 -422
231 -472
-491 -406
-335 -394
-464 -372
-316 -386
239 -458
-495 -305
249 -441
-451 -280
-443 -281
257 -436
-477 -238
-452 -243
-434 -244
322 -442
353 -451
359 -452
-488 -159
401 -464
334 -434
288 -415
366 -438
394 -446
-484 141
436 -457
-461 219
361 -398
-452 223
-492 274
-473 310
-453 350
-464 365
-417 333
-470 417
-430 379
-451 406
-394 354
-420 382
-435 412
421 -428
-387 382
-411 409
-474 476
-363 365
-404 440
-325 389
-309 414
-319 445
-310 484
-247 451
443 -436
-196 463
-201 478
439 -404
409 -280
441 -352
220 460
227 478
252 458
271 445
302 463
305 456
326 468
350 477
380 355
384 489
409 357
417 271
407 395
418 309
421 277
464 -211
473 -294
427 343
439 231
427 460
450 267
460 185
463 229
487 -456
484 -335
483 -177
483 355
489 164
490 248
492 -362
75
438 -449
130 -446
-375 -440
-174 -429
-328 -415
-332 -412
-292 -411
-221 -404
277 -438
-333 -387
-385 -379
-363 -364
-338 -335
340 -434
208 -411
-376 -293
-380 -277
-363 -279
348 -419
345 -390
337 -382
-430 229
-436 254
-456 339
-412 360
-348 304
-388 348
-357 323
401 -412
352 -362
-437 446
-415 446
-315 370
-353 437
-301 392
-334 436
-302 413
-311 451
-232 434
-152 430
359 -305
408 -379
125 440
205 448
414 -353
217 447
244 419
261 390
324 435
340 387
351 394
354 451
422 -272
369 349
377 351
424 -264
383 308
377 399
380 362
427 -275
398 374
409 400
419 235
420 294
423 293
436 167
438 354
439 400
444 412
446 269
440 -360
447 -143
455 -73
454 -413
451 -439
58
452 -465
-454 -456
-156 -453
-417 -447
-457 -438
-358 -440
-255 -443
-274 -430
-223 -426
-425 -371
-333 -338
-354 -328
-412 -311
-408 -310
-461 -275
-430 -267
-414 -233
275 -385
376 -426
368 -412
-433 309
-394 281
-466 367
-467 374
-446 369
-408 356
356 -372
-463 445
-345 346
335 -341
347 -351
387 -393
-386 468
-278 411
-304 448
-271 451
-213 454
-85 467
374 -302
145 453
243 405
242 416
274 429
309 450
332 356
420 -241
334 390
360 346
434 -194
414 232
416 247
428 251
426 380
445 150
449 203
456 214
454 -365
457 -249
80
15 -114
-46 -113
-113 -111
-105 -111
-42 -112
-102 -109
-50 -108
-62 -106
-110 -99
-59 -105
-79 -100
-109 -89
-100 -84
-70 -90
-102 -78
-89 -79
-100 -75
-88 -76
-101 -69
-112 -50
-108 -39
-113 -20
-114 24
-112 23
-111 31
-106 73
-99 65
-114 89
-109 89
-111 98
-96 85
-95 108
-89 97
-80 83
-92 108
-80 84
-87 102
-73 110
-68 111
-59 106
-52 105
-52 106
36 111
42 107
51 112
70 105
72 109
74 109
83 101
93 101
95 103
98 110
95 100
105 112
94 84
99 90
98 86
91 69
106 94
106 64
108 59
107 -42
105 -63
103 -66
113 -62
90 -80
92 -84
66 -95
88 -88
103 -83
73 -94
57 -100
96 -89
53 -103
74 -97
61 -101
113 -95
110 -99
101 -106
100 -110
90
342 -624
-333 -621
-394 -609
-468 -588
-457 -578
-252 -587
-548 -556
-420 -564
-448 -552
-487 -536
-510 -518
-541 -496
-622 -478
-494 -484
-456 -476
-562 -438
-431 -454
-562 -404
-529 -396
-537 -393
-619 -358
-569 -346
-543 -336
-612 -233
-609 -224
-606 -153
-612 245
-607 244
-581 251
-571 374
-517 353
-587 437
-563 431
-519 414
-618 548
-602 530
-511 431
-610 568
-523 486
-506 484
-469 463
-543 574
-500 517
-485 536
-459 595
-426 603
-406 578
-372 607
-347 581
-331 554
-266 599
-276 620
-168 608
243 600
331 603
376 574
472 621
472 563
490 455
517 518
524 513
529 476
547 565
518 353
547 448
577 556
534 337
578 517
577 499
545 318
599 490
573 363
588 407
590 357
600 291
595 219
380 -540
618 -103
603 -167
500 -406
588 -301
596 -303
569 -339
556 -380
569 -452
618 -417
576 -533
451 -582
533 -553
561 -568
97
-185 -421
-396 -404
-339 -408
-324 -409
-361 -395
-390 -351
-277 -389
-279 -381
-344 -343
-401 -283
-345 -312
-283 -345
-423 -231
-196 -412
-274 -346
-390 -236
-423 -194
-403 -200
-370 -227
-395 -200
-358 -234
-370 -214
-203 -400
-214 -374
-197 -396
-425 175
-414 184
-422 218
-397 207
-387 210
-385 247
-408 392
-361 242
-401 396
-365 262
-383 370
-378 362
-374 365
-375 377
-367 348
-363 340
-364 374
-357 379
-346 359
-300 317
-284 343
-279 413
-258 407
-228 391
-218 419
-191 406
-188 389
95 416
146 407
164 406
177 409
228 414
240 390
314 422
304 360
366 414
391 418
344 328
375 365
356 295
414 345
368 281
397 312
397 307
382 280
415 318
373 225
416 190
408 -169
418 -185
400 -208
403 -215
409 -249
377 -286
301 -315
394 -303
347 -324
272 -344
385 -336
382 -342
346 -358
380 -362
328 -368
385 -365
219 -383
345 -381
184 -397
140 -402
146 -406
370 -405
102 -416
387 -417
41
114 -115
-47 -114
-29 -113
-53 -112
64 -114
-75 -107
-113 -103
-113 -94
-116 -86
-104 -74
-103 -74
78 -107
81 -106
-108 -50
70 -102
74 -91
-115 37
-108 59
108 -110
-99 66
-101 91
-99 99
-96 109
-83 99
87 -82
-52 112
93 -85
100 -94
92 -80
41 112
49 114
53 107
101 -67
100 -60
67 114
76 93
73 115
81 95
83 109
101 110
115 -83
36
-134 -771
-557 -756
-383 -745
-657 -703
-357 -730
-733 -503
-596 -539
-590 -527
-763 -336
-709 480
-668 439
-556 543
-564 606
-537 662
-458 759
-220 765
404 735
609 515
679 586
703 619
671 457
657 -471
602 -521
700 -516
618 -550
491 -658
711 -621
553 -677
509 -686
511 -700
409 -715
562 -701
423 -736
413 -744
529 -755
564 -759
70
-209 -534
-444 -524
-450 -521
-337 -524
-284 -528
-348 -508
-366 -486
-525 -412
-283 -494
-462 -397
-391 -415
-440 -312
-518 -212
-534 -106
-490 218
-482 248
-523 391
-533 435
-524 416
-490 369
-486 362
-427 473
-425 509
-382 474
-377 530
-347 474
-323 491
-325 517
-321 529
-309 486
-308 526
-298 461
-289 504
-285 502
-184 506
257 480
312 480
369 524
-192 -503
400 534
414 512
417 487
383 417
413 362
512 496
470 423
473 403
479 407
487 377
535 260
534 146
533 -150
518 -270
418 -336
488 -325
405 -357
517 -328
410 -364
424 -369
460 -385
434 -436
427 -438
370 -449
525 -434
252 -482
481 -480
190 -503
175 -515
203 -525
164 -532
89
293 -763
-455 -735
-688 -719
-480 -718
-744 -690
-401 -710
-399 -686
-653 -623
-600 -626
-737 -585
-680 -592
-733 -581
-572 -601
-657 -540
-592 -548
-698 -522
-526 -560
-687 -519
-649 -520
-682 -506
-702 -494
-719 -402
-754 -345
-716 -339
-767 -299
-767 86
-765 199
-754 239
-759 288
-768 305
-700 327
-715 357
-763 447
-684 428
-651 412
-693 470
-682 489
-746 641
-702 599
-762 688
-684 584
-670 595
-764 742
-700 704
-693 738
-556 533
-590 617
-637 706
-581 714
-515 605
-568 733
-523 661
-512 709
-418 646
-391 714
-379 719
249 727
249 742
375 683
386 704
521 684
581 712
589 668
589 663
594 596
617 688
650 678
701 646
671 529
738 748
655 459
686 555
739 730
675 430
693 471
694 445
717 341
761 250
746 -259
698 -375
655 -483
582 -543
674 -478
612 -553
740 -629
483 -709
709 -647
467 -718
675 -692
35
196 -562
-255 -561
-460 -518
-523 -458
-405 -447
-423 -403
-429 -378
-536 -261
-512 -261
-491 542
-375 491
-202 537
-204 562
-185 561
-169 539
-99 556
209 525
234 528
274 545
441 414
464 401
515 457
540 334
525 282
558 -156
547 -177
530 -236
458 -364
319 -488
439 -424
321 -504
354 -490
499 -437
492 -500
538 -512
97
183 -343
-291 -342
-269 -341
95 -341
-109 -333
-162 -330
-290 -321
-116 -329
-106 -329
-177 -324
-230 -312
-281 -306
-166 -315
-271 -305
-187 -301
-212 -297
-316 -276
-266 -282
-227 -278
-245 -261
-246 -259
-279 -241
-317 -228
-329 -219
-328 -206
-342 -160
-300 -174
-320 -167
-322 -140
-343 -122
-332 -113
-343 -63
-302 173
-319 196
-295 194
-317 229
-318 266
-286 228
-285 235
-286 276
-292 302
-265 273
-266 283
-292 330
-274 320
-277 328
-240 280
-218 268
-244 325
-213 311
-194 283
-199 309
-191 303
-182 323
-183 334
-51 341
175 -302
146 318
166 328
170 313
180 318
219 338
219 303
248 304
252 244
258 287
258 254
263 238
270 284
277 304
277 288
297 332
298 256
304 272
316 327
313 306
308 277
326 319
321 285
312 209
321 205
319 159
341 40
309 -155
233 -273
302 -190
320 -180
329 -185
232 -296
231 -299
307 -234
279 -262
270 -270
289 -274
312 -271
310 -277
334 -293
32
-584 -868
-868 -845
-820 -552
-736 -601
-855 403
-632 -642
-817 685
-791 863
-740 679
-752 840
-715 785
-561 692
-446 764
473 818
604 806
621 751
699 673
873 698
825 571
854 244
-467 -781
861 -212
841 -249
826 -294
805 -391
829 -411
818 -467
679 -727
861 -726
571 -781
771 -811
763 -859
10
-226 -561
-470 -433
-336 -492
-366 -450
-500 354
-471 444
369 514
361 454
544 254
342 -471
55
601 -660
-391 -645
-358 -642
-422 -632
299 -650
-434 -610
-263 -611
-608 -524
-636 -494
-509 -466
-554 -425
-625 -401
510 -640
413 -592
391 -563
588 -653
478 -587
-605 286
-574 431
-549 416
-596 495
482 -543
-549 522
-486 564
-425 546
-423 545
-390 572
-430 631
-293 623
-294 646
-213 648
-141 651
519 -501
174 660
248 629
302 652
311 628
456 510
484 513
558 382
600 -546
591 506
598 531
615 537
619 602
621 585
635 488
636 367
641 477
637 277
616 -398
660 214
644 -333
630 -527
622 -637
55
-103 -454
-182 -448
-208 -444
-337 -420
-368 -407
-266 -419
-394 -390
-341 -398
-402 -350
-428 -300
-417 -295
-323 -338
-412 -290
-365 -311
-324 -328
-409 -247
-436 -207
-448 -144
-451 241
-446 279
-403 319
-405 357
-401 445
-374 410
-247 439
-237 423
-229 419
-200 440
110 447
213 425
235 430
224 399
268 371
310 403
328 435
334 410
339 401
353 419
370 422
391 393
340 303
428 358
439 321
385 -243
391 -273
434 -276
299 -368
371 -385
308 -396
390 -401
230 -419
157 -429
156 -430
281 -423
335 -447
37
-285 -427
-339 -408
-336 -400
-439 -324
-390 -342
-378 -246
-449 59
-304 -355
-434 329
-408 378
-331 404
-308 391
-260 397
-283 -393
334 433
360 444
357 409
373 359
388 373
423 232
439 113
439 -129
334 -306
326 -319
317 -339
290 -355
332 -352
420 -350
295 -374
395 -390
404 -394
400 -395
350 -416
357 -420
209 -424
330 -425
412 -426
