4 4
384 812 610 382
77
261 -383
-282 -381
-142 -376
-116 -375
73 -378
-178 -370
-195 -365
-182 -358
-316 -350
-209 -354
-278 -347
-193 -345
-239 -338
-323 -329
-260 -333
-208 -326
-247 -316
-359 -283
-335 -269
-352 -255
-302 -256
-356 -238
-329 -230
-343 -201
-352 -188
-369 159
-377 179
-362 167
-361 212
-329 223
-344 260
-365 291
-364 290
-378 309
-359 343
-283 260
-294 283
-362 369
-310 315
-298 302
-316 376
-251 292
-231 348
-205 352
-165 349
-166 355
-152 370
235 -329
-91 383
130 364
165 350
181 375
255 -305
236 343
237 380
246 361
262 287
274 278
274 275
302 338
306 281
316 338
312 230
328 372
346 381
352 286
373 351
367 243
361 169
368 131
382 -71
306 -279
323 -304
359 -275
316 -323
330 -337
313 -379
9
-333 -369
-374 222
-275 292
-195 353
235 377
332 348
328 274
351 219
375 123
53
-471 -606
-531 -605
-474 -604
-557 -507
-540 -411
-594 -215
-499 -507
-524 -411
-527 -393
-525 -367
-610 343
-579 343
-555 260
-561 449
-569 600
-506 427
-499 452
-492 592
-489 484
-481 512
-447 568
-404 477
-374 584
-352 540
-233 599
416 609
-382 -499
534 559
456 414
489 441
533 445
559 391
605 314
556 265
609 236
-363 -529
607 -93
-407 -580
564 -233
531 -334
551 -346
530 -374
517 -388
-379 -587
521 -420
570 -426
461 -456
592 -439
-218 -578
533 -496
480 -523
-312 -593
240 -587
57
228 -810
-669 -787
-502 -790
-748 -663
-661 -672
-419 -706
-682 -633
-655 -606
-583 -579
-647 -519
-666 -474
-714 -414
-765 -367
-757 -364
-728 -371
-776 -334
-737 372
-767 466
-711 403
-789 658
-746 633
-753 657
-760 685
-688 595
-667 570
-615 743
-500 785
-427 790
351 737
508 716
524 642
624 707
628 534
640 566
738 668
703 548
761 679
779 703
703 470
792 577
799 518
781 223
685 -461
803 -414
723 -487
731 -495
709 -516
536 -650
472 -689
681 -603
796 -599
617 -693
543 -730
780 -686
586 -749
704 -781
743 -806
