55 22
756 265 995 722 893 429 720 298 989 502 784 978 785 911 198 541 175 257 100 127 726 311 285 334 651 996 942 719 853 548 296 608 109 587 626 903 917 345 497 905 748 281 278 829 191 673 370 266 830 667 590 852 878 775 185
58
-10 -641
-322 -576
-372 -562
-216 -560
-465 -407
-445 -405
-677 -194
-445 -337
-640 -182
-444 -316
-333 -387
-337 -360
-555 -33
-578 143
-566 230
-421 52
-510 275
-462 313
-342 62
-223 -186
-478 472
-319 194
-122 -283
-286 605
-68 -350
-47 -331
-143 489
-98 122
-55 -52
-67 347
-21 434
-5 503
2 644
0 -195
10 -106
43 368
52 -188
148 489
118 248
128 302
146 397
133 308
172 298
231 584
224 440
210 375
134 -71
159 -173
338 274
138 -277
238 -100
117 -513
484 -154
473 -232
586 -190
477 -333
638 -311
403 -458
91
19 -613
-260 -481
-87 -546
-511 -232
-553 -196
-417 -237
-616 -40
-219 -340
-578 124
-97 -469
-366 -115
-294 -192
-542 195
-366 -25
-306 -107
-525 284
-338 -12
-293 -58
-193 -233
-345 86
-285 -20
-306 27
-310 42
-400 282
-429 349
-277 40
-81 -386
-30 -500
-297 135
-312 197
-286 339
-291 445
-167 65
-226 414
-156 229
-5 -497
-148 278
-148 379
-144 605
-42 -101
-87 386
-67 274
11 -385
-10 332
-14 497
3 155
16 239
27 420
43 273
67 126
60 -25
92 257
109 441
65 -106
154 569
144 233
147 164
124 10
59 -378
202 390
281 452
284 396
321 417
229 16
397 478
286 121
185 -182
229 -73
358 251
443 400
281 -7
466 391
273 -51
489 340
296 -72
431 155
134 -410
450 122
501 195
440 83
345 -99
431 -120
500 -57
251 -372
94 -537
191 -457
507 -230
361 -378
230 -475
552 -273
456 -375
89
-263 -479
-469 -271
-362 -364
-415 -282
-407 -266
-507 -6
-407 -181
-401 -137
-443 -28
-469 46
-439 24
-411 -54
-450 100
-401 33
-379 -37
-462 294
-427 194
-375 17
-355 275
-317 113
-275 -322
-298 430
-265 -200
-202 490
-223 97
-195 432
-188 283
-202 9
-142 391
-176 103
-63 484
-188 -119
-109 124
-152 -45
-122 25
-197 -254
64 500
-47 163
69 506
-79 51
-75 50
-168 -214
81 473
84 468
-6 200
106 479
110 427
149 513
-24 26
-41 -21
189 338
-70 -135
278 431
-81 -174
-53 -132
262 372
-34 -118
316 407
-40 -145
320 339
319 336
73 -11
-137 -307
-6 -152
362 218
107 -80
459 297
93 -112
196 -17
425 202
445 197
128 -126
119 -146
480 130
-66 -326
497 98
405 4
494 -9
412 -100
313 -163
385 -146
450 -154
317 -280
218 -318
377 -274
428 -281
220 -380
296 -402
132 -425
60
-171 -644
-466 -521
-653 -260
-281 -518
-359 -421
-577 232
-584 374
-368 -10
-423 506
-344 162
-355 221
-367 286
-383 481
-330 331
-332 397
-299 391
-220 -92
-214 -29
-242 593
-240 659
-191 17
-162 -82
-133 621
-132 261
-87 326
-59 340
-47 378
25 698
-70 -135
57 468
71 361
56 178
-60 -332
133 164
26 -128
201 319
168 36
-30 -388
434 437
50 -270
384 284
290 75
551 429
276 -52
70 -329
190 -189
644 237
349 -103
525 14
572 51
664 92
607 -67
381 -348
74 -514
436 -345
336 -416
354 -426
381 -437
507 -419
95 -581
64
362 -742
-122 -691
-236 -647
-565 -574
-496 -577
-382 -460
76 -633
-559 -370
-640 -326
-291 -437
265 -695
-476 -313
-713 -180
-593 -232
-638 45
-756 143
-728 191
-481 68
-573 364
-268 27
-403 202
-389 192
-356 191
-161 -42
-539 467
-241 84
-570 541
110 -378
-511 642
-109 22
-306 456
-424 677
-69 177
73 -93
-158 632
92 56
134 -30
-44 527
207 -192
242 -314
274 -369
50 623
187 282
274 -155
202 506
208 634
273 109
242 578
316 -202
283 536
306 534
386 -67
451 -3
431 -199
513 207
559 108
702 436
532 -286
699 138
706 114
665 -12
765 131
672 -210
760 -240
28
106 -155
-155 -107
-34 -119
-190 -49
54 -136
-70 -55
36 -113
-132 18
-31 -55
-129 32
-106 17
54 -102
-25 -17
-48 22
11 -26
-67 86
13 49
-2 169
29 135
106 -100
115 146
116 67
126 61
125 25
119 -80
117 -126
143 -120
161 -114
85
-48 -959
-417 -829
-548 -736
-724 -600
-95 -933
-828 -499
-439 -707
-318 -757
-498 -621
-773 -364
-537 -521
-402 -525
-864 56
-890 132
-406 -411
-774 246
-683 159
-805 525
-259 -536
-428 -44
-649 493
-641 556
-477 196
-520 497
-445 386
-160 -564
-514 726
-398 314
-263 -138
-420 728
-296 181
-186 -322
-296 285
-112 -610
-275 693
-218 608
-74 -472
-69 -23
-23 646
6 303
96 712
135 173
160 268
289 911
330 876
327 656
340 548
290 348
430 786
369 513
348 436
410 579
399 468
319 59
524 597
274 -131
642 681
442 176
196 -421
652 368
604 194
284 -372
824 473
860 438
555 -34
683 139
284 -466
491 -269
602 -167
567 -232
443 -390
725 -64
768 -34
430 -426
784 -47
945 50
941 20
938 -129
921 -168
189 -775
554 -521
-1 -937
460 -762
415 -885
0 -959
75
-141 -887
-548 -681
-583 -660
-369 -673
-804 -262
-675 -347
-771 -60
-698 18
-820 267
-773 311
-521 -165
-458 -266
-324 -517
-380 -356
-310 -430
-412 -70
-622 608
-415 157
-208 -442
-352 659
-247 -25
-309 506
-271 214
-189 -454
-208 -220
-231 66
-273 582
-222 106
-139 -283
-118 786
-78 676
-54 832
-85 165
-96 -278
-20 646
-34 375
-59 -61
7 342
50 636
148 848
41 132
165 691
-113 -772
167 185
308 513
232 134
448 697
453 577
422 498
334 208
640 544
448 139
579 362
84 -513
148 -415
694 359
403 -99
600 149
382 -171
-59 -786
821 267
519 -99
703 81
20 -746
647 -198
590 -338
688 -329
-20 -813
592 -443
507 -572
136 -755
239 -759
624 -639
495 -713
137 -813
73
309 -645
-143 -638
-312 -513
-557 -440
-590 -391
113 -584
-231 -450
-470 -336
-268 -396
-352 -331
-664 -128
128 -544
-668 -93
-204 -350
-123 -352
-401 -75
-366 -96
-652 175
-480 38
120 -477
187 -521
-208 -78
-450 247
-75 -168
-390 265
142 -413
-458 435
-473 521
-314 303
-233 219
-300 431
-266 377
-262 384
-79 62
119 -294
-88 121
-242 442
-156 283
-283 588
-173 364
203 -356
-122 595
-89 523
-21 362
-13 432
-68 657
-26 690
163 135
99 579
120 667
214 394
210 560
227 659
243 517
276 7
300 549
305 173
306 487
318 -40
361 238
416 511
421 305
459 167
527 127
591 348
546 170
589 159
547 -35
512 -200
500 -361
456 -445
408 -517
514 -393
90
-39 -528
-173 -505
-126 -492
-462 -262
-294 -341
-296 -325
-534 -34
-511 -54
-457 -67
-453 88
-473 140
-261 -150
-326 50
-280 -38
-241 -109
-116 -357
-393 272
-247 -52
-400 323
-228 -79
-328 169
-295 160
-331 259
-339 290
-279 188
-121 -275
-146 -195
-163 -115
-153 -81
-271 450
-266 450
-216 236
-130 -9
-155 181
-135 200
-128 434
-93 334
-70 105
-89 529
-74 310
-41 -438
-40 -98
-28 113
-16 349
-26 -190
-2 259
-5 -17
32 514
22 340
45 333
33 169
51 333
55 101
117 397
68 5
155 435
134 296
146 340
164 266
36 -241
99 -9
94 -59
157 157
153 107
236 344
158 40
222 214
185 95
253 204
70 -256
161 -31
159 -62
236 103
149 -189
429 295
426 241
351 68
323 -51
399 -64
429 -53
289 -246
103 -407
392 -174
195 -339
483 -119
512 -124
328 -267
503 -153
422 -213
157 -460
81
-40 -830
-309 -759
-58 -824
-482 -611
-258 -664
-390 -511
-733 -176
-681 -202
-244 -626
-636 -207
-631 -204
-565 -235
-749 12
-712 -15
-603 -134
-774 114
-614 -72
-647 -10
-275 -505
-757 202
-582 -41
-339 -324
-691 280
-575 176
-675 460
-322 -195
-449 200
-314 -90
-383 144
-307 37
-346 189
-377 326
-318 281
-319 291
-216 554
-177 463
-101 -185
-164 633
-76 226
-72 678
-54 596
-49 354
-40 232
2 5
-30 -654
66 766
103 646
133 263
190 280
282 389
148 -147
340 379
168 -208
450 591
417 421
404 269
439 337
150 -370
333 -57
483 250
579 430
636 376
408 -131
640 16
669 50
213 -519
822 216
757 108
255 -486
403 -379
793 17
622 -238
366 -498
265 -614
334 -569
727 -301
642 -534
604 -554
464 -639
359 -717
335 -777
73
-62 -173
-73 -168
-158 -88
-170 -58
-183 -36
-142 -73
-168 -6
-158 43
-142 22
-160 84
-102 -41
-128 68
-95 -45
-112 37
-120 118
-66 -151
-79 -76
-105 103
-102 92
-101 156
-97 126
-85 117
-73 -8
-69 -56
-78 123
-68 79
-63 -99
-58 -7
-52 -6
-28 184
-29 52
-49 -106
10 171
-38 -68
-12 40
-53 -135
20 173
18 137
-48 -119
26 164
-3 47
0 37
-5 -16
53 143
61 110
57 79
60 82
81 101
55 33
78 54
52 4
83 34
107 50
110 28
149 63
142 38
135 29
47 -67
105 -12
104 -17
27 -93
8 -115
13 -116
141 -20
113 -55
-14 -147
9 -139
142 -98
152 -97
91 -132
44 -148
-50 -171
-32 -169
82
333 -651
-345 -588
-465 -536
-22 -553
-376 -447
-595 -379
-326 -446
-478 -348
-631 -276
-297 -385
-642 -238
-171 -419
-700 -141
-395 -274
189 -573
-315 -293
-502 -153
-463 -157
-321 -234
-692 86
-353 -116
-312 -141
-424 -52
285 -610
-223 -175
138 -475
-512 131
-228 -125
76 -397
95 -415
-290 -27
84 -399
-253 -30
-122 -142
-129 -129
-105 -151
-553 406
-522 384
-461 393
-478 426
-185 107
-397 424
-400 578
-374 593
-366 627
-165 302
-201 465
-147 387
91 -117
7 143
-116 503
-65 509
14 317
74 281
70 362
111 683
150 502
181 361
297 -384
181 493
233 582
346 661
369 333
400 238
468 407
405 -98
458 291
499 403
413 -206
368 -480
458 -49
533 163
469 -165
467 -185
487 -178
611 114
668 -15
505 -327
673 -64
655 -215
637 -275
589 -420
30
46 -298
-37 -265
-227 -126
-140 -123
-156 -85
-192 -42
-99 -132
-180 -38
-47 -186
-39 -179
-51 -126
-205 152
-117 125
-90 59
-100 203
-34 303
-19 227
-10 263
31 21
32 295
58 -86
98 80
145 135
208 217
211 94
73 -238
204 -72
110 -213
224 -128
254 -112
90
-19 -643
-380 -542
-503 -433
-303 -515
-562 -368
-547 -285
-101 -572
-643 -96
-667 60
-569 -43
-432 -150
-383 -195
-678 169
-549 68
-431 -20
-309 -201
-596 290
-496 189
-373 -5
-522 265
-148 -398
-433 502
-300 349
-339 596
-223 238
-184 142
-189 230
-72 -361
-197 367
-140 75
-201 642
-25 -600
-164 541
-129 701
-30 -505
-100 682
-29 -380
-29 -164
4 501
-17 -573
31 -88
168 555
128 216
81 -131
162 46
114 -175
341 610
280 332
84 -315
191 22
282 297
248 141
406 549
329 253
213 -48
251 13
221 -79
332 151
156 -248
117 -344
425 297
426 290
343 71
407 146
393 119
312 -31
480 279
475 258
529 354
306 -76
507 260
205 -262
463 118
394 -65
671 253
648 150
492 -36
606 71
271 -316
626 79
461 -175
425 -231
705 -42
648 -216
375 -412
296 -504
413 -477
133 -588
387 -555
324 -608
4
-271 -73
18 185
164 237
131 -73
50
-100 -533
-377 -438
-129 -523
-397 -367
-394 -289
-521 -178
-521 -141
-487 -154
-372 -257
-237 -383
-523 -45
-444 -126
-209 -383
-506 51
-470 30
-383 67
-157 -371
-296 131
-165 -292
-279 185
-276 264
-265 446
-200 325
-120 -16
-107 -207
-109 409
-101 574
-50 -192
65 491
64 263
164 551
-34 -274
-29 -349
92 -80
423 409
425 403
106 -181
317 115
413 251
378 181
59 -338
460 80
387 -33
257 -168
250 -196
579 40
469 -107
555 -47
545 -84
434 -362
30
-530 -609
-589 -579
-817 28
-619 -409
-737 292
-451 25
-139 535
-332 -115
-352 -213
135 814
53 287
276 483
29 80
-6 13
301 333
138 113
402 375
601 441
633 306
283 14
719 254
756 178
818 171
-16 -373
387 -257
-62 -440
799 -253
339 -526
8 -565
367 -554
93
9 -276
-40 -267
-41 -254
-96 -229
-198 -139
-173 -133
-231 -43
-192 -73
-140 -124
-264 28
-62 -191
-226 52
-203 20
-220 51
-59 -178
-201 103
-151 15
-187 93
-203 146
-193 138
-165 81
-72 -99
-97 -10
-173 185
-33 -169
-114 40
-169 200
-165 222
-77 22
-25 -152
-94 103
-82 83
-78 69
-32 -101
-85 136
-101 217
-14 -166
-77 224
-58 144
-64 200
-44 123
-50 199
-36 113
-17 -36
-39 183
-10 -88
-40 242
-15 184
-7 77
-8 120
-4 130
6 -54
4 190
20 204
12 -176
12 -205
33 67
51 250
39 65
27 -73
47 94
23 -164
56 83
68 173
86 206
58 24
83 166
84 101
87 55
103 115
124 189
110 122
64 -64
84 -4
99 8
156 157
133 86
150 110
187 190
170 111
211 177
197 131
45 -199
30 -237
210 54
222 58
236 61
132 -112
262 9
244 -68
182 -148
170 -164
134 -200
37
-51 -411
-328 -371
-355 -272
-179 -346
-407 -204
-456 -153
-291 -209
-449 -68
-403 38
-471 138
-262 -117
-370 116
-268 7
-160 -161
-330 264
-250 164
-286 367
-73 -96
-29 -238
4 -148
20 -106
163 173
1 -285
252 307
268 337
220 150
295 261
365 309
167 -61
301 71
186 -126
150 -191
432 29
330 -216
401 -238
187 -321
335 -358
67
288 -712
-378 -671
77 -689
-480 -580
-123 -544
-652 -65
-557 -110
-752 39
-43 -468
-367 -225
8 -497
-721 144
-544 24
-684 172
-426 121
-72 -284
-637 426
45 -411
-556 337
-233 -51
-335 97
-267 47
-417 343
-263 148
-485 507
-418 432
-309 319
-339 400
230 -591
-155 257
-316 638
-73 160
-201 555
-236 738
221 -511
-91 549
-97 590
48 461
95 333
196 -202
120 358
130 579
183 266
227 -65
196 729
275 -378
284 -23
328 585
315 -243
365 577
363 166
394 357
393 329
513 548
433 -35
505 292
485 189
442 -269
565 76
601 81
443 -337
592 -116
514 -271
384 -549
744 24
513 -446
496 -563
22
-65 -225
-154 -210
-120 -185
-97 -88
-96 159
-61 -13
-34 170
9 189
39 249
-8 -41
134 120
91 7
225 156
161 63
105 -47
73 -112
117 -85
155 -70
183 -73
278 -29
49 -198
26 -206
