77 55
264 492 331 684 635 871 955 828 427 584 623 698 708 503 192 278 940 749 674 322 950 860 143 743 319 684 455 232 124 838 185 585 329 417 269 864 287 520 989 911 400 611 905 404 113 394 583 349 439 553 572 388 709 912 427 928 892 178 457 313 916 542 798 542 255 363 702 442 180 690 649 777 597 851 478 907 244
44
288 -422
-290 -379
-427 -337
-370 -342
222 -413
-355 -334
-308 -323
-378 -278
-367 -267
-410 -254
-406 -245
-399 -196
-426 44
-411 151
-331 282
-397 362
-402 368
-323 301
-383 419
-310 345
-312 394
-259 418
261 -358
266 -343
163 409
171 414
349 371
363 311
377 342
376 243
425 403
419 159
313 -324
418 -162
415 -173
381 -244
414 -183
346 -317
394 -263
374 -305
411 -255
323 -389
361 -397
397 -402
21
-77 -103
-109 -93
-89 -94
-94 -87
-104 -55
-104 -51
-107 72
-94 90
-91 83
-87 76
26 111
-70 -90
54 109
56 109
68 92
103 84
112 90
112 79
109 -50
96 -71
97 -78
86
-338 -415
-401 -257
-411 -230
-387 -278
-406 -198
-402 -196
-414 -71
-378 -233
-364 -236
-411 126
-415 266
-404 217
-410 281
-412 305
-353 -256
-416 415
-409 399
-391 231
-384 407
-354 372
-351 337
-339 265
-324 346
-319 282
-309 405
-306 408
-332 -267
-303 385
-292 369
-255 414
-251 373
-232 384
-143 404
-114 414
70 415
83 409
123 406
-308 -364
-278 -316
186 381
190 383
234 406
221 380
220 362
-290 -353
294 362
353 384
361 390
381 402
385 399
369 359
321 296
347 322
379 355
415 389
351 303
406 326
354 258
-259 -340
376 241
411 186
399 -124
-204 -364
-204 -369
370 -203
-185 -376
341 -258
380 -260
334 -283
375 -275
305 -289
395 -298
282 -320
305 -320
264 -327
260 -338
396 -327
213 -368
414 -357
243 -371
304 -374
-129 -403
222 -387
251 -401
384 -408
240 -412
77
-106 -311
-162 -307
-247 -297
-283 -275
-242 -269
-229 -269
-305 -232
-312 -206
-165 -276
-201 -252
-231 -229
-239 -206
-238 -205
-293 -158
-304 -142
-307 -138
-287 -154
-294 -142
-301 -95
-313 27
-301 120
-307 149
-302 151
-313 189
-300 158
-298 235
-292 250
-271 234
-263 221
-287 310
-261 222
-250 191
-282 305
-259 245
-265 299
-234 232
-251 306
-219 257
-215 250
-208 265
-204 249
-207 285
-202 280
-145 306
-143 284
-127 293
78 304
181 269
195 297
203 307
197 280
207 276
209 275
268 251
264 241
246 213
270 235
264 206
310 262
301 210
293 172
310 129
301 108
296 -119
309 -136
293 -160
294 -178
288 -181
281 -185
232 -234
247 -246
276 -268
152 -294
265 -288
130 -299
219 -301
251 -306
96
-110 -232
-217 -225
-193 -222
-126 -229
-230 -209
-195 -211
-151 -219
-178 -199
-189 -192
-143 -215
-213 -173
-204 -178
-231 -162
-232 -161
-199 -180
-228 -157
-201 -170
-219 -154
-200 -166
-163 -192
-214 -124
-231 -99
-150 -182
-136 -195
-228 46
-227 51
-224 95
-221 99
-219 126
-222 137
-223 172
-217 183
-209 169
-198 126
-205 176
-206 195
-186 160
-192 221
-182 180
-187 231
-114 -207
-177 208
-168 163
-170 211
-158 188
-160 223
-158 222
-146 215
-111 -216
-134 214
-131 211
-111 213
-82 224
-59 228
141 217
137 209
146 214
151 195
158 197
170 167
192 170
217 203
225 208
208 183
199 168
201 164
231 196
211 149
216 143
228 120
220 94
221 88
227 59
211 -104
207 -109
213 -150
188 -161
225 -160
183 -172
152 -182
142 -184
226 -176
137 -197
223 -188
190 -194
189 -198
219 -195
107 -208
217 -196
161 -205
174 -219
118 -222
219 -221
220 -224
164 -226
135 -229
75
-461 -581
-536 -532
-546 -517
-574 -476
-565 -438
-473 -564
-565 -419
-524 -438
-547 -376
-560 -320
-571 -245
-556 -283
-519 -295
-579 521
-577 524
-547 371
-543 430
-538 477
-530 378
-519 291
-528 540
-517 527
-503 301
-504 473
-503 523
-479 491
-463 477
-461 540
-442 397
-442 395
-428 583
-407 560
-409 514
-383 444
-358 474
-436 -397
-284 527
-416 -420
216 554
331 580
419 565
368 470
426 497
386 446
458 518
457 505
561 514
568 444
533 408
507 348
522 299
524 298
-291 -519
545 -232
572 -259
-269 -523
-375 -556
584 -315
502 -337
544 -357
521 -405
472 -446
524 -447
410 -473
451 -475
572 -464
537 -491
477 -497
362 -516
368 -546
-211 -572
295 -555
515 -555
297 -574
360 -581
50
570 -578
315 -575
-210 -567
-322 -565
-300 -563
-261 -561
-571 -530
-475 -532
-538 -517
-559 -513
-576 -511
-422 -484
-427 -478
-537 -453
454 -563
-461 -386
334 -530
-507 -357
328 -520
-528 -270
-574 162
382 -448
-564 266
-551 325
-560 380
-479 403
-460 401
-460 430
-454 443
-416 415
-499 545
-212 545
-207 560
523 -509
503 -417
511 -405
531 -454
225 570
358 511
389 513
456 472
453 535
476 368
561 -487
546 -297
546 -214
542 435
547 543
555 228
559 466
12
-168 -681
-257 -654
-535 -467
-656 -366
-625 447
648 533
594 374
660 -270
545 -474
480 -559
619 -555
339 -630
74
56 -178
-113 -177
-85 -174
-158 -167
-174 -163
-153 -163
-143 -160
-145 -153
-149 -151
-124 -151
-152 -142
-147 -141
-168 -136
-148 -137
-167 -126
-161 -109
-171 -98
-162 -89
-174 -64
-176 -56
-180 -44
-178 -35
-163 77
-180 112
-156 115
-142 117
-159 156
-150 155
-157 168
-138 158
-135 164
-134 164
-131 177
-118 155
-124 169
-101 175
-67 179
73 165
74 171
80 174
89 172
103 166
128 173
133 177
134 139
141 166
152 151
160 168
153 137
156 136
148 104
152 113
154 119
176 161
166 132
161 92
179 123
175 43
167 -69
158 -94
136 -119
155 -106
176 -93
129 -131
170 -110
108 -148
153 -131
133 -148
156 -153
99 -168
179 -152
168 -165
129 -171
171 -177
51
470 -485
-197 -483
-269 -482
-207 -475
-133 -474
-309 -457
-412 -448
-339 -447
-417 -443
-471 -434
-318 -397
374 -474
275 -461
309 -462
-411 -338
313 -457
-466 -314
-488 -300
280 -440
317 -445
-466 -219
317 -392
-475 167
-456 287
-481 392
-393 327
-477 452
-378 379
-436 458
-350 408
-323 385
-282 442
-245 459
-111 486
404 -369
389 -332
416 -369
414 -304
260 436
355 466
372 410
400 439
452 -244
410 368
416 324
458 -256
460 298
462 338
472 -276
488 74
486 -227
35
-490 -539
-534 -93
-524 157
-528 297
-512 476
-503 366
-488 -401
-352 428
-335 493
-471 -417
-323 494
-281 518
-443 -358
-438 -343
-413 -419
228 514
362 524
332 452
421 469
413 451
451 483
496 528
436 453
513 456
475 387
497 304
508 208
539 -65
541 -123
364 -403
445 -451
432 -460
470 -471
425 -511
298 -532
83
280 -426
-373 -423
106 -425
-326 -421
-421 -407
-203 -410
-363 -377
-420 -369
-422 -368
155 -415
-399 -365
-262 -375
134 -412
-327 -363
-347 -354
-274 -361
-360 -350
-239 -360
-266 -349
-253 -350
-345 -335
-427 -319
-305 -317
-404 -294
-331 -300
167 -400
-373 -226
-397 -168
-423 -124
-419 -118
-423 110
-399 158
-424 248
-402 241
-391 261
-381 386
-303 315
-359 393
-319 374
-331 402
242 -374
-310 392
-279 362
-298 403
-292 400
-287 405
-262 387
-246 387
-216 402
-201 426
-177 417
-136 405
94 418
271 -379
205 424
214 388
250 420
252 409
273 329
288 342
330 360
335 380
351 319
362 302
374 269
399 323
420 382
400 252
408 282
419 247
424 260
358 -237
401 -175
324 -339
401 -261
370 -318
346 -356
387 -318
414 -301
390 -324
378 -345
393 -354
406 -360
14
-200 -266
-275 -158
-238 -190
-270 -82
-257 165
-251 257
-210 198
-151 259
-146 248
158 269
269 -162
187 -207
174 -245
269 -252
46
-220 -389
-341 -367
-339 -355
-353 -336
-324 -338
-296 -348
-337 -322
-352 -294
-321 -315
-266 -350
-347 -256
-335 -265
-352 -241
-251 -354
-367 -170
-236 -357
-385 134
-384 216
-378 214
-383 306
-378 320
-328 308
-309 323
-304 336
-296 356
-283 279
150 386
236 370
230 353
254 371
252 306
279 284
327 338
375 349
333 244
384 149
385 100
388 69
-196 -378
355 -188
-150 -366
385 -215
323 -270
324 -282
374 -275
200 -366
70
234 -349
-238 -343
-330 -327
-299 -326
-166 -318
-301 -299
-223 -286
-279 -272
-282 -251
-334 -234
-299 -238
-338 -199
-348 -193
-326 -146
152 -317
172 -317
-347 -41
198 -327
174 -306
-346 86
-346 175
-332 184
-303 214
-315 239
-309 252
-341 301
-289 247
-328 321
-303 328
-298 337
-243 271
-235 262
-254 308
-235 287
-246 338
-207 345
-133 335
232 -332
174 343
183 347
193 312
242 289
254 319
267 335
241 -268
298 269
293 208
293 199
300 238
325 326
328 328
341 311
334 256
327 127
262 -250
265 -249
339 -109
260 -291
331 -198
303 -251
342 -196
335 -226
312 -294
308 -298
298 -307
316 -305
340 -306
311 -335
348 -344
337 -346
85
-563 -609
-601 -570
-607 -504
-578 -553
-610 -337
-596 -263
-599 143
-606 508
-606 537
-591 342
-588 440
-574 212
-574 596
-562 315
-538 417
-531 440
-526 596
-527 489
-528 432
-509 544
-505 577
-505 497
-503 397
-486 607
-452 523
-448 477
-414 510
-408 510
-402 537
-368 600
-537 -454
-323 608
-311 600
-203 603
200 584
-475 -490
-443 -451
313 532
391 571
400 568
417 512
405 498
-464 -500
579 610
479 488
542 549
447 446
470 442
578 543
581 509
499 384
573 424
538 385
568 352
566 300
583 239
584 226
-445 -553
-380 -539
578 -238
573 -283
528 -313
602 -299
582 -316
576 -355
518 -370
553 -372
-431 -586
503 -455
443 -469
587 -475
383 -499
-445 -596
-434 -597
-476 -603
401 -545
353 -550
420 -554
451 -557
566 -559
-251 -598
521 -588
160 -602
305 -606
431 -607
4
-253 -253
-281 -195
-281 -175
-225 -240
15
-137 -685
-486 -553
-671 201
-651 326
-530 612
-486 665
-330 668
-322 636
313 626
646 523
663 -345
633 -384
653 -418
592 -606
364 -675
37
-384 -532
-509 -512
-534 -402
-526 -408
-521 -319
-466 -388
-529 -262
-519 -261
-519 -247
-429 -372
-437 -331
-539 205
-541 444
-516 330
-387 -508
-481 509
-383 -398
-320 487
-208 515
-380 -514
147 537
310 520
531 513
469 369
533 125
503 -260
502 -273
411 -366
473 -371
383 -405
532 -416
480 -491
456 -505
483 -518
-171 -530
-162 -530
284 -532
33
-390 -900
-520 -894
-616 -802
-491 -798
-893 285
-891 671
-862 661
-803 691
-774 807
-744 742
-378 -869
324 880
348 860
512 765
590 833
706 841
635 675
671 614
728 669
853 750
794 610
869 680
-344 -862
779 -657
817 -706
695 -730
890 -712
555 -810
900 -809
842 -823
777 -835
716 -856
556 -874
99
-903 -943
-950 -822
-941 -600
-934 376
-938 728
-918 481
-903 504
-900 -521
-899 -461
-873 679
-852 801
-841 779
-848 494
-824 786
-819 845
-828 524
-891 -713
-783 938
-882 -679
-744 926
-739 633
-884 -764
-861 -617
-668 763
-842 -533
-623 817
-638 714
-606 871
-523 837
-463 919
-868 -799
-831 -665
-412 942
-401 939
-377 944
-198 947
318 914
325 920
-802 -796
-711 -668
415 862
521 920
560 864
-755 -762
627 900
654 931
578 784
620 820
701 891
617 788
699 859
805 931
741 820
658 720
688 748
855 916
797 848
737 762
875 885
778 779
728 699
833 780
814 679
873 694
860 626
809 567
848 582
872 560
937 600
928 576
874 499
947 538
854 428
911 462
-698 -802
-639 -769
-754 -848
-726 -851
-645 -844
914 -334
891 -375
-511 -824
919 -654
-460 -878
651 -728
-485 -886
911 -700
-788 -928
585 -756
-640 -921
848 -797
740 -821
459 -844
-751 -933
570 -892
623 -895
522 -901
659 -913
934 -915
64
270 -376
-253 -375
-281 -361
-307 -360
-269 -351
-378 -339
-287 -343
-180 -346
-353 -304
-372 -300
175 -364
-283 -303
151 -360
-347 -289
-284 -280
-380 -245
-337 -235
-380 -147
-384 -62
-382 72
-377 161
211 -327
-371 165
-367 231
-382 256
-386 279
-346 262
-360 298
-338 287
-313 274
-366 345
-386 373
-285 275
-335 349
228 -324
-313 363
-292 376
-291 379
-258 341
243 -337
-159 387
106 384
262 -310
189 365
193 386
205 360
211 333
220 359
267 -319
288 305
292 324
330 377
340 281
358 387
353 187
355 -217
366 -245
380 -226
377 -248
383 -313
386 -348
382 -351
318 -366
314 -372
26
-247 -475
-369 -448
-454 -415
-299 -456
-452 -375
-414 -347
-476 345
-434 271
-257 -423
-409 416
-380 471
-327 461
206 441
307 388
464 459
445 284
463 272
461 -136
419 -263
444 -311
448 -320
422 -333
371 -361
337 -409
239 -443
434 -435
12
-142 -169
-179 -166
-168 -154
-184 158
-172 88
-166 127
-142 145
-115 170
104 181
93 164
-129 -163
144 -138
98
456 -864
-375 -862
-586 -861
-525 -861
-369 -848
-561 -810
-447 -815
-310 -816
-398 -808
-656 -746
-502 -740
-576 -715
-579 -698
-733 -661
-719 -658
338 -842
-553 -673
-854 -606
-740 -613
-588 -637
-660 -599
-759 -558
-730 -560
-771 -523
-853 -408
-802 -422
-841 -325
-853 -199
-812 395
-809 438
-779 472
-851 595
-774 518
-743 510
-792 585
-837 667
-719 532
-813 676
-802 689
-677 566
-733 674
-779 778
-675 736
-695 773
-661 746
-723 853
-610 793
-496 811
-460 789
430 -812
330 846
487 729
519 759
535 679
586 733
619 784
661 761
686 727
712 849
724 840
733 825
724 718
710 590
731 665
774 859
725 534
772 749
778 730
749 525
803 776
806 731
768 473
844 729
818 613
854 720
820 555
847 636
833 485
822 366
847 -188
809 -375
855 -343
733 -527
789 -469
612 -681
838 -449
742 -564
602 -731
718 -627
734 -654
808 -675
597 -793
783 -725
804 -732
851 -726
674 -789
749 -808
658 -857
34
-469 -828
-711 -772
-794 -746
-773 -746
-626 -728
-583 -739
-808 -560
-834 -505
-727 -565
-803 -384
-572 -652
-486 -762
-722 476
-622 833
-570 782
-166 830
391 787
447 833
554 714
692 812
621 689
627 685
803 715
-425 -776
800 282
837 105
733 -471
680 -578
771 -582
642 -723
773 -768
647 -783
288 -809
245 -823
98
-190 -400
-349 -397
-371 -390
-329 -381
-292 -383
-219 -395
-261 -383
-340 -341
-364 -323
-343 -327
-249 -365
-316 -319
-374 -264
-369 -262
-340 -279
-362 -225
-268 -319
-297 -278
-323 -246
-246 -335
-346 -218
-264 -311
-264 -310
-368 -168
-372 -155
-249 -316
-389 103
-391 117
-396 165
-393 193
-390 233
-366 220
-379 277
-372 364
-377 397
-363 360
-330 230
-351 326
-337 268
-326 257
-336 309
-320 260
-318 352
-310 318
-320 399
-274 322
-267 350
-255 311
-224 367
-173 379
106 398
162 389
173 376
222 366
230 357
273 385
271 376
293 367
295 339
278 298
354 394
351 387
304 304
347 362
326 330
322 293
378 349
361 296
383 320
357 269
386 302
396 312
378 279
382 279
356 223
390 209
374 -158
388 -165
377 -179
386 -206
244 -322
315 -324
198 -348
323 -338
358 -345
-123 -394
385 -352
305 -360
257 -366
305 -365
206 -373
248 -377
342 -375
100 -389
358 -385
376 -386
105 -397
331 -395
6
-544 -895
-634 770
-557 768
-244 910
465 899
897 529
65
433 -552
-194 -551
52 -551
100 -550
-445 -545
-550 -527
-431 -530
-349 -532
-279 -495
197 -532
-377 -480
281 -537
-277 -480
-492 -457
-475 -456
218 -527
-366 -449
-478 -427
-544 -414
-388 -430
-454 -399
221 -515
-428 -400
-545 -371
-532 -342
-516 -299
-538 414
-549 435
-531 422
-481 462
-389 460
-380 477
-300 469
310 486
320 485
354 448
360 422
389 469
392 524
402 504
426 534
428 420
428 493
433 461
487 508
493 433
485 298
510 412
497 247
512 348
535 358
543 351
488 -311
544 -205
552 -184
550 -198
550 -272
539 -392
530 -463
535 -477
526 -486
516 -498
552 -476
530 -501
470 -546
57
340 -859
-472 -855
-500 -816
-845 -785
-459 -792
268 -852
-465 -760
-807 -704
-579 -719
-774 -604
-697 -582
-783 -552
-787 -550
-840 -475
-850 -402
-812 -389
-841 251
-805 354
-824 439
-869 630
-762 577
-711 622
-641 770
-591 837
-477 848
-402 819
-349 851
347 867
406 805
455 753
522 861
529 845
523 733
589 691
617 860
643 619
697 571
789 822
829 757
807 635
835 602
713 -508
775 -457
855 -439
427 -790
825 -482
797 -504
546 -700
682 -611
592 -689
670 -695
848 -640
729 -711
791 -728
857 -738
864 -763
478 -844
82
293 -442
-391 -423
-229 -426
169 -438
-182 -422
137 -435
-379 -408
-294 -410
-213 -409
-368 -394
-371 -389
-207 -401
188 -433
-442 -375
-326 -375
-309 -376
-396 -351
-393 -339
-361 -321
-318 -314
-386 -268
-424 -222
-417 -215
-416 -215
-395 -221
-425 147
-423 223
-396 200
-412 262
-395 251
-384 244
-420 285
-385 266
-400 321
-399 335
-399 342
-383 331
-359 333
-422 433
-376 404
-370 428
258 -396
-307 356
-291 347
-254 362
-219 418
-201 405
251 370
315 337
334 364
349 396
358 415
359 411
355 331
375 413
367 274
383 233
310 -320
412 408
416 403
421 402
398 237
404 236
437 395
433 300
438 242
358 -291
418 -155
424 -183
418 -210
348 -348
382 -309
313 -421
373 -372
436 -331
354 -405
436 -387
396 -415
410 -413
420 -412
307 -440
407 -426
89
210 -516
-283 -499
-478 -491
-331 -479
-321 -478
-411 -471
-433 -467
-385 -466
-344 -466
-227 -475
-465 -408
-476 -372
-394 -389
-377 -378
-492 -296
-434 -314
-453 -301
-518 -272
-429 -297
-519 75
-519 164
-498 153
-498 233
-513 287
-496 280
-499 297
-515 334
-488 308
-463 317
-520 414
-420 330
-492 432
-460 402
-472 419
-475 513
-461 503
-387 404
-434 482
-362 374
-415 484
-367 425
-409 507
-358 437
-194 497
214 483
223 478
231 473
252 463
318 495
364 444
380 421
399 380
417 452
480 494
491 458
486 427
479 385
515 502
502 391
503 325
487 226
493 230
376 -366
500 -291
341 -416
444 -341
515 -290
412 -372
414 -375
479 -362
288 -473
302 -469
290 -476
465 -413
381 -456
403 -450
447 -436
437 -442
312 -483
503 -437
502 -449
466 -459
473 -458
337 -488
327 -499
473 -481
495 -496
413 -507
433 -511
94
129 -455
-63 -454
-241 -453
-378 -447
-173 -446
-85 -448
-182 -442
-291 -424
-265 -417
-225 -418
-434 -391
-227 -413
-413 -387
-455 -372
-383 -378
-348 -372
-259 -380
-423 -337
-279 -365
-444 -317
-390 -329
-346 -333
-339 -330
-411 -270
-389 -239
-428 176
-438 201
-442 207
-420 231
-444 270
-436 322
-386 262
-413 346
-386 308
-374 303
-373 317
-383 387
-374 390
-307 348
-280 418
-226 447
-216 422
-191 446
-131 440
74 454
243 387
251 432
271 391
339 440
344 360
352 323
382 422
361 348
375 380
377 330
415 427
408 391
423 349
396 257
415 305
418 237
429 253
418 220
448 270
437 220
451 -91
453 -97
435 -152
401 -231
417 -231
435 -252
354 -309
379 -299
363 -311
313 -350
421 -301
199 -421
452 -307
314 -378
429 -331
273 -398
188 -433
284 -398
228 -419
422 -353
290 -399
307 -395
343 -388
278 -419
432 -392
298 -427
408 -435
278 -445
361 -444
32
-540 -698
-588 -579
-578 -508
-681 250
-698 548
-676 695
-649 579
-644 633
-628 558
-605 443
-616 654
-605 532
-394 599
-358 673
-479 -551
279 676
367 688
444 572
540 622
699 457
664 285
600 -434
655 -456
612 -515
586 -536
440 -595
635 -585
569 -642
508 -666
394 -674
-376 -694
591 -683
48
159 -327
-254 -322
-325 -282
-194 -290
-241 -274
-309 -245
-242 -253
-236 -253
-227 -251
-305 -235
-244 -239
-321 -212
-294 -214
-283 -200
-321 -168
-313 -132
-303 -133
-322 -97
-312 124
-324 184
138 -303
-280 250
-239 280
-253 321
-176 286
90 317
149 304
179 307
162 -287
213 316
284 311
274 244
291 297
298 291
296 179
325 257
316 223
203 -268
303 -171
258 -222
188 -303
262 -245
327 -217
210 -295
305 -251
316 -276
325 -301
294 -307
91
-649 -705
-708 -535
-683 -492
-675 -521
-702 -259
-705 -182
-706 314
-699 247
-703 462
-709 652
-691 345
-651 296
-649 -400
-640 430
-627 621
-597 498
-586 610
-584 644
-585 510
-636 -468
-579 532
-576 438
-558 670
-556 691
-554 544
-552 471
-632 -528
-448 674
-455 551
-449 577
-625 -558
-410 633
-344 658
-352 621
-593 -519
-221 680
-571 -455
-591 -548
-601 -585
-587 -551
253 706
-510 -493
308 683
403 678
387 646
373 606
452 667
496 703
589 701
558 643
606 693
634 686
548 581
669 644
664 606
609 527
552 467
575 489
673 584
573 449
695 550
599 455
677 475
620 368
665 377
-452 -549
-503 -597
693 271
-488 -650
-386 -624
-506 -661
706 -312
-617 -696
675 -334
703 -439
668 -473
514 -507
489 -516
495 -578
450 -593
473 -594
538 -604
508 -611
482 -623
390 -646
694 -666
247 -694
291 -694
209 -698
656 -704
-183 -705
32
132 -315
-311 -287
-277 -285
-313 -220
-310 -194
-312 157
-281 193
-288 212
-314 256
-309 251
-300 304
-251 234
-298 310
-270 278
-218 289
163 303
166 308
188 288
204 324
199 266
224 270
247 282
255 228
277 208
287 171
303 134
328 142
322 -128
318 -191
158 -304
307 -262
256 -315
12
-505 -873
-781 -818
-620 -815
-822 -458
-793 608
-765 877
-674 693
576 856
661 832
865 736
-308 -856
593 -851
15
634 -648
-475 -592
-675 -574
464 -621
405 -580
-564 589
-508 663
-402 575
-314 620
-310 676
-276 666
268 650
351 623
450 595
651 -246
40
216 -319
-106 -304
-189 -299
-173 -299
-294 -291
-290 -275
-312 -258
-231 -247
-300 -224
-292 -129
-307 131
-306 223
-252 204
-266 230
-311 297
-235 222
-249 240
-276 283
-205 279
-172 273
81 317
117 315
144 286
173 295
224 252
242 231
265 315
221 -259
274 190
307 171
315 192
318 60
231 -280
225 -296
315 -70
309 -101
281 -206
311 -171
250 -278
280 -262
72
-312 -683
-471 -674
-631 -648
-552 -641
-678 -589
-388 -654
-528 -578
-477 -566
-613 -465
-646 -423
-629 -431
-555 -464
-531 -480
-405 -593
-570 -399
-423 -560
-387 -592
-681 -90
-371 -579
-620 299
-644 645
-626 678
-584 497
-545 525
-513 518
-461 594
-430 578
-359 648
-345 591
-343 602
-316 635
-312 -614
322 627
433 633
438 589
471 562
498 553
482 522
566 600
535 506
652 648
603 580
537 455
588 422
653 350
618 307
667 343
651 324
660 299
652 248
672 171
683 -133
-297 -675
669 -214
627 -299
656 -292
661 -309
658 -409
604 -444
466 -508
575 -544
419 -574
381 -582
632 -554
677 -564
-253 -676
567 -584
592 -583
395 -629
350 -652
616 -640
242 -670
54
-316 -561
-521 -548
-534 -533
-443 -517
-380 -525
-463 -468
-541 -397
-501 -386
-576 -307
-525 -300
-514 -295
-543 300
-554 560
-458 393
-463 565
-444 451
-442 524
-423 457
-409 490
-376 450
-295 543
-307 -518
257 530
326 564
309 505
369 560
379 548
406 512
460 579
474 545
488 505
487 468
525 513
526 511
476 441
511 404
496 366
524 344
550 324
569 343
578 329
551 256
562 198
578 -92
510 -312
516 -319
563 -354
414 -421
368 -485
438 -479
-220 -551
500 -489
472 -541
-268 -561
68
258 -571
-547 -556
-194 -556
-558 -540
-472 -507
-531 -488
-270 -510
-391 -486
-516 -464
-543 -437
-436 -400
-499 -333
-544 -214
-557 152
-550 199
-548 235
-557 270
-536 330
-552 418
-482 343
-524 418
-536 445
-568 513
-543 514
-431 455
-476 557
-395 451
-399 469
-273 561
-215 559
251 -521
151 565
161 571
193 560
318 489
326 487
343 516
390 523
395 547
395 442
440 529
437 478
430 414
440 391
443 382
458 381
456 368
482 328
530 502
503 274
565 375
562 -157
524 -253
383 -438
551 -269
479 -345
531 -309
474 -388
485 -385
319 -522
550 -355
540 -413
487 -463
475 -491
482 -522
570 -508
477 -554
552 -553
49
530 -591
-383 -585
-552 -557
-450 -549
-391 -529
-549 -471
-519 -453
-461 -407
-595 -222
469 -560
456 -551
409 -525
-559 279
-594 349
-544 346
-545 428
-581 463
-543 433
-593 514
-475 410
-511 487
-441 426
-470 462
-408 454
-449 523
500 -554
-347 530
-342 568
-277 575
-256 588
-90 592
494 -477
503 -500
248 577
361 487
412 465
451 401
482 413
502 345
501 401
515 551
570 465
582 577
551 -285
593 195
553 -308
544 -425
549 -411
574 -299
61
-513 -840
-766 -829
-762 -811
-641 -811
-736 -782
-811 -756
-626 -732
-698 -663
-826 -441
-741 -493
-820 -357
-848 250
-819 258
-792 358
-783 348
-812 580
-769 424
-839 780
-783 540
-820 833
-532 -726
-734 572
-756 766
-674 567
-677 728
-658 560
-640 825
-494 -703
348 839
497 714
571 813
589 738
588 716
708 846
697 750
620 630
694 718
793 739
738 622
720 578
699 490
746 461
808 520
808 507
779 394
824 -250
817 -254
-380 -796
751 -432
834 -531
643 -602
683 -613
740 -618
666 -635
735 -645
838 -712
761 -742
-409 -837
764 -815
767 -815
-302 -837
48
774 -823
-564 -795
-375 -766
-525 -746
-372 -751
304 -788
-619 -711
-666 -705
409 -776
343 -764
-747 -607
-549 -620
-792 -454
-703 488
-753 592
-787 688
-627 563
-663 604
-798 762
-651 702
-719 780
-617 684
-680 755
-521 644
-510 684
-592 809
-554 772
-567 789
-452 767
-401 768
710 -723
722 -702
78 827
410 734
552 660
593 612
637 653
666 510
683 786
720 464
726 783
771 -674
750 622
779 691
781 744
794 -328
804 -483
803 -616
24
-119 -247
-224 -232
-252 -209
-229 -181
-248 -137
-247 -80
-252 102
-233 150
-253 238
-220 228
-212 223
-193 201
-171 216
-150 226
-134 234
75 253
163 238
194 183
204 162
236 170
248 -66
179 -195
170 -226
117 -244
66
748 -912
-900 -908
-346 -907
-810 -868
-330 -874
264 -894
-651 -859
494 -902
281 -890
-384 -848
-742 -823
-579 -816
-491 -796
-826 -739
573 -886
-900 -601
-724 -601
458 -841
-899 -488
-799 -453
-811 -440
-901 -321
587 -824
-831 446
-850 529
-885 632
-786 613
-871 709
-846 693
-781 660
-826 769
-766 770
-814 826
-870 913
-823 871
-629 684
-695 774
660 -809
-705 850
-610 739
-633 902
-531 808
-471 840
659 -747
709 -762
474 820
605 820
612 893
617 871
642 780
750 901
796 586
819 637
826 738
767 -566
856 819
854 723
877 745
909 560
904 488
892 254
851 -521
890 -427
855 -567
838 -682
908 -680
57
-674 -908
-775 -887
-781 -881
-822 -868
-853 -624
-884 -548
-880 -484
-725 -788
-726 -757
-750 -585
-911 504
-876 386
-863 836
-812 797
-797 721
-781 752
-709 857
-675 719
-663 872
-633 842
-557 859
-464 866
-622 -729
-597 -725
304 865
-641 -852
368 856
392 845
477 903
-581 -765
581 781
640 836
731 770
651 674
780 804
824 837
797 802
717 641
884 816
909 799
909 540
836 410
852 334
-428 -817
887 -466
838 -542
824 -660
692 -685
718 -695
-409 -868
-312 -867
-303 -871
454 -796
656 -827
539 -847
305 -871
894 -853
74
214 -402
-252 -382
-173 -380
-347 -364
-287 -363
-317 -327
-370 -285
-383 -271
155 -389
-399 -252
-404 -241
-381 -241
-393 -200
-403 -114
-396 -112
173 -370
-396 189
-361 224
-343 233
-344 235
-368 273
-404 368
-376 335
-347 310
-317 280
-308 276
-355 349
-354 390
-325 380
-312 363
-267 319
-308 385
-296 396
-222 347
-229 370
-207 382
-198 382
-181 398
93 403
185 399
190 367
193 393
268 353
218 -359
301 270
323 268
336 286
376 349
364 285
396 364
399 362
379 203
377 182
395 151
403 83
399 69
401 -81
241 -357
394 -124
367 -186
374 -191
297 -296
295 -304
340 -273
246 -373
385 -255
391 -260
309 -339
295 -350
389 -292
395 -314
379 -340
376 -387
364 -394
91
333 -454
-404 -452
-158 -447
-305 -444
-198 -445
-351 -442
94 -449
122 -449
-387 -421
-316 -416
-422 -409
-230 -417
-225 -399
-455 -372
-292 -375
-388 -346
-378 -341
-451 -325
245 -436
-368 -276
-381 -255
-408 -247
-409 -245
-424 -216
-406 -219
-451 -138
-453 -122
238 -392
-427 192
-415 236
-421 257
-422 277
-445 312
-359 292
310 -429
-384 329
-375 337
-383 364
-398 389
-403 435
-337 356
-315 345
-326 362
-313 346
-306 347
283 -391
-334 389
-341 404
-312 373
-285 450
-112 448
-68 454
327 -429
138 455
231 422
236 441
249 417
324 407
328 450
329 413
342 441
349 322
336 -334
354 328
363 370
371 278
375 317
408 402
411 289
426 356
432 338
448 351
439 226
357 -307
444 137
451 136
350 -381
360 -347
372 -302
410 -212
339 -436
424 -217
453 -147
376 -369
412 -304
447 -251
397 -357
410 -339
394 -398
422 -374
443 -357
57
51 -192
-104 -189
-61 -188
-172 -180
-153 -172
-186 -166
-165 -162
-93 -171
-135 -139
-170 -126
-179 -116
-177 -78
-192 -6
-182 62
-180 85
-181 104
-185 112
-161 111
-173 161
-182 183
-166 160
-153 145
-148 138
-136 138
-108 161
-86 181
-66 186
90 170
111 177
141 157
160 178
164 184
157 130
178 190
176 170
172 142
176 152
163 108
188 123
184 101
189 53
183 -60
187 -87
167 -124
84 -173
116 -159
167 -142
145 -156
117 -168
68 -186
183 -148
76 -185
158 -165
105 -183
191 -171
155 -179
88 -190
4
-444 -789
-725 -617
-590 796
544 615
98
-52 -635
-448 -627
-473 -621
-368 -607
-293 -595
-627 -537
-540 -549
-456 -537
-620 -470
-485 -491
-530 -470
-500 -467
-515 -461
-511 -460
-385 -508
-571 -433
-606 -390
-557 -398
-593 -348
-625 -259
-623 -158
-635 213
-572 283
-579 365
-588 411
-628 495
-551 344
-624 506
-552 412
-611 567
-603 609
-551 508
-529 461
-548 533
-516 460
-523 553
-486 515
-459 471
-448 534
-457 581
-314 569
-173 625
165 626
197 607
230 622
285 580
353 556
441 550
447 547
457 515
522 632
516 566
480 456
479 450
571 628
499 457
550 550
564 512
563 485
513 392
529 419
595 535
547 387
609 447
617 407
577 328
573 286
631 298
631 288
616 195
627 110
633 -239
535 -347
536 -347
544 -348
629 -310
608 -331
462 -446
617 -390
524 -441
540 -436
590 -434
603 -458
463 -498
478 -506
488 -515
329 -551
579 -498
472 -540
573 -532
550 -539
371 -575
504 -581
440 -615
372 -624
183 -629
447 -627
321 -631
53
71 -502
-74 -500
-223 -497
-384 -489
-263 -489
-447 -471
-403 -456
-211 -472
-271 -460
-398 -433
-487 -417
-382 -422
-331 -423
-419 -405
-391 -377
-446 -347
-494 -143
-485 154
-484 241
-473 308
-431 281
-436 299
-405 321
-468 438
-443 448
-386 437
-351 441
-329 408
-343 450
227 476
294 465
299 478
314 498
352 462
364 387
392 422
398 338
428 369
445 392
461 391
446 -249
499 -235
437 -292
398 -335
343 -389
455 -398
340 -451
431 -440
247 -473
391 -462
432 -458
332 -473
85 -501
