100 100
424 964 201 962 861 778 361 688 171 428 970 713 604 954 563 472 887 743 190 203 795 968 293 880 424 468 778 526 722 479 231 442 739 332 404 599 407 962 287 775 389 553 784 894 507 643 662 393 385 149 794 477 116 383 356 737 147 430 263 769 205 394 508 844 924 812 740 627 773 927 401 459 776 184 649 282 727 310 873 408 359 666 181 672 345 437 409 393 768 869 458 873 262 866 717 482 677 456 108 747
21
63 -353
-135 -339
-315 -165
-345 82
-262 63
-227 124
-55 -42
-115 230
-103 201
1 -112
16 -145
43 -250
-6 94
3 347
41 291
84 340
277 218
282 96
307 67
332 4
393 -33
7
-103 -80
-91 66
-92 34
-21 56
30 100
9 7
76 11
3
290 -91
-345 255
-162 158
22
155 -280
-184 -180
-169 -102
-184 -61
8 -134
-100 -23
-122 12
-263 242
-66 140
-24 69
33 -37
-105 260
-16 171
132 -209
75 12
57 165
105 120
292 198
291 -59
220 -178
321 -27
269 -160
89
-93 -748
-127 -745
-312 -689
-538 -513
-193 -668
-511 -332
-452 -389
-682 -112
-671 -100
-758 82
-727 124
-557 -100
-418 -284
-282 -458
-712 242
-422 -220
-713 285
-426 -171
-668 269
-131 -669
-361 -162
-538 238
-385 -93
-368 -121
-378 -48
-136 -586
-363 619
-222 -60
-331 564
-219 87
-281 712
-170 50
-190 444
-146 221
-114 -302
-87 292
-47 -114
-82 -599
17 669
-37 -73
52 607
26 338
19 225
78 654
-24 -266
64 289
85 418
54 -28
198 397
125 40
257 511
269 474
326 640
311 568
75 -277
432 612
145 -185
132 -218
468 570
423 435
402 377
348 238
398 326
588 462
183 -279
552 300
559 309
547 124
580 76
627 123
730 246
119 -494
501 -74
406 -232
466 -190
450 -218
427 -246
717 23
756 -1
466 -312
715 -241
456 -439
605 -398
-12 -711
215 -609
105 -680
360 -610
493 -599
51 -715
80
-36 -144
-84 -100
-122 -53
-117 -57
-90 -85
-46 -131
-84 -79
-145 11
-123 -19
-114 13
-51 -113
-118 27
-127 60
-129 74
-109 28
-104 67
-61 -45
-77 33
-90 92
-60 -35
-71 38
-78 92
-50 -62
-68 58
-38 -129
-46 -37
-51 28
-49 31
-43 -10
-14 119
-10 135
-7 120
-7 108
-11 48
-8 32
-3 23
-15 -41
14 98
-11 -31
19 98
9 4
49 110
-10 -70
21 -3
22 -3
68 102
18 -24
40 23
28 -7
86 113
80 77
99 107
18 -47
96 77
110 97
101 54
69 2
116 59
91 22
122 58
62 -20
103 30
122 48
73 -14
15 -84
115 30
115 21
106 0
110 4
130 -7
104 -31
70 -74
119 -45
95 -64
118 -58
86 -76
70 -104
78 -107
23 -125
29 -128
83
-124 -561
-525 -462
-373 -495
-533 -431
-654 -286
-663 19
-282 -385
-444 -144
-234 -416
-531 75
-298 -285
-314 -255
-580 251
-218 -378
-421 77
-336 -21
-356 66
-327 71
-317 107
-432 512
-362 442
-357 444
-215 -137
-362 573
-222 -78
-273 180
-287 317
-197 -152
-263 347
-210 48
-193 113
-242 609
-129 3
-118 321
-108 105
-119 -451
-17 418
-11 285
-69 -210
-41 -67
-24 15
99 545
20 -37
228 630
139 306
144 299
13 -125
28 -90
3 -176
54 -56
241 333
-8 -278
274 371
132 22
53 -179
469 463
401 272
347 182
418 281
400 230
258 -16
234 -52
554 388
359 34
477 156
498 180
52 -394
174 -308
133 -368
483 -215
185 -387
573 -222
576 -227
-36 -525
615 -272
602 -300
643 -296
502 -418
557 -434
333 -483
288 -504
491 -523
434 -548
36
-53 -162
-91 -159
-115 -70
-175 34
-159 10
-141 109
-68 -111
-95 100
-70 71
-58 75
-47 3
-18 135
-16 147
8 93
36 175
6 17
58 156
-29 -104
49 84
80 149
46 51
41 35
97 121
-10 -84
107 97
149 105
58 -23
161 56
69 -41
131 -1
156 -1
183 -40
178 -64
133 -92
17 -147
114 -144
77
-43 -427
-109 -407
-228 -319
-192 -308
-430 -108
-386 -133
-350 -155
-392 -117
-330 -171
-436 49
-340 -14
-338 -9
-350 47
-411 159
-402 170
-267 -40
-381 197
-262 27
-208 -84
-303 116
-253 36
-260 72
-346 273
-318 260
-216 7
-185 -52
-179 -62
-284 246
-81 -301
-121 -164
-213 242
-178 123
-83 -261
-225 338
-148 45
-188 238
-136 75
-161 218
-156 229
-74 -239
-91 -59
-58 172
-46 330
-42 293
-26 -43
-24 -259
61 435
63 415
80 375
2 -163
-37 -394
52 63
88 179
-6 -273
121 150
134 187
210 348
194 229
133 56
238 111
161 -57
285 151
42 -287
310 108
259 -29
15 -354
154 -197
190 -246
217 -231
392 -107
248 -217
424 -115
400 -172
392 -183
336 -249
220 -322
190 -356
44
-158 -771
-370 -699
-247 -730
-671 -176
-557 -278
-523 -312
-727 38
-389 -394
-470 -258
-559 -93
-410 -235
-445 143
-412 167
-494 473
-353 11
-362 640
-293 173
-272 94
-262 154
-280 519
-181 -496
-229 349
-95 573
-113 53
-64 724
-49 108
-60 -304
-25 -151
108 360
-74 -536
211 178
207 -66
309 79
574 252
695 314
668 273
317 -196
463 -184
340 -343
789 -44
296 -510
623 -428
559 -512
152 -692
76
-48 -717
-400 -590
-470 -547
-598 -223
-378 -413
-640 -151
-672 -74
-195 -545
-596 -41
-124 -615
-240 -459
-666 174
-492 -65
-513 12
-343 -253
-109 -621
-525 34
-392 -173
-266 -335
-478 105
-417 129
-370 30
-307 -88
-215 -292
-472 385
-227 21
-167 -196
-312 594
-190 92
-242 393
-113 -312
-196 230
-191 486
-118 423
-74 118
-66 -60
-28 273
-29 150
50 546
63 625
72 588
65 353
52 -174
163 217
283 548
159 7
339 352
398 439
321 215
356 301
451 468
373 224
280 -1
498 304
574 322
440 -57
234 -352
627 93
672 146
672 119
474 -166
245 -446
457 -264
620 -157
69 -636
389 -427
593 -315
537 -358
346 -478
364 -493
507 -504
292 -600
352 -628
266 -660
222 -675
120 -708
83
152 -718
-494 -654
-594 -515
-400 -483
0 -644
-806 -230
-118 -571
-403 -409
-581 -163
-737 -40
-716 -46
-90 -529
-432 -237
-315 -294
-545 -47
-257 -290
-497 -38
-456 38
-725 387
-229 -219
-288 -53
-393 160
-274 43
-263 120
-473 557
-456 587
-436 584
-224 136
-227 185
-339 527
-135 62
-378 743
-243 466
-51 -83
-224 541
-46 60
-29 9
36 -222
-112 462
20 -42
-48 579
-2 493
34 219
46 779
146 -630
114 568
120 620
207 759
203 414
230 644
235 529
202 -65
334 666
330 119
217 -445
364 90
513 593
342 -45
567 446
547 333
560 330
459 8
285 -414
587 239
688 383
694 322
644 214
574 79
286 -476
564 4
542 -132
814 176
826 167
533 -262
789 -111
634 -279
213 -664
211 -671
770 -338
645 -429
533 -568
525 -572
339 -694
38
-58 -380
-318 -222
-343 -105
-250 -157
-322 -30
-127 -286
-106 -287
-233 193
-133 -50
-129 22
-122 28
-87 -178
-81 -68
-51 223
-43 -122
-40 -215
11 231
-47 -311
56 295
114 360
1 -135
122 264
107 197
110 205
147 202
155 46
250 230
135 -101
172 -132
148 -206
244 -143
269 -148
137 -244
375 -116
95 -292
49 -332
304 -234
-33 -370
12
-385 -611
-504 -121
-550 110
-387 -106
-276 142
-273 -7
321 518
117 -99
326 93
-323 -554
623 110
468 -380
36
148 -404
-284 -261
-208 -237
-443 12
-235 -48
-422 197
-73 -138
-299 198
-252 181
115 -355
-283 301
-219 252
96 -269
69 -190
-104 363
-33 157
-21 162
-33 338
63 107
70 187
73 323
89 414
138 -165
138 404
229 316
218 173
202 -140
307 26
336 74
433 134
157 -388
427 -53
328 -196
387 -133
415 -111
303 -306
49
167 -726
-305 -643
-330 -457
-91 -554
-598 -142
-28 -540
-700 144
-543 -6
-545 62
-560 169
-459 134
-558 304
-457 176
-401 168
-276 -24
-575 493
-407 242
-423 392
-297 285
38 -430
-76 159
100 -424
-110 546
25 22
75 -230
91 -77
133 -32
188 181
304 412
373 667
386 591
338 76
372 89
368 67
499 528
450 298
428 172
298 -324
366 -159
384 -311
378 -393
593 -55
752 91
413 -400
672 -101
691 -92
622 -249
301 -623
225 -695
97
31 -308
-108 -272
13 -303
-142 -249
-168 -227
-177 -221
-163 -207
-223 -171
-62 -251
-266 -121
-276 -110
-240 -132
-277 -97
-201 -148
-236 -120
-205 -125
-147 -167
-297 -11
-253 -19
-78 -196
-248 -18
-199 -64
-79 -187
-79 -179
-250 29
-278 120
-173 -11
-208 51
-171 -4
-35 -201
-183 104
-1 -246
-149 61
-94 -30
-155 132
-173 180
-83 19
-97 68
-63 -31
-144 236
-96 87
-111 154
-101 192
-50 20
-57 127
-39 42
-63 208
-53 196
-28 50
-53 208
-34 94
-32 88
-8 -29
-18 76
-5 70
25 282
41 307
36 -59
62 291
60 134
66 214
81 239
65 20
93 272
56 -141
123 223
108 80
132 173
100 10
170 254
143 91
196 234
164 112
135 -3
79 -178
141 -41
58 -244
188 52
146 -46
99 -154
199 67
221 98
89 -192
247 105
160 -66
253 89
213 -51
183 -120
156 -164
214 -106
220 -121
85 -269
64 -288
83 -279
154 -247
91 -280
184 -239
31
65 -271
-200 -141
-269 -30
-60 -160
-50 -167
-138 -54
-249 65
-85 -99
45 -246
33 -228
-151 118
-49 99
-77 272
-9 96
28 29
27 265
65 83
71 -105
79 92
67 -221
101 119
97 70
99 -34
143 141
120 -24
140 -93
158 -69
248 96
230 30
219 -47
187 -101
84
-159 -583
-511 -402
-521 -386
-448 -416
-502 -271
-655 8
-623 76
-653 136
-618 210
-557 254
-459 49
-523 221
-290 -216
-438 227
-407 235
-420 467
-217 -281
-329 350
-338 477
-245 -55
-301 366
-296 389
-226 425
-187 -117
-194 243
-197 335
-196 408
-171 -206
-189 437
-148 211
-146 -144
-131 263
-124 388
-80 359
-63 421
-65 -10
55 550
52 351
12 74
155 518
-124 -482
221 346
316 542
81 -30
82 -51
109 7
237 236
269 298
367 495
363 406
268 216
429 489
356 354
409 401
30 -266
244 92
262 83
455 388
328 140
34 -300
443 293
304 77
408 216
522 361
480 276
293 -9
185 -168
499 153
378 12
461 92
495 119
477 87
300 -139
578 111
482 -17
416 -136
242 -310
194 -351
126 -425
124 -427
415 -279
546 -264
202 -552
315 -560
55
-86 -857
-286 -805
-190 -795
-731 -400
-720 -352
-777 -304
-254 -716
-503 -470
-549 -416
-678 -255
-650 -191
-704 -50
-547 -130
-615 72
-746 312
-684 271
-716 398
-417 107
-541 545
-221 -418
-419 258
-495 571
-363 268
-189 -395
-345 427
-299 667
-180 182
-182 543
-17 825
-12 642
62 448
8 -92
-25 -515
0 -420
143 255
225 380
337 710
16 -535
266 35
214 -97
518 622
525 282
555 327
289 -213
711 451
665 -138
610 -196
553 -283
370 -456
673 -387
488 -581
414 -663
162 -800
369 -756
68 -829
45
-112 -649
-358 -464
-632 -138
-501 -231
-616 -79
-439 -265
-641 154
-533 123
-367 -175
-546 207
-208 -455
-284 -169
-412 193
-328 -6
-316 251
-342 435
-272 175
-277 251
-211 -74
-300 544
-247 259
-143 -112
-153 624
-111 213
-93 -113
-71 285
4 433
107 480
88 135
95 80
214 471
101 35
360 553
170 60
150 -165
478 297
320 26
528 340
489 271
467 160
285 -118
593 224
299 -319
645 -94
430 -389
62
-161 -657
-411 -506
-233 -612
-232 -610
-254 -592
-588 -303
-711 102
-288 -474
-362 -322
-469 -68
-364 -218
-262 -420
-406 -23
-563 388
-377 -41
-444 218
-457 324
-222 -340
-326 357
-323 362
-211 -202
-281 638
-229 422
-208 388
-167 696
-146 376
-79 565
-135 -325
-36 550
-67 156
-80 -136
46 507
-83 -237
31 128
36 -50
112 75
288 491
93 -71
318 394
363 352
138 -125
238 29
415 209
377 143
214 -111
66 -331
-11 -457
-2 -447
139 -273
474 146
119 -341
16 -476
224 -268
623 70
-46 -572
710 -41
495 -225
471 -260
391 -316
648 -216
373 -383
430 -539
19
31 -420
-140 -386
-279 -261
-285 -109
86 254
96 -45
55 -292
147 184
56 -305
174 190
215 149
324 234
285 126
370 207
209 -176
312 -122
179 -265
399 -117
393 -139
55
-6 -740
-235 -674
-574 -371
-466 -393
-662 -130
-129 -590
-232 -455
-113 -584
-675 449
-512 374
-570 524
-515 484
-498 456
-173 -320
-358 378
-171 -201
-236 36
-254 334
-307 605
-294 587
-276 572
-98 -249
-118 291
-62 -51
-57 398
-15 441
71 765
56 148
113 802
96 112
153 429
208 604
216 435
190 163
273 298
287 120
498 621
241 -82
213 -178
174 -308
218 -269
236 -272
355 -79
203 -370
456 6
386 -130
327 -257
546 -8
749 250
25 -715
788 -126
519 -431
468 -538
613 -531
433 -600
78
31 -548
-123 -520
-382 -383
-92 -491
-425 -212
-422 -163
-331 -225
-339 -159
-130 -365
-370 -21
-121 -331
-473 229
-420 198
-313 93
-347 169
-92 -313
-5 -476
-372 282
-326 219
-288 158
-302 203
-281 209
-193 61
-293 346
-322 430
-230 217
-219 191
-38 -336
-240 375
-186 253
-179 228
-84 -77
-198 400
-26 -300
-176 365
-147 297
-65 -57
-35 -157
-51 -55
-74 111
-83 187
-14 -143
-12 -154
-38 485
-31 501
0 -4
2 368
26 -308
41 -21
52 350
42 -107
51 -190
97 262
106 233
156 486
172 485
153 243
98 -229
47 -476
230 337
124 -147
224 97
237 102
302 277
306 253
379 324
214 -111
60 -480
421 237
341 56
409 148
352 -28
476 14
507 -23
525 -59
549 -62
485 -158
300 -395
75
-10 -172
-74 -171
-60 -160
-143 -128
-94 -134
-158 -90
-144 -71
-108 -81
-183 10
-193 22
-28 -152
-175 19
-130 -25
-146 23
-114 -16
-81 -57
-170 90
-162 88
-140 58
-81 -34
-105 104
-119 147
-83 42
-48 16
-71 169
-18 -121
-27 -41
-40 104
-48 195
-18 -94
-24 -19
-34 119
-28 166
-16 58
-15 34
-16 81
-2 127
-1 53
-5 -70
-5 -71
12 184
9 112
40 112
69 186
63 124
100 156
106 160
67 48
95 102
69 21
30 -80
12 -125
129 113
114 63
140 98
135 69
126 34
177 95
120 6
146 39
149 38
155 28
128 -20
149 -22
135 -41
176 -16
150 -39
196 -13
79 -104
67 -117
49 -139
170 -78
167 -97
58 -149
43 -171
31
-176 -658
-608 -388
-602 -240
-720 139
-412 -254
-560 300
-551 437
-473 328
-515 515
-364 16
-268 -276
-312 244
-343 541
-46 643
-27 500
54 169
182 627
12 2
205 413
214 415
132 156
21 -221
311 74
399 80
46 -384
628 124
283 -268
553 -118
575 -197
313 -448
-45 -631
6
213 -455
-281 -304
-407 208
-147 469
189 -109
212 282
37
-89 -304
-240 -257
-235 -238
-250 -143
-312 -2
-200 -28
-171 -93
-116 -229
-137 309
-113 278
-111 298
-95 -77
66 307
24 103
-74 -250
-18 -75
57 2
112 82
221 219
227 190
253 224
235 187
264 175
59 -107
98 -80
281 129
80 -121
-63 -279
336 76
182 -102
264 -81
261 -91
55 -224
21 -245
128 -214
256 -229
258 -232
35
154 -863
-178 -790
-786 -104
-52 -696
37 -761
-769 203
-672 173
-695 240
-247 -276
-466 113
-518 212
-254 -172
-195 -172
-93 -254
-320 349
-180 149
-303 610
12 -263
-56 475
13 742
99 -107
177 685
168 -99
170 -610
219 106
286 487
341 500
305 -36
479 771
347 43
505 92
653 386
480 -354
772 -318
765 -441
96
-120 -481
-263 -400
-243 -365
-255 -311
-268 -269
-318 -100
-357 8
-402 148
-252 -184
-387 138
-226 -225
-293 -42
-273 -43
-364 221
-383 308
-247 -90
-366 333
-330 243
-147 -374
-210 -85
-227 2
-290 311
-221 41
-125 -453
-244 289
-258 414
-156 -229
-237 345
-230 405
-167 76
-192 443
-175 265
-147 10
-128 -261
-138 239
-119 -200
-103 291
-108 51
-85 183
-75 215
-55 373
-88 -86
-79 -173
10 434
-9 132
5 120
8 122
-31 -96
1 -33
128 420
44 111
86 221
154 405
-89 -382
96 200
134 287
184 406
167 300
192 285
164 172
254 376
200 200
174 142
234 267
300 373
342 334
280 222
205 89
342 323
259 169
289 162
352 239
283 117
174 -48
365 199
395 214
445 119
287 -58
433 42
-91 -455
341 -74
176 -224
450 10
319 -126
473 -48
331 -177
362 -167
159 -319
381 -205
363 -245
319 -277
358 -325
360 -334
118 -409
249 -386
-22 -461
27
-36 -506
-204 -490
-508 -131
-511 -114
-263 -129
-107 -319
-320 372
-189 74
-156 88
-166 284
-26 597
-13 576
8 265
28 232
79 329
47 47
172 406
111 125
163 54
317 199
95 -277
399 120
427 21
437 -18
322 -258
492 -396
398 -446
97
4 -330
-221 -315
-110 -294
-127 -272
-159 -230
-275 -152
-284 -134
-279 -133
-206 -178
-335 -56
-136 -212
-114 -229
-52 -282
-371 -7
-348 -15
-237 -75
-339 42
-364 100
-321 61
-293 62
-139 -130
-55 -247
-146 -97
-64 -207
-122 -56
-116 -54
-146 30
-85 -96
-92 -68
-209 287
-196 280
-111 55
-112 60
-55 -104
-48 -105
-150 352
-38 -131
-43 -91
-65 93
-64 101
-74 264
-12 -163
-40 171
-29 56
-36 208
-12 -81
-32 281
-7 -88
-13 86
4 -81
9 285
12 175
18 191
11 -124
24 163
28 236
65 160
68 106
40 -97
107 332
91 155
115 282
110 159
171 335
98 40
162 261
54 -151
104 15
188 252
199 250
205 265
227 306
187 182
201 176
59 -196
166 39
224 125
216 94
241 129
312 165
210 -20
98 -191
245 -34
285 -8
101 -232
194 -152
326 -53
264 -110
245 -139
299 -110
340 -140
284 -179
101 -282
216 -232
108 -320
57 -326
139 -327
9
297 -686
-171 -333
43 -493
-232 -136
156 -517
-94 571
425 -423
695 -146
798 -221
20
-195 -605
-312 -558
-437 -256
-558 -52
-454 -113
-506 37
-422 158
-436 277
-334 312
-201 140
-126 2
384 301
271 54
578 72
110 -356
206 -362
487 -239
420 -354
593 -301
9 -529
25
16 -376
-228 -252
-160 -224
-238 -155
-351 29
-276 215
-56 -220
-189 101
-258 285
-176 313
-35 -106
-56 151
-8 334
21 105
33 234
30 -159
69 105
109 -75
121 -81
253 286
196 89
174 -164
274 -88
220 -186
273 -276
80
157 -456
-122 -419
-193 -367
-363 -318
-312 -290
-344 -250
-457 -193
-49 -364
-391 -211
-64 -347
-258 -247
-447 -124
-396 -144
-108 -282
-109 -281
-401 -61
-322 -97
12 -346
-455 36
-134 -219
-485 117
-350 0
-469 135
-336 26
-377 70
-295 7
-142 -124
-106 -147
-362 167
-303 177
-300 191
-284 170
-68 -114
-214 108
-18 -182
75 -326
-185 88
-301 384
-166 148
-66 29
-50 11
-40 -5
0 -93
52 -209
-190 392
-38 38
-16 48
-27 110
-13 80
-20 136
-60 391
27 140
-11 498
16 405
14 433
20 428
129 -258
129 -212
100 452
142 50
143 93
149 -136
155 -268
160 -234
230 127
228 -99
388 255
345 63
328 9
316 -32
378 3
368 -31
407 -20
459 50
294 -238
441 -27
298 -247
212 -378
488 -30
459 -183
48
-373 -603
-470 -535
-693 75
-522 -182
-604 345
-430 -338
-499 121
-402 -402
-474 215
-484 425
-371 -459
-336 286
-297 136
-240 664
-220 308
-145 388
-256 -124
-266 -183
-153 226
-251 -167
19 637
59 650
-8 363
-218 -321
274 387
291 353
368 425
-168 -330
404 284
475 323
218 32
585 360
347 70
-60 -317
316 -8
421 50
197 -183
-199 -475
164 -290
-75 -447
-7 -413
85 -399
469 -245
655 -212
399 -369
567 -378
388 -426
1 -517
86
-94 -387
-261 -285
-161 -342
-318 -198
-378 -105
-273 -185
-400 -8
-363 -52
-395 -11
-335 -26
-160 -287
-258 -116
-357 167
-296 132
-259 91
-233 38
-156 -190
-164 -160
-253 132
-205 -3
-158 -138
-176 -54
-216 251
-175 79
-150 198
-127 29
-104 -187
-109 -49
-114 110
-98 -66
-82 -203
-65 -52
-80 -254
-62 -96
-34 130
-9 210
-1 254
13 233
5 168
-20 7
-79 -311
61 380
70 364
43 165
26 18
32 38
88 207
14 -75
168 280
189 305
-46 -270
72 9
200 293
-37 -259
86 -1
90 2
233 246
239 248
59 -96
241 240
177 116
297 274
32 -176
303 256
312 237
203 3
-26 -300
138 -110
267 12
181 -102
356 78
115 -179
99 -222
331 -27
243 -104
383 -2
385 -70
278 -194
235 -228
77 -312
328 -217
-57 -379
181 -337
121 -366
144 -371
133 -386
43
191 -866
-221 -812
-329 -789
-213 -721
-423 -539
-862 -195
-864 0
-826 68
-535 -177
-173 -457
-623 342
-356 -21
-20 -447
-122 -1
-44 -148
-305 757
-144 264
-120 241
-66 334
13 -7
-14 479
-52 754
15 405
30 429
104 49
80 319
65 584
189 353
296 559
312 603
347 370
386 444
427 657
336 -62
317 -221
459 144
287 -515
639 273
765 431
751 283
305 -681
516 -374
769 -99
62
-117 -289
-307 -84
-214 -182
-288 -97
-282 7
-185 -109
-172 65
-152 93
-123 279
-89 112
-76 268
-80 119
-56 291
-38 317
-54 153
-60 105
-37 168
-89 -145
-72 -75
-57 -13
80 300
-56 -120
37 128
-42 -89
60 173
90 177
136 227
197 181
176 107
265 191
72 -64
230 123
170 37
200 65
111 -41
84 -84
305 107
247 7
-23 -215
4 -197
119 -115
228 -36
162 -90
164 -99
273 -31
323 -3
280 -39
47 -200
262 -113
196 -146
82 -199
78 -209
198 -160
237 -156
281 -144
145 -206
10 -255
187 -211
18 -257
246 -210
148 -255
-73 -289
58
-240 -526
-546 -141
-507 -158
-562 -10
-565 9
-431 -183
-420 -72
-387 360
-390 389
-299 -13
-348 466
-292 -47
-240 423
-223 101
-212 197
-198 296
-175 555
-192 231
-175 237
-138 513
-159 235
-148 189
-51 497
-160 -106
-89 262
-99 120
-61 280
-27 264
66 540
-13 218
181 501
-206 -452
158 320
-145 -328
58 92
109 184
300 397
224 211
228 130
150 6
162 15
461 382
403 258
-6 -244
100 -131
478 253
-103 -388
552 200
438 86
459 55
157 -199
462 6
377 -183
207 -323
58 -422
537 -265
126 -419
220 -447
27
362 -511
17 -452
-436 -312
-624 -231
59 -350
-209 -170
-577 259
-411 168
-294 160
-103 -23
-407 329
101 -179
-265 347
-16 125
-142 420
-236 627
-125 433
-185 574
-112 608
192 -45
75 541
95 602
180 346
447 416
464 292
534 -299
544 -341
61
-110 -694
-402 -536
-488 -461
-654 -129
-449 -301
-694 71
-567 -37
-689 170
-612 63
-547 304
-227 -390
-364 40
-302 -84
-226 -321
-168 -447
-416 612
-291 347
-220 0
-175 92
-149 306
-86 73
-63 493
-40 429
10 434
-3 297
-19 -204
145 550
134 480
156 581
69 30
106 11
186 269
238 251
179 73
205 107
138 -88
303 226
429 457
224 19
420 427
280 -137
479 143
529 207
265 -210
521 33
633 90
642 88
719 144
312 -294
227 -440
351 -348
486 -274
125 -536
564 -262
640 -228
565 -310
431 -419
109 -588
472 -431
161 -614
59 -665
57
-59 -940
-187 -913
-343 -872
-584 -719
-692 -626
-639 -500
-683 -445
-638 -402
-506 -506
-672 -175
-898 258
-553 -207
-686 39
-329 -481
-457 -65
-99 -852
-646 486
-235 -466
-524 445
-503 476
-421 543
-332 187
-282 866
-234 773
-198 603
-221 918
-124 556
-20 842
108 908
-29 -676
147 186
260 644
198 1
450 744
347 260
517 602
391 243
543 468
527 -90
39 -805
797 214
793 205
815 222
609 -106
607 -172
875 -26
877 -124
635 -369
507 -575
545 -591
643 -587
420 -702
533 -677
458 -748
469 -744
408 -813
8 -940
50
-109 -409
-212 -356
-354 -232
-205 -285
-393 -24
-429 50
-276 -55
-378 187
-354 249
-137 -77
-129 31
-89 -7
-31 369
-14 239
-26 91
5 274
34 305
-9 64
-43 -121
-11 17
64 236
-78 -294
79 219
126 263
44 4
176 333
176 326
25 -118
84 -69
344 290
212 65
321 148
137 -100
320 126
339 139
107 -149
357 85
438 117
394 -4
350 -74
313 -178
147 -279
221 -246
268 -239
259 -258
364 -266
273 -347
73 -380
209 -385
105 -406
20
-78 -388
-246 -222
-396 -2
-305 -106
-387 146
-193 -180
-242 19
-226 43
-95 -58
-102 126
-57 217
86 279
58 64
158 271
-41 -285
158 -100
292 -135
230 -268
26 -367
243 -353
84
-36 -791
-164 -788
-281 -783
-196 -770
-472 -674
-631 -559
-471 -594
-576 -404
-457 -458
-635 -220
-667 -180
-724 -97
-470 -295
-849 204
-802 191
-759 224
-737 446
-585 208
-546 192
-231 -384
-114 -628
-626 445
-484 159
-177 -467
-625 632
-210 -332
-215 -261
-517 652
-514 646
-398 530
-202 -158
-301 264
-178 -33
-139 196
-77 -380
-129 229
-89 116
-31 -281
-10 799
-17 117
19 493
82 628
109 531
198 866
29 -376
202 585
105 -9
232 609
198 412
78 -220
168 154
288 534
290 441
147 -176
354 519
365 498
368 377
308 137
560 659
564 592
590 622
588 488
611 461
302 -154
126 -490
234 -329
747 457
738 359
568 57
821 346
472 -148
291 -381
649 -19
567 -182
260 -507
614 -182
380 -432
704 -162
474 -360
302 -511
819 -128
557 -382
784 -255
318 -778
54
13 -433
-19 -421
-315 -289
-52 -402
-146 -349
-184 -305
-241 -245
-294 -185
-452 21
-239 -175
-380 5
-214 -119
-225 -93
-175 -121
-267 51
-329 166
-88 -254
-168 -82
-28 -333
-208 143
-267 300
-241 259
-152 210
-81 -65
-134 162
-122 138
-65 -78
-152 356
-140 310
-102 129
-39 407
-13 45
18 -9
66 371
66 276
90 393
91 383
85 142
68 3
88 144
73 21
162 192
285 355
114 -157
328 138
370 146
283 3
303 7
394 114
217 -173
129 -291
272 -135
437 -69
199 -387
30
130 -575
-90 -517
-137 -447
-543 -192
-302 -326
-151 -338
-476 -27
-246 -78
-462 276
-354 149
-364 250
-316 415
109 -523
-153 253
-33 -77
-201 495
-86 276
-160 597
104 400
113 458
140 66
209 473
219 93
275 -48
487 91
532 17
383 -299
409 -296
525 -208
447 -353
42
56 -188
-82 -167
-92 -138
-72 -132
-188 -75
-145 -92
-63 -118
-86 -104
-203 -24
-94 -71
-62 -69
-15 -111
-130 56
-107 39
-121 96
-90 140
27 -115
-20 19
20 -86
-52 137
19 -66
-40 163
19 -18
21 140
50 -87
45 11
47 53
44 186
57 -38
64 136
77 151
103 142
115 78
103 -28
142 87
127 -20
159 27
193 61
87 -138
140 -62
172 -81
144 -136
80
75 -756
-571 -507
-232 -616
-335 -560
-667 -388
-671 -317
-464 -438
-569 -340
-510 -363
-676 -198
-635 -70
-754 151
-404 -122
-583 147
-187 -377
-483 104
-470 86
-73 -519
-412 66
-200 -252
-298 -21
-385 151
-296 23
-307 280
-329 388
-120 -150
-50 -345
-328 627
-154 217
-71 -97
-138 261
-163 427
-45 -89
-86 177
-102 404
-67 456
13 -168
46 -435
-55 775
52 -112
40 332
51 693
116 166
94 -451
147 272
169 377
144 57
201 724
200 446
221 489
239 601
292 315
352 517
406 640
223 -203
441 557
406 395
281 -97
385 167
360 76
484 317
271 -288
215 -424
533 260
456 -20
381 -184
482 -49
466 -87
256 -462
557 -1
611 62
259 -481
439 -222
744 -43
535 -320
673 -242
658 -323
626 -361
539 -452
560 -502
48
-26 -181
-122 -113
-143 -68
-172 -28
-109 -91
-179 8
-103 -70
-143 58
-133 44
-76 -46
-113 59
-108 54
-78 60
-71 101
-73 132
-66 134
-47 56
-30 -108
-33 -18
-32 -38
-13 -30
-13 -73
-2 -26
14 33
3 -36
42 157
1 -53
28 7
30 3
70 86
86 111
69 57
5 -106
100 41
114 57
121 21
134 11
94 -46
156 23
173 34
149 -20
126 -51
142 -38
180 -20
122 -72
179 -36
132 -83
-1 -167
58
-70 -573
-484 -169
-463 -113
-315 -282
-554 93
-210 -355
-565 204
-320 -150
-198 -329
-333 -42
-193 -309
-400 201
-363 136
-431 376
-274 14
-397 376
-324 348
-290 252
-338 491
-260 469
-183 118
-166 119
-169 155
-169 464
-94 -205
-111 228
-68 -527
28 585
-25 -74
51 195
111 257
169 470
53 -100
224 497
89 -28
143 57
280 435
256 183
266 195
147 -90
184 -79
25 -404
290 39
117 -287
287 -53
269 -81
77 -414
462 -17
368 -117
575 93
597 52
307 -236
500 -89
343 -336
128 -471
422 -333
365 -385
387 -378
65
336 -667
-55 -657
-12 -655
-452 -585
-113 -601
-420 -463
-134 -508
-315 -441
-80 -514
-766 -177
130 -574
-591 -232
-397 -281
-112 -369
-696 247
213 -541
-105 -212
-536 301
-546 321
-144 -125
-152 -109
-367 247
199 -486
-46 -91
-56 -47
-329 385
147 -366
54 -197
-119 107
-76 66
165 -362
-234 461
87 -138
1 69
-175 633
219 -358
-111 553
-107 678
-44 501
-126 761
-8 495
30 560
266 -347
234 -199
118 388
226 -126
209 -40
75 741
88 780
154 399
283 -349
300 -359
240 292
225 545
304 -284
325 -183
336 612
399 119
426 374
434 363
521 -9
724 6
683 -384
503 -546
609 -472
39
-144 -711
-592 -479
-565 -334
-450 -389
-745 174
-712 281
-420 -79
-485 96
-358 -175
-318 -166
-398 332
-447 547
-349 205
-226 298
-169 261
-170 748
-126 713
-137 -417
-14 557
-57 79
-92 -372
83 746
133 528
174 618
147 169
293 421
279 323
337 445
171 43
246 149
449 505
298 149
218 -113
296 -80
444 -17
253 -484
319 -524
611 -461
457 -516
77
-3 -449
-305 -313
-359 -267
-44 -427
-292 -289
-266 -287
-301 -262
-232 -256
-81 -376
-454 12
-31 -419
-434 73
-397 39
-395 40
-339 -5
-144 -235
-165 -154
-295 84
-318 142
-367 261
-258 59
-298 188
-315 227
-237 117
-127 -100
-254 259
-273 361
-137 15
-113 -30
-201 394
-167 265
-153 269
-105 76
-91 30
-106 117
-36 -213
-109 433
-43 -3
-46 94
-41 374
-25 91
-12 -115
-24 421
-21 361
-3 -168
14 -153
23 -108
90 355
50 -39
14 -327
23 -283
82 39
159 379
133 189
244 267
214 161
61 -290
163 -87
326 230
262 73
316 125
289 60
257 -55
164 -205
340 19
383 53
279 -110
336 -128
58 -393
95 -369
181 -307
105 -385
194 -334
232 -342
210 -373
307 -341
240 -369
97
176 -398
-177 -382
-131 -381
-176 -350
-160 -350
130 -385
-415 -226
-278 -254
-13 -338
-269 -249
-328 -190
-419 -143
-446 -118
-445 -115
-146 -244
-211 -208
-141 -238
-99 -259
-77 -262
-49 -277
-261 -142
-251 -97
-438 42
-119 -178
-430 80
-216 -82
-357 35
-436 144
-362 93
-426 153
-111 -110
-348 128
-200 -14
-154 -51
-311 124
-292 113
-237 183
-313 315
69 -241
-255 240
-220 204
-195 174
11 -115
10 -95
-151 246
-34 17
77 -167
-121 305
2 41
-117 399
69 -104
-98 384
-97 388
-78 335
0 119
-104 426
-37 310
17 145
127 -229
78 -57
-26 313
17 174
59 138
8 415
98 307
120 206
139 8
137 122
154 27
148 414
158 190
167 -43
175 147
185 381
186 -122
210 149
237 239
225 89
209 -93
216 -85
277 39
353 293
371 274
194 -336
387 247
394 260
238 -238
270 -163
339 -26
245 -241
425 46
424 6
456 -2
280 -255
296 -242
418 -218
274 -358
97
91 -888
-236 -884
-344 -713
-311 -649
-709 -386
-858 -273
-775 -193
-889 -74
-250 -595
-718 -155
-734 -117
-894 218
-348 -366
-133 -610
-669 67
-840 332
-282 -392
-666 219
-360 -210
-523 41
-242 -364
-564 159
-595 268
-249 -247
-416 89
-468 214
-637 677
-540 689
4 -636
-66 -432
-425 633
-190 -36
-235 130
-251 182
-375 577
-403 680
-10 -554
-279 511
-330 753
-209 331
-228 632
-78 -42
-123 206
-47 -148
-3 -372
-57 33
-59 66
-28 -79
-49 181
45 -482
-2 -22
-43 480
62 -429
-1 924
34 281
62 519
60 835
90 -788
110 131
134 -181
262 673
280 569
336 800
316 658
273 100
164 -526
309 134
184 -479
476 732
525 688
217 -510
637 658
210 -566
445 30
735 537
284 -507
717 327
622 60
466 -234
726 217
527 -219
545 -192
747 78
638 -212
701 -261
311 -667
664 -316
906 -82
752 -258
628 -469
836 -317
736 -421
772 -396
603 -598
490 -696
320 -784
451 -783
51
-140 -867
-196 -866
-732 -358
-687 -343
-603 -387
-812 -40
-868 200
-483 -277
-555 -132
-600 -7
-538 87
-216 -673
-656 561
-622 547
-400 -92
-364 9
-446 374
-445 443
-305 -149
-400 415
-455 747
-373 416
-325 232
-362 586
-232 -146
-284 330
-191 -204
-196 52
-219 624
-155 668
-66 427
-67 -146
36 801
73 586
-6 38
94 13
262 425
551 717
462 246
346 -2
675 557
506 109
-33 -712
842 369
398 -214
753 96
657 -124
491 -294
500 -523
503 -600
240 -792
82
-112 -401
-263 -395
-332 -312
-242 -345
-318 -309
-347 -227
-437 -17
-339 -82
-304 -128
-433 126
-294 -100
-327 -14
-394 138
-387 149
-280 -43
-232 120
-254 394
-199 113
-178 1
-193 182
-198 237
-184 182
-180 423
-176 399
-164 300
-132 -73
-122 -25
-102 426
-84 389
-11 311
3 315
-30 25
59 465
34 312
-14 77
38 271
83 430
66 334
-84 -292
86 363
44 154
143 443
-103 -372
-45 -186
-5 -91
109 217
41 13
113 186
159 276
189 327
27 -84
240 393
232 366
165 211
78 -2
171 151
165 100
60 -116
206 27
352 208
387 223
162 -91
214 -92
315 -33
107 -221
429 34
137 -204
248 -159
304 -123
409 -96
306 -164
370 -132
209 -248
326 -243
400 -230
367 -282
49 -362
292 -308
243 -348
79 -380
138 -383
66 -396
76
346 -879
-187 -796
-469 -710
-34 -793
-781 -549
-461 -629
-23 -756
-635 -530
-518 -508
-578 -469
-524 -479
-761 -333
-920 -229
-408 -480
-432 -411
-661 -231
-828 -66
-574 -233
261 -819
-736 35
-552 -92
-167 -401
94 -637
-546 40
-755 278
-211 -250
-301 -131
-586 366
-246 -69
-98 -236
-396 199
-187 53
-410 467
-422 605
-414 750
-146 413
83 -166
-245 771
-41 265
-88 448
-181 745
158 37
107 794
219 417
333 498
369 807
378 785
370 267
362 -140
380 -76
406 146
552 744
520 355
619 569
505 -105
569 197
413 -609
707 531
673 343
658 268
633 64
765 453
435 -609
784 383
794 340
718 111
784 275
623 -223
739 -78
902 185
952 -39
634 -556
836 -361
838 -397
868 -375
622 -691
88
-43 -402
-137 -383
-249 -289
-271 -272
-254 -229
-277 -204
-377 -110
-350 -124
-375 -50
-370 -40
-420 34
-114 -319
-405 24
-119 -312
-362 45
-288 -16
-297 19
-130 -245
-184 -66
-171 -88
-266 196
-219 160
-240 280
-157 -5
-221 255
-117 -92
-106 -105
-121 -30
-153 171
-131 91
-127 88
-142 249
-110 55
-96 99
-45 -377
-65 52
-71 267
-49 1
-47 137
-39 295
-36 -114
-33 -76
-2 356
7 160
2 -91
96 301
40 8
-18 -285
81 175
56 21
134 198
117 107
177 291
140 174
103 44
173 252
98 -48
228 269
165 76
292 306
111 -78
61 -194
304 220
296 183
203 6
335 195
165 -77
385 145
295 0
355 68
341 47
97 -240
243 -75
384 81
373 38
307 -36
247 -116
35 -326
198 -206
138 -264
338 -149
404 -121
86 -342
139 -330
224 -321
291 -304
288 -308
141 -357
18
-61 -207
-195 -43
-92 -161
-171 108
-80 44
-49 22
-32 207
-29 39
-16 23
-23 -31
60 148
68 161
51 -59
150 23
109 -63
-36 -191
66 -167
36 -188
54
-35 -379
-238 -279
-156 -315
-156 -310
-328 -173
-261 -213
-247 -183
-316 -65
-255 -102
-321 -3
-356 56
-340 116
-224 -33
-124 -215
-310 146
-274 92
-280 136
-158 -107
-250 149
-214 103
-109 -154
-113 -93
-172 150
-150 144
-46 -323
-112 48
-60 -214
-57 -147
-51 103
-33 -42
-32 -38
-10 300
4 162
24 377
18 58
-10 -192
88 313
46 68
131 300
26 -185
-1 -274
151 85
266 261
222 163
193 23
228 24
154 -103
129 -180
348 85
62 -292
177 -201
278 -171
302 -221
85 -330
88
-63 -249
-111 -229
-250 -55
-109 -200
-158 -136
-189 -98
-219 -56
-251 -5
-158 -125
-101 -189
-207 -15
-201 -24
-246 77
-215 39
-96 -175
-150 -50
-203 144
-194 133
-157 41
-130 -24
-170 166
-153 110
-137 91
-155 185
-103 -44
-108 35
-126 157
-107 105
-106 159
-97 76
-98 233
-68 -145
-68 133
-65 136
-50 46
-43 131
-60 -205
-46 -63
-59 -211
-23 83
-13 128
-49 -166
17 216
-7 60
16 171
23 179
12 85
-12 -32
60 238
22 43
68 197
23 33
86 186
76 138
121 205
69 69
-20 -154
134 157
77 34
134 139
120 101
41 -80
155 89
171 110
183 121
179 111
14 -140
174 56
178 59
181 30
62 -111
35 -141
83 -90
168 -12
132 -49
140 -42
232 4
172 -56
152 -78
161 -73
221 -43
179 -79
218 -54
144 -106
-22 -221
36 -213
154 -173
172 -174
98
208 -875
-203 -829
-268 -778
-673 -648
-551 -670
-449 -607
-121 -735
-696 -458
-83 -738
-82 -730
-731 -325
-558 -420
-827 -200
-302 -523
-324 -487
-715 -181
-611 -221
-482 -319
-606 -188
-614 -141
-498 -152
-284 -355
-543 -56
-727 260
-469 -40
-280 -238
-629 224
108 -742
-138 -397
-18 -562
-739 452
-320 -107
-583 286
-665 508
-460 287
-610 585
-629 717
-562 748
-183 9
-436 647
-290 379
-429 755
-97 22
-236 445
-259 563
-168 288
-279 742
-242 815
-132 413
-66 206
-173 637
60 -246
-130 844
-79 661
-44 696
-64 949
136 -357
39 423
42 563
6 894
37 744
119 110
61 910
112 519
164 337
209 -690
236 371
248 791
257 -282
284 -54
311 114
391 869
307 -190
480 744
405 190
488 625
492 520
506 570
548 733
571 660
603 628
619 642
529 262
357 -355
606 368
677 384
459 -206
526 -87
336 -572
565 -44
464 -321
885 161
963 3
736 -265
859 -128
889 -192
891 -241
914 -228
17
6 -307
-105 -274
-181 -235
-240 -65
-119 -176
-248 171
-80 159
-49 156
-22 -28
21 -99
36 70
169 81
62 -180
118 -112
291 141
331 20
294 -170
9
-71 -605
-320 -69
-68 433
233 643
323 641
351 630
48 -275
472 -128
516 -307
3
-81 -150
-253 -48
-315 185
63
-105 -592
-208 -581
-435 -450
-179 -537
-593 -211
-640 -156
-629 -149
-650 -63
-177 -519
-179 -516
-557 -48
-547 -16
-563 126
-613 284
-219 -384
-338 -94
-390 26
-531 405
-268 -171
-397 330
-260 143
-301 446
-293 480
-233 364
-172 -77
-212 617
-118 218
-34 635
-32 557
-27 506
-43 163
1 576
18 85
171 357
268 513
169 211
287 467
213 252
-39 -419
349 577
379 493
93 -151
464 447
-60 -513
242 12
428 296
101 -253
295 -32
290 -81
289 -89
504 87
544 107
308 -166
539 62
580 38
144 -383
560 -63
288 -305
579 -124
605 -311
189 -534
229 -530
366 -517
89
65 -352
-119 -306
-88 -309
10 -335
-268 -200
-52 -286
-306 -125
-94 -237
-361 -31
-385 14
-86 -208
-227 -67
-112 -175
-246 -29
-3 -280
-367 106
-67 -207
40 -321
-219 33
-128 -89
-234 70
-180 6
-116 -87
-251 136
-112 -70
-258 174
-151 19
-110 -30
-115 -8
-267 288
-175 149
-89 18
17 -236
-117 157
-127 197
-130 286
-117 301
-81 178
-95 281
21 -164
-2 -47
21 -89
6 99
-14 261
4 177
54 -213
37 48
59 -251
53 -36
46 309
53 385
64 -17
66 14
69 348
84 343
88 144
106 178
125 229
112 38
97 -97
116 30
131 93
148 193
204 291
118 -149
166 -1
223 182
157 -84
182 -34
188 -84
286 128
323 197
292 113
168 -167
101 -289
196 -125
186 -171
197 -160
363 81
275 -49
349 25
220 -165
337 -68
222 -193
380 -93
340 -138
349 -133
163 -285
196 -301
54
-362 -762
-459 -682
-466 -673
-618 -419
-800 -8
-486 -541
-798 19
-821 147
-521 -392
-582 -30
-531 550
-508 515
-279 360
-155 404
-280 -406
-26 401
115 765
-230 -430
105 407
17 183
45 114
269 596
-207 -447
430 597
278 325
149 98
-291 -653
-20 -270
527 500
181 -7
288 56
622 445
690 482
687 313
-20 -412
47 -374
676 181
491 -48
199 -300
528 -43
705 46
815 121
386 -216
121 -458
-45 -572
301 -365
819 -156
-86 -627
395 -446
611 -374
-203 -701
549 -423
692 -440
698 -439
66
149 -400
-152 -399
-243 -354
-277 -301
-351 -224
-359 -221
-276 -245
-428 -59
-235 -162
-139 -203
-151 -188
-335 -18
-292 -38
-123 -129
-190 -32
-290 92
-260 98
-300 152
-177 37
-246 167
-219 161
127 -365
53 -212
23 -144
-59 24
-151 335
-154 384
-64 174
89 -237
-70 208
-60 250
-41 430
-24 407
46 127
13 379
17 393
64 331
135 -266
97 118
135 52
145 365
157 201
205 328
187 78
191 53
219 173
229 221
256 191
232 56
211 -88
274 212
231 -83
229 -130
352 171
350 31
278 -139
303 -96
402 63
276 -180
385 -31
242 -258
418 -13
357 -168
374 -162
380 -158
369 -198
59
17 -198
-72 -170
-57 -170
-46 -153
-199 -33
-173 -52
-184 -40
-170 -42
-151 -55
-155 -36
-129 -35
-142 -20
-166 19
-116 -24
-59 -97
-136 6
-113 -8
-107 21
-92 16
-80 26
-35 -71
-68 34
-6 -112
-23 -44
-59 102
-44 128
-32 198
1 -68
-11 52
-11 153
3 -3
-6 164
7 198
11 202
16 -18
16 187
17 86
24 68
23 -27
38 64
37 -14
40 -40
71 160
63 92
60 37
97 170
41 -102
74 -14
76 -33
38 -154
86 -72
35 -168
85 -92
171 25
177 24
195 17
128 -97
174 -104
50 -183
69
11 -92
-79 -72
-52 -73
-49 -73
-82 -56
-42 -67
-62 -50
-16 -75
-95 -25
-29 -61
-91 31
-31 -39
-71 24
-54 2
-43 -12
-84 52
-55 12
-34 -21
-67 34
-48 4
-59 36
-25 -26
-65 60
-66 65
-24 -20
-62 83
-20 17
-19 17
-12 21
-22 74
-25 101
-16 84
-6 25
6 -51
-9 88
-5 62
-3 77
2 35
12 97
12 47
13 56
15 12
17 -14
24 63
23 47
28 94
30 93
29 43
37 75
31 18
26 -10
24 -32
59 75
45 21
34 -19
52 29
36 -27
68 46
72 41
89 60
74 11
29 -64
93 29
91 25
87 -3
80 -21
77 -30
94 -26
27 -90
4
374 -819
-440 -196
17 474
415 -495
53
12 -168
-27 -160
-66 -148
-127 -123
-126 -100
-92 -68
-83 -63
-106 -4
-87 -29
-123 22
-80 -18
-60 -34
-99 47
-11 -122
-122 115
-36 -66
-123 122
-102 84
-51 -20
-30 -69
-89 138
-74 115
-76 139
-30 75
-39 151
-22 122
-24 164
-6 103
9 71
15 39
37 54
26 -44
41 23
58 111
51 14
90 76
84 52
100 77
126 129
105 59
126 87
111 32
120 48
128 51
100 -28
146 35
170 57
93 -65
114 -53
111 -81
152 -49
172 -34
91 -123
82
40 -340
-29 -325
-117 -291
-267 -199
-147 -250
-237 -136
-246 -78
-329 7
-144 -165
-328 16
-260 -32
-231 -61
-94 -192
-91 -193
-263 26
-258 46
-156 -67
-213 32
-2 -275
-124 -84
-69 -168
-155 -14
-231 174
-174 92
-152 78
-183 151
6 -264
-143 149
-44 -53
-88 110
-122 248
-92 292
16 -223
-49 289
10 -53
9 -30
6 2
25 -159
-16 350
23 -31
24 313
31 132
50 238
55 207
51 -59
71 263
81 262
83 283
85 260
59 -156
86 78
94 75
144 265
148 237
96 -71
158 147
141 61
200 276
108 -92
121 -57
199 204
89 -185
228 229
121 -116
176 30
173 14
173 -12
249 158
238 89
156 -95
277 117
138 -184
222 -57
321 87
159 -199
171 -190
210 -150
162 -227
147 -243
324 -94
140 -281
124 -297
24
26 -434
-578 -202
-596 -60
-131 -331
-273 -236
-554 22
-109 -324
-388 -44
-555 203
-448 453
-217 270
-173 597
108 597
138 618
84 -109
264 264
71 -326
283 -47
548 -39
665 25
358 -256
435 -228
165 -368
436 -327
76
-121 -724
-356 -639
-455 -598
-399 -611
-567 -373
-667 -236
-757 -60
-256 -567
-635 -106
-479 -170
-723 235
-665 184
-499 17
-428 -38
-475 75
-606 401
-425 214
-412 539
-237 -131
-262 162
-246 206
-225 261
-207 124
-231 478
-166 -81
-140 -242
-160 716
-129 466
-121 669
-101 670
-95 105
-59 654
-74 91
-57 69
-15 581
-7 577
-32 125
21 387
-3 190
-2 174
19 220
90 685
174 372
276 565
319 460
293 366
126 -160
310 255
294 216
244 -5
482 428
539 427
551 343
621 360
421 -2
601 180
523 52
213 -391
-27 -632
335 -338
497 -205
567 -150
659 -78
383 -334
332 -401
530 -261
225 -486
750 -152
343 -473
424 -430
708 -287
179 -580
587 -478
218 -633
476 -570
355 -620
59
-521 -794
-767 -561
-814 -451
-859 -153
-788 -38
-743 -6
-712 546
-618 38
-615 87
-541 -606
-521 -82
-499 601
-510 -143
-498 278
-479 363
-468 185
-427 74
-257 878
-405 -122
-257 576
-215 784
-361 -10
-267 392
-25 711
112 900
23 595
219 938
-91 114
366 693
-363 -540
292 249
340 251
417 332
-206 -432
209 35
429 263
93 -132
-361 -632
711 329
156 -189
820 395
267 -101
741 267
-231 -559
745 184
760 164
573 -86
509 -134
536 -199
554 -328
684 -279
888 -376
417 -522
367 -551
6 -690
287 -642
-170 -755
666 -675
553 -688
40
54 -392
-222 -298
-332 -165
-21 -337
-286 -111
-214 -164
-62 -284
-304 -51
-70 -272
-156 -158
-139 -175
-148 -154
-254 -19
-314 77
-218 -41
-229 -20
-285 88
-213 330
-17 -198
-121 258
-82 130
-57 101
-50 249
-31 267
7 60
37 215
59 357
88 322
99 191
124 99
113 -23
98 -176
178 133
291 66
322 90
376 95
231 -134
299 -161
336 -149
237 -321
91
-19 -148
-112 -111
-139 -31
-169 -1
-65 -101
-139 -5
-159 28
-142 21
-116 -11
-124 2
-75 -63
-89 -27
-69 -56
-145 89
-71 -47
-74 -21
-74 -13
-112 84
-108 77
-109 93
-61 -12
-84 108
-43 -43
-68 89
-26 -114
-34 -71
-62 116
-58 124
-48 73
-54 160
-34 -6
-39 132
-31 63
-20 -123
-23 142
-18 -67
-7 143
-12 -6
-5 78
2 143
-5 40
10 167
-8 -42
2 13
9 39
30 112
32 120
45 130
39 97
34 29
67 96
65 86
62 69
88 132
22 -44
13 -73
67 32
105 109
47 -30
80 19
70 1
48 -37
69 -9
80 8
103 39
53 -38
140 93
83 -2
146 82
71 -28
102 9
77 -30
55 -63
99 -31
123 -8
35 -98
15 -119
65 -82
3 -131
84 -70
167 -8
94 -72
61 -101
34 -121
161 -57
117 -89
102 -102
95 -110
50 -129
79 -127
63 -145
85
-67 -679
-119 -664
-249 -618
-340 -548
-519 -280
-704 -91
-631 -83
-605 -60
-565 6
-495 -16
-508 102
-558 214
-485 85
-589 334
-528 271
-215 -358
-217 -331
-394 149
-410 353
-302 44
-364 256
-293 127
-403 576
-295 179
-300 203
-337 378
-320 468
-179 -101
-266 382
-170 -20
-239 561
-239 610
-200 450
-168 315
-129 52
-59 421
-44 112
-24 99
-2 422
35 439
83 506
-6 -214
124 602
128 567
156 663
139 343
188 334
146 83
277 550
325 586
225 250
321 484
-18 -534
320 388
64 -323
383 449
270 146
307 220
428 472
154 -169
101 -310
500 322
216 -222
447 134
53 -493
555 231
586 152
669 233
461 -70
430 -116
294 -282
703 -24
645 -110
557 -233
552 -247
626 -219
229 -491
558 -291
582 -384
511 -436
371 -506
509 -461
243 -613
200 -638
128 -666
21
114 -282
-377 -98
-242 -7
-361 95
-355 228
-59 -39
-249 310
-121 154
18 -58
99 -96
109 97
111 155
124 126
206 325
223 235
226 238
251 148
161 -221
302 -124
203 -225
300 -169
83
-116 -257
-196 -191
-254 -142
-277 -85
-162 -201
-262 -71
-284 48
-235 -17
-262 82
-245 83
-197 -11
-239 156
-191 -2
-187 69
-185 163
-175 200
-129 -19
-131 229
-121 232
-116 -199
-112 193
-104 167
-86 226
-95 78
-60 238
-57 219
-97 -112
-48 260
-53 178
-81 -19
-10 168
-47 3
6 181
9 134
41 170
-10 19
97 265
88 241
101 265
-19 -33
103 213
24 39
-55 -133
-98 -226
18 -31
59 36
173 218
166 200
38 -16
37 -21
74 35
195 185
3 -96
140 79
174 81
193 93
182 45
179 38
138 -5
166 10
43 -112
261 43
244 2
254 -13
254 -14
223 -38
73 -142
197 -72
186 -79
-28 -207
89 -150
255 -65
180 -106
158 -125
77 -178
225 -122
255 -113
108 -173
-60 -238
67 -200
-52 -239
136 -191
138 -212
51
-203 -663
-530 -590
-650 -378
-434 -389
-551 65
-357 -56
-481 552
-491 674
-431 506
-311 289
-218 -236
-222 734
-209 395
-184 -139
-162 143
-125 712
-93 342
-38 840
-146 -346
48 483
-46 32
-39 20
243 722
73 84
303 554
92 28
382 705
215 175
295 235
375 325
-117 -519
300 132
563 501
345 103
441 226
71 -310
272 -103
649 313
539 37
748 228
592 24
684 68
587 -99
230 -354
463 -213
460 -283
421 -321
150 -522
451 -448
757 -408
509 -633
61
-5 -332
-53 -328
-192 -297
-233 -123
-320 -32
-292 -44
-159 -176
-104 -227
-296 -17
-254 -56
-285 11
-304 49
-321 74
-316 76
-246 159
-221 166
-262 262
-252 275
-188 181
-96 -28
-86 25
-130 366
-114 311
-31 -102
-52 104
-33 -47
-70 337
-31 -39
-25 195
-14 116
-5 -123
18 323
12 -6
36 324
48 124
30 -53
41 25
44 27
121 329
195 325
65 -147
107 -55
135 13
21 -272
259 273
190 84
271 250
164 20
207 78
271 149
128 -110
163 -77
259 58
113 -170
378 41
184 -186
173 -202
273 -132
184 -218
280 -181
148 -326
80
-102 -510
-333 -371
-181 -452
-332 -288
-275 -337
-476 -104
-388 -184
-121 -487
-427 -34
-437 -19
-491 67
-271 -250
-368 16
-238 -228
-393 102
-384 199
-260 -94
-303 56
-208 -211
-378 275
-368 345
-156 -331
-306 185
-279 119
-304 237
-275 132
-239 54
-213 -31
-195 -100
-183 -129
-195 -54
-255 349
-129 -153
-124 165
-108 360
-90 362
-92 -52
-69 474
-84 -31
-7 322
-14 224
-12 129
-87 -430
80 446
91 497
74 182
193 485
-19 -260
97 71
27 -140
183 273
9 -207
311 393
300 354
77 -222
155 -112
431 258
417 236
394 192
43 -311
465 216
395 89
452 128
328 -18
425 56
284 -105
509 123
386 -46
496 18
254 -211
240 -230
265 -263
394 -201
429 -189
62 -413
70 -416
192 -385
182 -410
22 -483
246 -455
97
-44 -863
-598 -630
-379 -714
-376 -675
-613 -491
-638 -413
-740 -214
-177 -723
-804 -35
-258 -584
-515 -212
-517 -170
-668 134
-745 319
-626 175
-457 -95
-207 -535
-285 -372
-646 496
-482 179
-290 -271
-575 506
-284 -221
-487 327
-407 174
-300 -114
-143 -572
-512 614
-524 655
-432 595
-336 319
-287 137
-376 644
-155 -287
-310 614
-99 -534
-170 -100
-230 413
-110 -35
-162 776
-118 708
-86 391
-66 271
-56 69
-55 18
-58 674
-50 466
-34 857
-31 770
-13 343
88 506
7 -387
136 579
16 -387
193 730
87 -17
272 579
206 188
325 649
157 -130
40 -566
379 569
83 -454
336 239
507 639
315 109
436 422
215 -207
45 -641
556 627
204 -253
290 -47
2 -753
585 358
704 471
448 7
94 -642
500 2
579 122
567 81
666 223
541 -12
532 -41
374 -277
448 -209
293 -425
549 -100
235 -564
787 -36
312 -533
624 -321
522 -407
534 -459
737 -327
432 -585
576 -530
506 -618
45
-232 -702
-366 -593
-611 -249
-657 -180
-685 -121
-687 -44
-708 23
-560 -92
-389 -408
-616 294
-340 -354
-356 -219
-310 -372
-409 501
-313 -46
-279 -205
-291 174
-160 -55
6 579
34 631
-22 261
75 358
359 539
293 369
260 225
470 443
329 37
70 -314
463 148
333 -79
521 95
692 259
114 -358
738 71
118 -456
587 -181
227 -428
558 -232
-55 -599
414 -341
318 -437
498 -393
448 -522
220 -587
305 -600
84
-101 -459
-318 -327
-327 -264
-349 -222
-334 -214
-457 -61
-336 -192
-335 -193
-162 -386
-340 -146
-408 -30
-207 -297
-159 -360
-257 -188
-373 15
-282 -143
-306 -83
-126 -411
-350 72
-232 -169
-289 -2
-178 -270
-303 107
-251 -23
-323 202
-282 94
-255 44
-236 34
-284 213
-197 38
-211 111
-123 -332
-182 148
-149 -17
-117 -137
-124 252
-104 -83
-80 440
-69 198
-63 314
-56 196
-32 378
-24 340
-27 279
-8 450
-41 121
-8 226
40 350
31 281
17 180
108 406
129 460
68 151
125 354
109 265
-36 -245
27 -43
134 301
134 263
154 275
155 74
72 -102
302 315
50 -173
321 190
243 45
151 -130
146 -174
274 -28
120 -227
394 59
161 -193
142 -233
262 -140
428 -10
410 -27
392 -58
332 -182
267 -245
337 -243
71 -383
268 -376
44 -430
176 -421
73
-68 -531
-330 -437
-507 -243
-213 -390
-448 -133
-455 -46
-389 -114
-525 85
-332 -146
-358 -107
-281 -198
-413 220
-351 119
-200 -200
-293 62
-343 345
-327 357
-308 367
-281 316
-215 283
-202 292
-158 241
-128 37
-127 73
-106 495
-97 411
-98 486
-74 156
22 262
-48 -391
-21 -262
-28 -341
84 166
80 136
71 91
104 184
157 315
133 220
54 -92
178 299
81 -89
129 51
168 148
199 223
145 31
273 343
246 235
281 309
123 -79
276 265
336 279
358 202
454 329
371 174
377 177
308 0
359 54
80 -341
515 206
519 127
509 101
167 -276
102 -402
515 -98
307 -293
253 -377
206 -408
355 -391
171 -455
25 -504
140 -476
281 -464
65 -531
60
47 -856
-240 -831
-249 -797
-412 -600
-837 -160
-524 -368
-727 -194
-508 -363
-430 -378
-413 -251
-90 -671
-413 -147
-313 -243
-539 534
-525 657
2 -722
-307 204
-296 262
-361 508
-229 151
-234 468
-251 576
-163 196
-250 744
-220 771
-120 346
-1 -372
63 629
81 719
72 -174
111 820
220 399
234 463
304 803
184 -18
294 372
367 298
354 244
518 615
111 -659
453 376
417 232
396 137
599 419
669 540
565 303
355 -178
623 316
403 -162
774 403
805 186
566 -167
787 66
509 -402
516 -415
491 -487
638 -420
629 -513
466 -685
459 -733
76
-37 -276
-120 -252
-147 -230
-92 -247
-187 -190
-182 -166
-245 -79
-162 -157
-279 -29
-238 -65
-189 -77
-242 62
-165 -51
-151 -63
-149 -36
-173 29
-115 -99
-159 3
-122 -77
-135 -30
-175 77
-184 124
-143 57
-161 154
-62 -185
-154 173
-154 176
-133 109
-73 -120
-120 90
-80 20
-80 72
-51 -151
-60 33
-51 -84
-65 178
-34 266
-25 79
-30 -70
3 189
-1 -28
12 21
57 244
9 -53
11 -61
40 46
-5 -149
89 185
114 213
123 231
97 132
106 125
101 79
29 -118
113 77
106 21
207 185
127 17
237 141
133 -21
179 31
185 29
178 5
233 45
33 -193
51 -181
-9 -248
222 -20
209 -52
265 -28
86 -193
112 -182
59 -224
180 -177
176 -195
165 -224
37
-23 -91
-112 3
-74 -30
-92 -2
-81 29
-81 80
-56 59
-43 2
-57 70
-48 104
-34 31
-24 25
-21 -26
-19 -18
-1 72
4 103
-12 -48
28 90
10 12
-2 -27
-15 -68
43 96
42 46
39 21
69 74
55 8
-11 -76
75 30
84 37
58 -8
38 -33
46 -27
93 3
106 -40
10 -78
70 -83
14 -89
7
56 -628
-286 -545
-271 -57
-459 357
485 258
311 -159
541 -232
45
7 -241
-21 -233
-73 -201
-207 -126
-207 -110
-177 -128
-123 -153
-13 -226
-123 -63
-200 53
-181 29
-66 -134
-150 59
-135 32
-135 69
-113 102
-131 157
-88 159
-84 202
-73 195
2 -205
-36 198
3 -187
-20 217
-3 170
7 -37
12 -91
28 -17
20 -133
36 -13
42 -80
42 -97
112 179
114 131
136 154
106 57
130 72
101 -109
232 43
199 -38
177 -77
140 -120
260 -27
194 -137
16 -236
19
-97 -382
-383 -97
-191 -285
-393 -75
-316 126
-280 217
-250 124
-191 202
-62 202
-73 -61
-41 239
-48 -132
-32 -126
259 193
169 -14
303 134
75 -206
58 -232
366 -45
