74 74
637 383 299 815 440 210 693 554 281 161 752 971 264 663 380 378 941 231 456 257 133 118 864 724 572 606 353 188 524 314 701 160 597 900 272 333 406 865 183 588 322 835 855 486 795 235 161 131 663 814 288 696 832 152 716 700 658 365 788 478 876 489 539 769 685 711 102 992 872 185 876 491 317 126
74
58 -310
-83 -306
-19 -304
-74 -285
-139 -265
-45 -282
-18 -285
-104 -255
-144 -227
-119 -229
-155 -197
-84 -227
-210 -82
-226 -32
-200 -54
-26 -224
-132 -100
-305 94
-239 84
-94 -102
-119 -60
-3 -215
-68 -108
-50 -133
-85 -63
1 -211
-206 154
-230 201
-79 -66
-32 -147
-10 -185
-171 128
-14 -172
-162 237
-117 181
-86 97
-94 141
-123 230
-73 118
-6 -74
24 -126
18 -93
-9 59
-22 192
36 -142
32 -95
27 -39
43 44
44 273
59 109
66 -91
69 -80
80 -9
113 260
91 -46
66 -255
145 196
77 -219
168 195
73 -251
201 236
173 33
210 110
189 13
269 153
208 7
102 -228
244 -61
294 -1
294 -31
258 -117
253 -144
187 -201
219 -202
27
28 -260
-141 -253
-184 -243
-118 -248
-166 -233
-190 -208
-32 -223
-156 -143
-310 -44
-314 24
-295 81
-150 -40
-93 -79
-165 98
-31 -42
-44 62
-52 115
-55 181
14 -21
166 224
189 65
83 -150
210 34
245 37
122 -154
139 -174
257 -119
71
-36 -109
-75 -82
-101 -58
-58 -80
-105 -16
-75 -10
-96 45
-82 12
-56 -56
-80 25
-74 29
-46 -70
-52 -44
-67 25
-56 -14
-47 -48
-67 92
-61 65
-57 39
-63 87
-50 47
-43 13
-31 31
-28 60
-31 -18
-27 -2
-32 -64
-24 11
-14 110
-24 -23
-12 40
-17 7
-8 49
7 111
-7 26
-7 24
12 106
6 54
24 114
-12 -26
10 40
23 76
4 0
50 98
63 86
-5 -48
15 -25
83 70
77 58
47 10
80 56
42 -9
91 52
4 -59
68 12
61 -9
-4 -78
42 -47
62 -32
115 9
25 -63
3 -82
99 -25
93 -32
81 -41
64 -54
59 -66
92 -53
71 -71
75 -84
20 -106
21
-47 -208
-184 -125
-198 -75
-121 46
-123 131
-69 -87
-35 116
54 170
-8 -74
78 95
96 120
69 48
85 70
154 96
116 19
185 75
124 -49
85 -103
96 -102
212 -58
138 -124
35
-11 -144
-48 -128
-154 -36
-128 -55
-68 -96
-81 -66
-145 8
-85 -54
-100 2
-42 -77
-78 13
-61 18
-82 104
-84 130
-71 139
-65 138
-40 31
-39 25
-32 30
-43 126
-38 134
-23 107
-5 44
44 99
19 -37
38 18
41 16
88 119
90 77
104 81
121 100
51 -48
131 59
103 -43
75 -79
93
227 -547
-8 -545
-4 -526
-524 -334
-163 -433
-196 -423
-198 -377
-598 -198
-383 -258
-333 -242
-253 -259
-503 -101
-93 -337
-408 -120
-344 -159
-440 -47
-497 17
-619 131
151 -483
-427 124
-113 -198
-496 217
-376 98
-469 237
-247 -11
-438 223
-225 -14
-182 -45
175 -477
-226 85
-72 -107
-442 455
-79 9
-333 489
-158 167
-194 234
-110 187
-208 481
-113 346
-168 532
3 87
-7 131
192 -439
37 58
-112 564
-20 355
-43 446
109 -55
-35 546
-6 440
-2 524
80 166
26 436
21 509
49 387
65 445
97 339
97 383
132 465
151 502
210 -286
171 496
175 487
203 524
231 347
231 115
252 47
290 518
280 285
257 -86
325 343
320 214
353 437
318 120
342 272
352 182
335 -62
429 184
328 -182
364 -65
397 24
380 -39
325 -252
490 151
386 -230
429 -203
402 -261
602 35
610 28
338 -432
537 -247
546 -327
363 -463
96
-41 -123
-107 -70
-84 -86
-71 -95
-121 -40
-69 -88
-91 -60
-128 1
-119 -8
-122 5
-113 6
-119 27
-117 38
-83 -34
-90 -5
-78 2
-77 -1
-85 45
-88 61
-66 -22
-82 44
-87 73
-71 11
-62 -28
-72 26
-70 52
-77 98
-54 -11
-51 -29
-56 19
-49 47
-40 10
-38 -58
-39 -82
-30 95
-32 36
-30 58
-29 64
-24 78
-22 93
-35 -62
-17 79
-11 111
-4 124
3 121
0 102
4 123
8 95
3 71
-29 -74
-9 5
22 120
12 72
13 75
31 119
11 43
20 71
-8 -22
-8 -23
26 67
-22 -71
53 119
48 92
12 -18
62 80
49 53
42 37
-23 -90
65 64
5 -42
16 -30
17 -32
86 76
59 1
45 -19
72 9
105 44
102 31
83 8
-35 -117
116 17
88 -12
32 -66
94 -18
46 -59
112 -32
62 -63
85 -50
72 -63
78 -80
73 -82
77 -92
20 -111
78 -100
75 -104
38 -121
7
110 -288
-25 -227
-164 -127
-160 -56
-39 -145
-176 127
23 45
5
-90 -64
-29 39
-13 -22
67 8
87 -59
66
-275 -874
-774 -572
-645 -598
-894 -318
-768 -273
-920 -22
-828 313
-599 -88
-819 484
-652 341
-626 389
-478 -115
-593 325
-536 479
-494 483
-434 131
-383 -47
-341 631
-221 486
-160 935
-200 232
-204 29
-200 -46
-230 -491
-134 140
-7 902
-33 497
-62 61
-22 177
50 375
167 584
33 1
292 718
-87 -353
97 101
341 734
238 360
449 835
-99 -465
478 546
152 -149
504 407
512 361
734 630
489 -36
868 296
412 -176
885 284
473 -130
458 -155
632 -8
615 -32
632 -69
162 -489
825 -17
603 -216
786 -190
58 -685
21 -719
691 -416
473 -530
232 -663
88 -746
582 -652
264 -736
448 -853
82
209 -804
-314 -755
-162 -741
-463 -665
-605 -618
158 -783
-619 -367
-171 -584
-679 -264
-325 -473
-544 -255
143 -750
-802 70
24 -641
-466 -148
-766 161
-627 133
-245 -283
-243 -241
14 -552
-140 -320
-448 160
53 -575
58 -568
-317 25
-368 109
-391 265
-416 402
-405 390
-429 469
-385 536
-341 555
-343 607
-232 477
-252 684
-53 100
25 -36
24 -14
-90 640
-45 438
-16 343
-42 570
-2 479
-12 722
89 86
29 667
39 597
150 -262
30 859
51 675
170 -381
88 640
92 777
135 383
193 -504
233 561
239 492
254 83
330 763
348 159
405 504
328 -10
458 658
408 66
458 179
283 -518
504 288
431 -26
646 424
543 126
668 441
408 -303
317 -539
725 375
705 59
535 -257
597 -187
718 -2
602 -369
703 -278
241 -770
518 -668
80
-64 -223
-69 -222
-162 -140
-211 -47
-194 -61
-207 -41
-188 -65
-205 -20
-205 -19
-199 4
-130 -112
-122 -110
-193 71
-187 141
-139 -1
-159 98
-147 117
-136 133
-120 61
-138 165
-117 64
-120 111
-125 182
-117 176
-93 85
-79 113
-73 64
-72 134
-66 -69
-60 205
-55 116
-46 124
-48 68
-33 157
-33 110
-10 135
1 161
-48 -140
16 154
11 122
15 111
25 121
24 104
-50 -177
28 78
25 41
37 71
-55 -198
-31 -134
81 138
0 -68
61 76
34 2
59 49
128 187
7 -83
108 113
74 16
64 -13
141 90
157 114
82 -6
-6 -138
55 -55
65 -49
40 -92
192 92
104 -21
208 103
112 -32
105 -58
142 -46
188 -8
125 -67
-3 -174
227 -12
215 -34
154 -114
125 -153
100 -171
87
-29 -516
-274 -446
-318 -399
-389 -326
-199 -420
-330 -346
-458 -163
-429 -186
-459 -143
-501 -92
-525 25
-222 -302
-272 -230
-363 -103
-380 -54
-370 -65
-394 68
-315 -47
-411 115
-442 231
-432 223
-229 -149
-412 254
-444 350
-313 89
-238 -19
-190 -122
-363 337
-168 -127
-266 294
-245 427
-143 -2
-143 16
-112 -50
-77 -227
-110 2
-91 94
-65 95
-69 345
-43 290
-28 102
-26 500
4 123
34 424
67 370
39 95
76 278
-8 -364
-15 -433
140 408
81 78
166 426
141 295
-23 -488
177 424
194 498
104 -52
17 -367
97 -123
168 1
347 400
170 -62
390 369
136 -169
353 206
241 -8
331 157
255 8
376 213
82 -321
417 187
484 252
283 -51
482 180
287 -96
93 -387
274 -200
182 -317
468 -80
264 -259
189 -332
220 -307
532 -48
308 -264
372 -260
498 -185
306 -412
51
-96 -175
-153 -114
-113 -103
-145 91
-106 58
-52 184
-64 25
-22 193
-31 118
-21 154
-25 121
-14 156
-71 -77
4 206
-28 20
-26 4
51 176
17 94
-63 -98
60 178
51 114
58 98
-26 -67
35 22
83 94
41 27
82 74
34 -11
-40 -106
-21 -92
72 -29
38 -64
100 -13
197 58
187 37
148 -10
88 -52
175 -1
106 -52
98 -65
192 -25
141 -60
91 -99
22 -148
22 -149
82 -136
142 -136
149 -137
141 -140
-4 -163
5 -175
83
56 -727
-424 -705
-273 -644
-183 -662
-442 -579
-413 -562
-707 -357
-247 -578
-517 -425
-766 -157
-458 -354
-726 -138
-746 -36
-625 -59
-406 -273
-822 143
-465 -210
-298 -329
-571 -22
-589 25
-621 67
-80 -536
-607 222
-672 377
-334 -122
-523 270
-629 495
-605 512
-410 202
-591 564
-145 -317
-512 470
-534 518
-386 272
-103 -356
-302 159
-221 -10
-387 431
-16 -506
-268 273
-323 448
-18 -465
-174 785
-70 350
-33 233
-37 733
18 244
71 -157
88 53
89 30
124 641
152 320
158 335
178 394
202 528
152 -91
153 -113
183 35
250 198
322 536
120 -495
251 -70
527 415
219 -342
557 422
189 -423
455 139
210 -410
624 417
459 51
567 226
516 119
353 -325
687 107
746 166
676 62
749 49
244 -540
362 -427
705 -96
589 -304
431 -491
309 -620
99
-16 -243
-61 -233
-169 -184
-220 -92
-253 -52
-177 -95
-246 -27
-144 -113
-224 -25
-248 28
-167 -61
-195 -17
-119 -108
-124 -99
-196 -1
-86 -124
-40 -202
-229 128
-102 -77
-160 46
-205 138
-172 75
-78 -115
-182 114
-90 -73
-144 82
-140 108
-109 21
-130 90
-49 -136
-135 169
-109 79
-66 -35
-43 -119
-93 234
-75 128
-56 41
-50 68
-43 8
-51 114
-49 228
-34 59
-42 231
-19 115
-2 127
-1 132
5 175
5 102
12 -23
37 141
29 42
59 220
15 -61
77 249
7 -125
60 123
85 183
9 -145
87 96
124 142
115 83
152 148
122 66
158 120
168 113
200 156
209 157
215 153
182 96
125 -26
145 -13
210 71
113 -64
192 31
178 6
117 -74
149 -36
197 13
138 -77
181 -45
228 -14
111 -124
210 -34
82 -154
171 -75
223 -30
220 -40
233 -31
228 -41
225 -52
207 -78
246 -60
189 -111
63 -196
164 -145
198 -135
205 -136
46 -236
113 -230
31
-38 -747
-342 -635
-108 -712
-659 -343
-625 -292
-745 -65
-737 29
-724 56
-623 -17
-370 -330
-453 -117
-370 -169
-455 305
-372 636
-271 257
-262 622
-50 -435
-10 495
95 190
90 -25
98 -26
147 225
214 17
407 36
272 -250
533 76
629 190
660 97
276 -482
570 -438
128 -702
13
479 -848
-944 -217
-268 -387
-609 -120
-85 -334
-811 480
36 381
-29 907
64 645
131 477
184 595
673 570
653 -245
85
60 -703
-356 -613
-446 -592
-364 -551
-630 -385
-705 -265
-506 -377
-411 -415
-622 -165
-675 19
-383 -254
-676 43
-727 154
-445 -105
-641 144
-564 205
-453 66
-474 118
-306 -123
-617 447
-507 272
-567 410
-537 436
-569 499
-527 453
-409 291
-443 435
-408 386
-99 -322
-308 180
-195 -61
-327 321
-328 428
-109 -165
-226 244
-126 186
-138 282
-181 526
-185 629
-154 527
-156 568
-92 383
-44 100
-62 595
-30 266
46 70
51 23
67 606
90 774
82 -67
78 -346
81 -330
135 427
140 183
225 709
236 707
157 -150
261 350
245 73
335 366
336 341
313 226
265 44
406 515
104 -571
296 -21
551 555
236 -267
553 470
485 273
361 -77
575 339
598 192
523 55
674 286
713 159
502 -176
714 -32
613 -142
708 -124
657 -212
598 -310
673 -378
403 -530
407 -538
42
29 -168
-50 -158
-155 -95
-173 -52
-111 -55
-158 22
-112 -18
-20 -105
-147 71
-99 6
-35 -72
-41 -59
-123 104
-93 59
-60 0
-126 126
-26 -63
-78 42
-9 -90
-39 165
11 -15
27 -51
35 162
39 134
40 16
49 154
48 89
55 133
42 -22
79 90
91 123
88 100
87 56
108 122
121 123
125 115
151 92
119 19
55 -123
147 30
88 -119
74 -137
41
6 -706
-247 -658
-603 -201
-212 -451
-519 67
-487 42
-414 -4
-292 -154
-50 -592
-193 -295
-326 -19
-78 -528
-203 -245
-222 -180
-465 399
-496 485
-226 -95
-425 468
-178 -146
-79 -291
-231 515
-113 -57
-135 82
-182 412
-21 -491
-48 -257
-73 516
20 -107
56 124
279 642
173 44
79 -485
211 -88
169 -297
227 -181
582 70
651 106
459 -340
370 -414
448 -419
408 -490
96
-27 -119
-79 -95
-77 -92
-100 -66
-111 -51
-114 -32
-73 -63
-121 4
-61 -74
-101 -17
-72 -43
-95 1
-93 5
-86 -8
-59 -57
-70 -35
-85 -4
-98 30
-57 -55
-65 -36
-76 -8
-89 27
-70 -15
-59 26
-57 32
-66 80
-47 -7
-64 96
-65 106
-58 102
-38 -21
-40 3
-41 14
-48 81
-46 94
-38 50
-31 79
-30 49
-27 -107
-26 -11
-23 63
-22 80
-18 97
-20 2
-23 -69
-16 8
-7 67
-14 -2
-6 63
0 53
6 55
11 62
-11 -48
-15 -69
5 14
4 -12
41 102
40 87
49 105
34 27
42 33
82 95
49 21
-17 -101
42 -11
85 53
100 76
95 67
92 57
32 -38
18 -58
70 12
96 41
101 45
112 48
38 -41
39 -42
44 -37
94 18
93 15
117 34
27 -62
38 -53
-9 -103
74 -33
85 -25
65 -42
125 0
21 -84
84 -40
43 -74
92 -70
37 -95
30 -100
75 -90
33 -115
58
-59 -114
-110 -65
-114 -44
-101 -55
-123 34
-116 53
-89 5
-91 21
-72 -50
-75 -35
-79 -5
-63 -74
-68 8
-60 48
-57 84
-55 87
-53 103
-55 6
-46 55
-53 -45
-43 -10
-10 75
-3 90
8 115
-35 -38
11 74
1 44
39 119
29 93
41 121
40 116
2 13
22 46
58 114
-3 -14
49 62
40 46
76 100
78 97
55 33
42 14
24 -32
-15 -74
100 27
32 -45
103 -6
57 -49
126 -21
42 -73
117 -43
117 -44
104 -56
79 -66
-20 -102
22 -90
8 -95
73 -77
-38 -113
45
-29 -421
-260 -369
-287 -351
-170 -319
-457 -100
-450 -40
-321 -102
-350 54
-279 -38
-301 -3
-254 -49
-79 -314
-166 -81
-136 -111
-171 28
-77 -241
-221 301
-218 330
-66 59
-10 151
-14 -83
4 194
-5 -2
40 484
35 90
83 367
56 116
148 163
238 358
277 358
290 375
137 -8
100 -112
197 114
205 114
297 324
241 180
245 81
221 17
200 -40
400 225
166 -131
330 -75
83 -314
322 -348
32
-47 -288
-185 -194
-183 294
-168 311
-89 -57
-110 119
-88 330
-26 248
-22 330
-11 262
-2 206
15 380
-14 27
34 261
-18 -102
-12 -125
110 278
190 247
20 -171
152 41
132 -26
178 15
243 98
259 55
263 -46
268 -119
66 -247
259 -181
74 -253
243 -220
182 -247
114 -270
16
-211 -317
-235 -277
-181 325
-174 -81
-41 124
57 230
236 305
-55 -115
136 51
118 -64
358 80
144 -91
113 -182
256 -180
111 -236
218 -268
74
-1 -628
-290 -618
-142 -621
-201 -615
-203 -593
-98 -610
-417 -514
-338 -509
-235 -539
-187 -531
-394 -382
-494 -276
-498 -212
-262 -378
-689 54
-305 -293
-251 -349
-487 -75
-584 73
-308 -216
-376 -124
-218 -326
-546 193
-592 313
-527 214
-421 49
-330 -94
-341 -36
-285 -45
-165 -206
-138 -211
-236 110
-239 237
-287 501
-196 255
-202 320
-261 640
-244 564
-194 595
-129 202
-184 652
-40 -319
-47 -180
-105 585
-57 180
-48 324
-14 133
31 183
25 -147
96 650
102 606
79 230
105 346
230 583
268 461
229 197
247 118
176 -113
260 131
428 409
381 262
330 108
346 98
500 202
276 -186
497 123
527 165
313 -234
513 -58
208 -410
502 -247
652 -156
289 -475
257 -517
13
332 -624
-135 -461
-269 -376
-550 -9
-65 -135
-74 -62
-84 131
-118 636
127 681
269 -195
274 165
335 -586
456 41
9
293 -475
-596 -333
-432 564
-3 66
-57 534
86 285
296 -215
329 -218
424 -402
55
-237 -804
-599 -557
-746 -381
-760 -271
-347 -686
-851 -72
-777 -130
-638 -299
-735 278
-730 393
-430 -315
-498 -28
-498 73
-513 196
-562 380
-611 566
-333 -393
-519 404
-346 -159
-408 229
-448 491
-333 667
-258 -332
-262 598
-222 760
-223 22
-60 818
-134 61
142 831
88 237
295 712
-34 -289
250 414
278 423
277 345
58 -309
-39 -502
274 -88
466 106
263 -237
724 260
214 -319
631 128
272 -273
650 85
607 -17
697 54
667 -69
663 -199
287 -482
736 -286
796 -269
584 -407
320 -587
309 -746
3
114 -554
-324 -336
572 -306
58
-75 -583
-598 -237
-287 -437
-280 -423
-483 -257
-683 -46
-208 -441
-482 -95
-486 -69
-646 202
-604 259
-501 150
-511 232
-302 -45
-435 329
-222 -194
-401 306
-412 344
-305 164
-258 50
-132 -378
-370 492
-266 401
-179 269
-155 152
-97 -18
-91 -140
-78 96
-66 167
-56 246
-52 -239
-24 -42
34 145
-52 -448
150 436
122 293
164 419
-12 -328
79 29
115 83
143 176
-11 -416
90 -238
139 -159
83 -273
401 316
138 -188
124 -239
402 60
523 138
452 29
267 -240
615 -16
173 -406
440 -397
389 -484
174 -546
221 -544
84
269 -415
-198 -408
-81 -406
-172 -363
-29 -371
-314 -298
-380 -269
-163 -317
-214 -298
-155 -299
84 -364
-100 -287
-493 -138
97 -348
-365 -140
-508 -17
-387 -63
-351 -80
-103 -208
147 -344
-495 49
-309 -63
-95 -170
-154 -102
-380 77
-293 21
-259 59
-137 45
-110 18
-341 350
-319 340
-266 300
33 -70
-4 15
-268 443
-102 205
-82 234
13 60
-138 343
-178 449
3 126
-36 251
13 152
130 -72
160 -129
35 216
-66 497
12 399
21 391
14 472
124 90
81 248
88 240
96 266
123 169
130 150
126 228
89 466
128 278
118 481
207 -26
231 -140
199 128
220 -9
165 484
211 157
217 322
265 -238
280 392
289 -66
317 200
332 392
309 -97
380 317
363 194
328 -67
426 237
316 -226
348 -121
419 55
337 -277
386 -182
432 -254
360 -370
24
320 -622
-327 -487
-670 -387
-719 -128
-305 -253
-611 -26
-362 -38
-430 48
-401 172
-488 269
47 -295
-399 292
-359 255
-32 365
-52 594
40 355
293 590
418 -201
600 518
574 193
568 151
495 -113
725 7
601 -547
53
24 -332
-124 -285
-64 -293
-84 -270
-114 -247
-124 -232
-266 -39
-309 70
-164 -86
-224 63
-206 35
-120 -99
-141 -57
-188 96
-209 143
-7 -265
-207 245
-34 -182
-106 12
-33 -158
-175 281
-69 -4
-109 164
-3 -203
-7 89
3 181
49 202
58 185
131 174
157 276
67 -189
118 -29
173 103
77 -185
195 130
243 217
132 -91
91 -188
266 157
236 96
189 -30
275 125
276 101
240 14
246 -29
85 -256
175 -162
158 -251
145 -259
264 -196
222 -220
157 -285
178 -280
95
-89 -558
-222 -442
-483 -199
-412 -260
-354 -286
-437 -170
-491 -36
-514 -6
-484 -22
-441 -76
-202 -392
-523 203
-412 43
-268 -213
-149 -421
-262 -153
-367 97
-390 336
-255 -64
-317 145
-295 206
-358 476
-353 463
-324 353
-250 124
-220 13
-161 -232
-226 127
-265 479
-220 221
-136 -236
-199 286
-113 -300
-145 258
-137 267
-150 571
-68 298
-61 188
-55 347
-52 338
-39 429
-8 343
17 406
0 139
32 375
-8 -50
75 465
93 552
47 265
91 515
111 349
136 390
50 -28
-50 -415
91 100
189 455
127 222
43 -85
60 -43
135 125
242 408
273 481
195 251
215 206
366 444
93 -165
141 -102
181 -29
383 361
28 -351
442 262
489 322
94 -306
450 176
322 -17
297 -77
305 -72
285 -140
537 137
86 -367
255 -194
497 59
499 31
164 -307
162 -313
427 -60
546 -24
386 -177
278 -315
331 -320
245 -420
413 -369
418 -392
231 -468
170 -511
56
-131 -837
-433 -784
-504 -722
-544 -577
-625 -403
-879 -151
-884 -118
-351 -565
-585 -258
-618 -132
-856 215
-474 -320
-397 -333
-615 377
-409 5
-401 93
-387 139
-437 487
-359 564
-377 800
-224 640
-212 572
-175 81
-195 767
-114 804
-111 703
-66 690
-58 454
-80 -151
27 647
29 656
41 761
80 882
-15 -179
-4 -137
20 -93
245 545
207 353
337 770
336 667
144 -55
331 475
88 -254
525 309
597 356
305 -125
646 389
313 -243
128 -536
649 68
414 -247
739 92
705 -230
496 -428
665 -384
619 -538
33
-178 -552
-561 -377
-535 -191
-633 -60
-641 -19
-405 -184
-500 459
-327 -1
-383 370
-198 -432
-195 185
-197 599
-143 66
-53 410
-5 466
-33 64
142 492
3 -57
272 624
381 423
184 34
357 258
275 128
399 292
363 224
208 -43
485 277
401 151
331 -127
569 -116
558 -169
372 -407
371 -552
90
-123 -256
-177 -239
-188 -211
-190 -188
-241 -112
-245 -47
-233 -52
-263 10
-241 -13
-247 12
-250 47
-179 -117
-212 -28
-182 -62
-242 152
-209 42
-244 168
-216 155
-137 79
-134 182
-129 -6
-111 41
-86 99
-89 20
-64 151
-80 28
-55 174
-40 267
-42 227
-28 202
-80 -111
-68 -103
-6 69
41 184
56 219
35 131
-22 -33
119 271
88 188
97 186
-11 -33
54 87
-13 -50
54 59
57 64
137 195
116 137
19 -26
157 191
50 16
178 203
177 198
117 92
-19 -113
193 175
84 14
202 135
-61 -183
-8 -129
196 93
231 103
223 93
164 18
5 -148
218 15
23 -140
272 38
262 30
285 46
28 -146
173 -46
199 -38
298 13
56 -143
-12 -189
-21 -197
252 -41
109 -123
15 -180
289 -36
263 -87
-56 -228
126 -155
250 -111
-101 -248
-2 -215
145 -169
222 -164
224 -185
72 -231
19
50 -57
-56 -55
-1 -54
3 -54
-52 -16
-36 -22
-53 -12
-49 -10
-29 -17
11 -28
-28 23
-58 55
3 -6
-22 30
9 8
15 24
37 18
54 59
65 24
79
12 -428
-248 -380
-137 -364
-167 -330
-222 -282
-299 -191
-401 -109
-464 -16
-218 -203
-245 -144
-195 -189
-255 -110
-104 -284
-247 -106
-163 -173
-54 -331
-347 150
-277 46
-159 -147
-380 225
-275 78
-384 285
-334 263
-244 103
-270 215
-272 363
-221 229
-140 36
-204 352
-141 355
-105 477
-81 422
-76 450
-29 32
-8 -166
-17 58
-17 441
6 336
13 339
17 453
25 270
45 402
24 -182
25 -251
47 -106
126 463
78 -3
130 301
94 76
117 138
186 422
197 438
147 154
146 131
227 399
222 345
191 212
183 139
277 270
247 132
286 193
109 -225
115 -240
301 32
159 -219
387 87
141 -277
312 -108
141 -297
230 -241
284 -214
156 -347
379 -243
219 -327
381 -268
193 -367
337 -335
313 -358
88 -426
92
18 -152
-53 -145
-8 -149
-95 -113
-22 -135
4 -144
-4 -139
-149 -43
-146 -18
-139 15
-63 -65
-83 -39
-129 26
-123 32
-91 -8
-34 -83
-135 57
-16 -101
-124 68
-106 45
-102 42
-84 48
-110 112
-30 -40
-77 76
-92 125
-81 104
-81 114
-64 71
-53 64
-5 -74
-60 114
-57 108
-25 -2
-31 55
-17 -4
-32 66
-26 63
-36 130
-26 92
-5 -15
-29 138
15 -128
-19 155
-1 36
-6 103
6 -23
3 76
14 58
18 46
19 118
20 -35
21 14
28 44
23 -61
30 -8
28 -58
27 -88
55 79
64 91
52 26
65 88
41 -41
63 47
69 72
68 48
101 108
77 32
83 44
95 73
55 -49
49 -66
46 -81
103 53
113 74
117 81
117 49
87 -21
125 46
126 12
156 24
41 -123
115 -42
61 -107
83 -86
75 -99
134 -50
138 -47
56 -120
139 -52
37 -140
89 -123
56
-12 -366
-279 -178
-151 -242
-144 -245
-325 -37
-300 -59
-166 -162
-138 -197
-237 -61
-203 -99
-197 -96
-146 -158
-200 -33
-211 251
-170 336
-82 -17
-73 260
-28 21
-40 345
-25 0
-14 187
-10 325
-9 375
2 196
13 145
28 253
61 310
58 262
35 -77
67 93
88 204
162 338
155 241
126 66
203 180
195 111
219 115
265 140
112 -150
293 159
195 -51
203 -91
350 -9
364 0
154 -209
249 -124
218 -179
51 -316
166 -226
242 -174
238 -193
302 -164
326 -155
105 -336
104 -338
124 -339
6
-50 -168
-90 -101
-82 51
52 87
97 -42
120 -76
86
67 -344
-162 -266
-93 -269
-43 -280
54 -336
-85 -246
-154 -193
-180 -166
-137 -192
-290 -51
-104 -183
-301 25
-294 28
-285 35
-306 83
-222 48
-246 114
-85 -104
-15 -213
-102 -70
-183 63
-209 122
-236 209
-216 211
-171 124
-53 -97
-136 128
28 -253
-121 98
-167 291
-114 166
-141 304
-109 210
-34 -11
-14 -45
35 -223
-43 75
-54 118
-19 -9
-57 216
-33 192
48 -242
-3 59
-30 228
-22 301
38 -121
-10 298
16 89
29 190
56 -58
57 186
62 285
65 33
71 144
71 -69
83 -99
101 129
83 -141
104 38
109 22
141 265
151 195
126 -30
171 180
194 286
132 -30
198 255
144 -6
125 -125
220 175
179 21
243 211
261 230
183 -33
266 178
110 -234
253 103
250 49
230 -8
226 -69
119 -263
255 -103
344 -34
328 -66
115 -301
118 -299
92
-55 -534
-395 -426
-437 -266
-422 -253
-307 -251
-548 39
-491 40
-491 64
-541 160
-496 96
-372 -62
-307 -155
-313 -144
-386 -6
-486 157
-380 11
-358 -14
-485 209
-271 -131
-462 284
-391 169
-181 -262
-383 209
-164 -261
-253 5
-265 317
-101 -321
-259 417
-69 -461
-247 522
-167 144
-147 162
-140 253
-83 -259
-52 153
-51 -207
-44 -93
-17 561
0 410
54 469
79 539
90 533
55 66
144 471
154 513
59 -9
91 112
10 -253
72 11
21 -244
151 227
46 -194
239 441
242 438
264 506
172 190
48 -208
74 -153
185 168
309 494
73 -191
211 165
239 221
332 427
150 -37
347 414
195 -40
373 139
147 -223
496 287
16 -434
412 121
441 148
474 172
397 66
286 -124
436 -30
553 76
569 21
510 -60
439 -129
478 -127
563 -63
477 -131
281 -308
475 -185
514 -190
181 -397
273 -370
448 -341
177 -454
208 -527
59
26 -816
-371 -728
-372 -644
-385 -624
-511 -494
-828 -145
-745 -1
-699 -38
-766 115
-224 -490
-336 -316
-739 386
-518 65
-642 385
-300 -222
-505 280
-577 465
-305 -34
-444 677
-258 153
-227 87
-286 361
-268 328
-189 232
-170 250
-246 826
-128 711
-54 757
23 -589
25 759
28 -203
27 -704
61 845
47 -197
71 296
210 138
156 -216
321 486
381 550
460 692
472 676
344 221
272 -56
355 72
524 453
531 433
513 321
411 -50
146 -582
645 291
622 74
842 -99
795 -270
454 -538
620 -491
453 -610
418 -722
317 -747
375 -737
25
44 -530
-104 -478
-298 -222
-133 -367
-460 -28
-354 -92
-178 114
-251 330
-155 272
-153 410
-70 152
-20 31
-22 202
82 282
96 -180
78 -316
98 -259
173 -47
198 -16
343 317
225 -69
404 268
194 -242
307 -121
314 -372
88
-31 -752
-84 -749
-155 -721
-416 -636
-520 -494
-421 -506
-681 -286
-578 -271
-166 -624
-375 -415
-731 -25
-291 -462
-383 -327
-158 -593
-342 -356
-702 165
-651 103
-375 -254
-449 -34
-660 331
-474 11
-585 340
-295 -177
-501 303
-417 124
-164 -450
-359 9
-269 -192
-479 305
-361 49
-490 363
-365 74
-144 -471
-271 -153
-421 285
-440 337
-441 370
-143 -425
-454 553
-153 -306
-201 95
-268 512
-190 143
-219 399
-55 -487
-60 -236
-66 424
-43 -289
-26 80
17 -198
59 152
44 -131
43 -249
185 532
207 595
130 121
45 -373
191 286
280 590
347 685
337 636
362 610
401 601
193 -84
121 -312
350 289
306 168
309 168
231 -64
346 162
170 -286
473 334
235 -247
60 -598
607 326
444 27
25 -666
312 -242
445 -70
633 182
470 -192
600 -199
438 -372
509 -331
727 -207
412 -482
469 -452
441 -592
46
-52 -252
-186 -232
-204 -227
-277 -203
-131 -234
-121 -233
-119 -228
-324 -93
-305 -67
-332 -25
-313 149
-184 90
-185 179
-182 312
-97 -9
-127 259
-51 138
-32 278
-18 217
8 341
34 277
22 172
-21 -81
9 17
2 -48
-13 -137
52 41
130 193
148 183
204 228
226 202
181 125
187 83
169 37
235 111
201 36
224 27
107 -93
325 122
194 -48
266 8
282 -95
323 -106
111 -195
222 -237
59 -251
61
-202 -579
-513 -337
-567 -183
-631 -73
-443 -283
-581 15
-586 69
-450 -42
-488 59
-454 -6
-386 -129
-410 162
-404 354
-364 238
-326 429
-269 97
-280 208
-220 214
-175 475
-145 486
-156 213
-125 535
-113 610
-129 153
-103 336
-58 583
-149 -190
-30 184
-19 162
-14 109
112 537
113 453
149 569
197 559
0 -52
139 305
309 460
158 104
288 291
327 268
401 308
480 409
94 -163
96 -174
137 -173
418 135
307 -5
484 166
365 31
462 132
481 23
563 82
543 7
587 24
355 -160
534 -46
298 -227
583 -103
309 -273
552 -295
181 -474
17
-476 -463
-739 306
-384 105
-361 126
52 768
-93 148
376 694
231 306
205 147
531 416
309 134
222 -17
-307 -385
427 -66
540 -67
440 -244
556 -301
91
31 -648
-496 -398
-71 -585
-204 -456
-649 -74
-644 21
-643 41
-653 75
-209 -389
-433 -136
-411 -147
-453 -77
-387 -112
-424 6
-467 106
-439 164
-310 -47
-171 -274
-210 -193
-427 255
-398 312
-258 104
-140 -201
-297 319
-123 -165
-106 -183
-64 -314
-277 542
-126 -22
-69 -229
-232 597
-92 -13
-160 460
-151 576
-32 -43
-86 549
-13 471
14 -140
4 465
20 -183
25 -171
40 413
53 448
60 72
64 116
98 479
75 79
90 290
109 462
62 -279
46 -505
163 276
129 -99
191 207
295 569
277 433
70 -496
370 537
248 110
356 421
349 352
397 474
164 -250
130 -356
251 -4
246 -51
437 258
275 -116
345 32
361 31
338 -32
272 -166
536 305
459 147
531 263
429 41
460 82
87 -558
518 134
240 -354
555 71
339 -244
81 -586
481 -121
463 -144
561 -64
437 -216
637 -5
141 -539
356 -373
494 -379
62
-87 -225
-265 -91
-267 -71
-234 -91
-272 -55
-257 -68
-190 -129
-253 -69
-257 -46
-168 -125
-211 60
-211 70
-161 42
-176 98
-125 -74
-150 143
-130 104
-126 106
-117 179
-99 -15
-101 30
-94 -83
-90 -11
-91 255
-87 -130
-78 188
-80 33
-74 72
-54 -58
-60 -119
31 177
30 172
-4 45
-36 -66
69 225
13 57
38 123
75 213
108 239
80 147
-62 -172
121 209
61 56
92 104
128 141
77 34
44 -35
2 -106
82 -11
208 146
168 83
157 60
150 37
-45 -185
229 35
58 -140
85 -133
224 -60
187 -132
101 -168
70 -191
163 -197
41
-35 -760
-405 -673
-71 -740
-600 -356
-331 -514
-472 -218
-570 14
-578 277
-473 437
-482 653
-96 -544
-119 -373
-283 768
-191 222
-85 98
-69 688
-61 507
-32 -4
-11 265
46 814
133 -125
166 -57
373 554
352 470
319 236
334 243
478 486
468 398
289 -135
444 159
421 96
326 -146
535 160
127 -520
715 226
646 76
509 -188
613 -230
82 -680
429 -647
90 -733
69
66 -680
-230 -560
-300 -519
-541 -406
-78 -605
-311 -471
-399 -409
-433 -375
-542 -288
-586 -238
-326 -412
-660 -79
-461 -196
-343 -295
-396 -244
-506 237
-208 -238
-169 -294
-327 -27
-403 119
-28 -519
-476 292
23 -600
-229 -115
-480 394
-264 184
-62 -211
2 -416
-34 -91
42 -508
-14 -26
-53 403
-68 631
-13 187
12 121
17 115
6 563
59 170
70 -421
167 397
108 -412
108 -469
245 218
251 95
291 163
168 -308
407 532
135 -436
388 458
192 -253
241 -163
340 -3
496 355
380 74
280 -193
480 241
374 -50
551 306
431 -67
626 196
601 94
147 -565
249 -423
423 -304
517 -254
474 -306
457 -422
228 -589
268 -611
98
-102 -439
-243 -373
-373 -298
-385 -202
-402 -112
-301 -206
-464 -5
-385 -95
-437 9
-185 -316
-164 -344
-295 -120
-220 -215
-161 -323
-299 15
-159 -285
-199 -155
-270 64
-283 200
-304 304
-218 -11
-277 298
-278 347
-254 390
-176 27
-184 322
-134 -3
-146 233
-136 186
-140 383
-121 332
-103 -80
-101 332
-100 -357
-78 86
-53 471
-61 116
-61 56
-38 84
7 363
19 391
-5 216
16 348
-50 -97
33 446
-38 -74
-31 -66
35 246
83 411
67 316
20 54
83 253
26 -15
172 428
189 409
11 -112
190 371
209 360
228 380
235 383
131 106
169 188
184 200
8 -203
87 -41
294 362
285 328
182 107
117 -25
80 -114
153 7
242 92
120 -133
211 -12
402 245
350 169
314 109
411 225
51 -242
169 -96
80 -215
244 -40
361 23
370 29
55 -284
461 85
266 -123
460 38
429 -9
351 -113
312 -155
379 -190
399 -238
361 -290
104 -383
327 -345
201 -410
147 -420
96
-58 -831
-354 -700
-662 -505
-199 -747
-819 -262
-694 -335
-828 -219
-446 -449
-666 -208
-850 9
-749 -78
-829 18
-510 -319
-806 57
-368 -462
-749 14
-762 139
-365 -330
-359 -244
-536 149
-508 200
-268 -337
-446 137
-528 437
-360 22
-309 -117
-243 -155
-226 -204
-451 658
-334 291
-201 -247
-356 579
-201 735
-147 393
-100 -191
-165 830
-107 401
-81 548
-2 518
-5 231
38 693
48 631
43 503
66 665
92 681
49 237
93 467
166 630
0 -458
24 -304
38 -316
248 796
132 73
159 38
251 355
269 362
324 330
243 48
301 103
392 302
224 -144
430 326
240 -156
440 227
439 204
233 -246
415 67
631 469
440 51
686 469
574 267
716 476
355 -279
24 -724
109 -616
608 23
31 -724
150 -586
691 36
665 -7
840 187
409 -302
508 -270
394 -389
460 -355
858 -55
835 -211
620 -368
498 -459
620 -388
672 -405
372 -595
614 -491
257 -778
391 -757
34 -831
34
17 -152
-157 -29
-85 -51
-105 -29
9 -141
-141 72
-2 -124
-111 45
-42 -59
-71 -11
-76 18
5 -130
-63 1
-33 -39
-35 -23
-77 115
-39 18
-71 141
-53 89
-16 -11
-32 76
-5 -41
-29 104
-18 113
-1 59
39 128
40 -62
44 -55
60 -49
95 11
128 67
103 -2
159 14
126 -95
51
118 -258
-97 -244
-158 -226
-128 -187
-240 -116
-122 -156
31 -214
-150 -114
-147 -108
-287 9
-224 -21
-181 -43
-270 36
-170 -29
-105 -53
-103 -40
-189 59
-62 -63
-217 137
-108 20
-123 64
-115 120
-87 82
-121 163
-45 54
-112 258
-63 151
-7 155
-3 157
94 -165
66 -43
25 195
75 16
89 -4
67 237
106 -123
115 -58
113 196
118 -206
176 109
194 190
145 -99
194 -2
156 -153
208 -64
261 41
244 -14
220 -114
238 -90
167 -198
184 -193
54
237 -843
-361 -746
-46 -778
-312 -703
-577 -555
-700 -253
-549 -311
-405 -390
-477 -335
32 -659
-745 88
-349 -273
-365 -236
-473 -6
-782 369
-154 -336
-349 87
-446 269
34 -476
-516 698
-13 -327
-219 204
53 -347
-49 -37
-274 611
17 -59
-160 732
205 -661
15 480
114 48
65 747
178 -186
170 252
196 -64
215 635
237 158
241 216
304 369
329 105
397 172
491 686
486 412
510 106
597 390
677 489
712 -158
754 -107
854 32
574 -371
520 -509
730 -331
526 -584
543 -639
433 -740
27
-109 -320
-335 -107
-357 -66
-371 -42
-342 -62
-340 4
-325 -15
-203 -174
-258 -14
-292 192
-171 89
-187 260
-164 115
-129 341
-116 280
-36 334
14 312
-35 40
1 97
61 90
133 189
183 105
-5 -184
185 -138
362 -29
211 -171
285 -241
97
-114 -398
-276 -330
-323 -295
-288 -306
-378 -180
-328 -137
-215 -265
-358 -72
-260 -198
-198 -280
-395 69
-365 22
-378 45
-257 -134
-256 -133
-284 -12
-326 144
-276 32
-284 83
-339 245
-242 14
-280 215
-257 160
-283 319
-274 341
-181 -87
-222 163
-243 332
-136 -262
-217 273
-177 77
-156 -44
-124 -241
-135 378
-81 326
-88 172
-67 401
-65 174
-45 335
-82 -131
-7 389
12 341
21 390
-20 108
35 384
1 95
84 374
23 113
-28 -108
98 283
87 235
73 152
-8 -96
-50 -222
47 31
158 270
-13 -154
-67 -299
189 216
159 136
165 145
231 264
275 316
260 286
271 272
100 -50
326 266
313 242
314 229
1 -234
93 -138
171 -44
260 62
316 121
68 -189
230 -18
17 -266
362 55
174 -131
412 77
278 -56
96 -217
381 22
25 -286
420 29
-24 -329
417 9
330 -58
361 -52
232 -197
153 -246
287 -192
308 -222
74 -325
323 -260
310 -269
76 -391
11
-216 -762
-749 143
-299 -53
-103 253
70 -48
663 337
274 -156
713 268
759 -23
794 -212
509 -507
9
366 -199
48 -75
-92 -20
-264 244
-337 349
20 246
194 106
200 376
361 164
44
-44 -521
-178 -512
-183 -481
-282 -315
-509 -43
-295 -218
-404 1
-337 -64
-233 -217
-451 228
-264 -101
-398 261
-125 -317
-143 -262
-236 162
-140 -124
-156 94
-168 204
-175 373
-73 140
-64 522
-61 394
-40 482
-13 418
-21 118
-4 115
37 399
74 533
81 408
77 358
152 525
-13 -366
162 115
180 86
286 351
212 -101
441 246
400 116
46 -407
176 -323
545 -55
463 -189
9 -509
244 -475
49
-101 -725
-205 -676
-216 -653
-352 -476
-539 -267
-781 7
-652 -16
-389 -253
-587 122
-663 271
-668 295
-606 382
-186 -537
-502 167
-266 -312
-353 -10
-226 427
-141 204
-112 -342
-112 -89
-66 755
-49 584
37 377
77 565
11 -15
69 268
191 756
-96 -703
257 706
234 587
257 630
279 688
198 89
316 388
209 70
193 -79
289 81
392 260
433 249
516 316
619 375
519 110
326 -191
349 -250
598 -46
546 -240
650 -219
688 -253
359 -517
67
71 -577
-52 -563
-398 -407
-470 -319
-139 -450
61 -570
-288 -313
-106 -435
-468 -87
-344 -164
-533 35
-235 -208
-320 -104
-525 199
-258 -74
-371 103
-337 62
-430 227
-484 340
-172 -173
-374 184
-411 307
-296 131
-328 197
-223 23
-144 -136
-276 177
-298 424
-253 315
-277 410
-172 240
-119 381
-129 438
-131 539
18 -170
17 -113
-43 468
-7 157
17 4
-11 357
67 -480
146 445
170 184
133 -172
195 221
187 161
318 352
313 322
288 179
364 198
403 277
234 -182
326 36
381 138
489 311
414 118
472 212
160 -416
512 -4
214 -415
351 -262
467 -174
536 -105
264 -410
375 -357
378 -415
395 -439
50
-29 -170
-59 -162
-124 -114
-124 -86
-183 -27
-131 -71
-106 -76
-93 -73
-132 16
-69 -88
-154 93
-118 54
-140 113
-108 41
-93 32
-84 109
-70 49
-55 36
-39 -89
-45 11
-15 57
-5 155
-5 23
9 33
24 85
44 174
3 -22
45 46
60 80
2 -84
18 -48
96 146
88 118
103 126
85 47
7 -110
60 -31
84 4
84 0
150 68
90 -13
101 -14
114 -11
55 -93
108 -46
149 -42
144 -52
150 -58
81 -129
132 -116
47
-118 -667
-204 -637
-612 -234
-262 -528
-490 -256
-569 -62
-664 156
-335 -320
-384 -238
-614 170
-430 143
-476 381
-298 -104
-370 242
-264 185
-258 578
-154 122
-154 420
-53 637
-70 -13
4 198
66 443
59 244
132 538
-76 -469
50 -70
108 52
236 436
250 399
5 -364
215 141
137 -79
426 407
-9 -464
192 -99
509 378
464 200
162 -317
655 175
593 96
112 -462
475 -209
559 -166
34 -573
540 -319
591 -314
162 -554
91
194 -813
-127 -795
-280 -723
-681 -484
-640 -485
-351 -568
-524 -432
-798 -229
-407 -423
-519 -340
-812 -142
-683 -220
-277 -476
-857 -28
-799 39
-297 -357
-805 200
29 -645
-811 223
-789 244
-740 225
-191 -382
-700 231
-637 162
-673 250
-323 -168
-676 401
-636 365
-118 -368
-610 334
-626 368
-270 -136
-649 440
-382 147
-446 258
-330 72
-416 298
8 -464
74 -538
-303 377
-329 506
-279 489
-145 244
-304 797
-66 131
-80 282
68 -305
-73 459
141 -552
-104 678
-37 479
-57 597
-34 609
13 517
146 -369
84 223
86 295
162 193
157 568
161 602
195 329
270 782
230 -118
276 738
283 826
286 374
309 477
377 688
377 537
279 -348
500 643
430 302
425 -28
468 90
497 137
599 401
351 -352
463 -64
622 298
709 488
567 120
673 187
491 -220
249 -710
818 208
558 -300
717 -166
789 -147
814 -175
523 -511
463 -698
64
58 -164
-78 -126
-87 -115
-81 -115
-83 -106
-79 -92
-117 -51
-74 -76
-143 -22
-117 -35
-172 21
-151 10
-75 -52
-76 -49
-35 -78
29 -131
-71 -8
-22 -50
-100 65
-87 50
-43 -7
-82 68
-100 101
-15 -30
-38 18
-96 135
-89 133
-84 124
-30 40
8 -47
2 -27
-65 169
10 -33
28 -79
-18 52
-33 158
34 -48
29 -5
27 38
33 7
19 121
42 -13
39 53
41 56
36 127
64 78
63 19
70 12
72 40
89 133
69 -68
91 78
92 32
96 23
82 -76
92 -70
167 62
165 37
142 -9
126 -52
156 -82
111 -122
116 -126
110 -140
11
-158 -366
-187 -122
-48 430
-69 272
-48 393
-72 75
205 407
176 260
111 52
299 290
383 41
12
-62 -255
-163 131
-140 83
-127 42
-99 119
-35 12
-11 43
68 155
145 93
126 37
78 -50
78 -235
