14 13
588 679 880 705 575 453 323 522 838 985 415 687 127 496
58
35 -561
-126 -552
-79 -548
-242 -488
-478 -228
-297 -323
-311 -312
-523 -79
-495 -92
-549 -38
-510 75
-291 -91
-257 28
-337 261
-266 177
-269 358
-304 485
-103 -60
-4 -410
-201 522
-77 -40
-167 387
-160 481
-101 476
-66 422
-10 -18
21 -283
36 -531
67 133
79 273
80 165
110 374
116 392
147 518
93 -59
85 -259
119 -56
77 -346
163 73
223 197
300 439
233 156
243 164
244 79
274 75
391 372
338 102
438 309
224 -170
354 59
494 141
462 88
409 -91
196 -377
358 -192
223 -362
267 -420
361 -391
41
-38 -664
-181 -606
-302 -507
-184 -529
-329 -393
-515 -192
-530 -143
-615 237
-546 164
-546 262
-306 -165
-559 383
-309 -32
-468 519
-251 -43
-296 136
-293 365
-235 301
-143 -133
-187 174
-142 105
-34 -162
-14 -10
21 549
61 643
204 595
156 80
166 -132
418 459
325 220
449 478
365 122
485 306
414 156
351 8
415 12
85 -481
607 295
461 -60
257 -496
367 -536
27
-366 -740
-773 -306
-664 -362
-709 -142
-703 149
-579 351
-391 698
-377 349
-323 51
-41 714
-55 338
117 756
-93 71
-156 -316
-124 -252
340 156
609 218
183 -215
706 280
562 104
740 203
519 -93
230 -324
196 -362
359 -296
-69 -567
623 -394
43
-270 -591
-571 -233
-426 -398
-518 -208
-597 -67
-439 -317
-478 -165
-605 162
-432 -77
-278 -565
-443 316
-424 343
-339 74
-307 -172
-238 87
-219 344
-183 256
-120 225
-34 669
-18 284
-221 -438
215 494
190 347
231 427
203 190
311 251
493 464
111 -144
546 330
264 9
-65 -368
390 0
433 -10
222 -216
168 -271
120 -308
-153 -512
216 -265
559 -90
254 -380
24 -477
231 -537
190 -545
40
153 -426
-183 -376
-134 -342
-350 -96
-113 -240
-388 -12
11 -315
-366 17
-333 12
-5 -281
-55 -200
-53 -201
-109 -137
-66 -184
-15 -235
-205 7
-179 176
-146 193
-108 128
-129 325
-150 393
-26 77
23 -40
-84 366
-55 338
-38 296
11 114
-54 363
15 332
142 206
157 -370
212 386
226 354
256 371
267 351
240 -28
389 210
290 -174
419 29
264 -313
79
17 -575
-291 -474
-423 -398
-400 -396
-388 -351
-388 -350
-238 -399
-384 -265
-382 -260
-427 -186
-361 -213
-534 16
-327 -186
-281 -232
-384 3
-420 173
-256 0
-58 -410
-239 -8
-330 226
-244 36
-327 273
-358 355
-183 -38
-162 -37
-318 447
-172 11
-196 150
-201 179
-130 -58
-232 327
-80 -148
-197 510
-61 -159
-116 212
-143 546
-25 -239
-56 187
-13 -60
10 -201
32 62
91 540
35 -312
86 168
101 105
156 513
32 -469
194 436
194 279
157 44
59 -392
249 286
314 418
371 369
325 200
175 -236
393 222
158 -293
85 -442
311 -65
360 13
291 -114
278 -147
527 235
401 -29
510 112
371 -89
323 -158
425 -121
355 -208
468 -192
422 -238
447 -258
490 -240
238 -439
488 -308
111 -545
243 -519
158 -546
49
190 -460
23 -456
-282 -432
-244 -373
-346 -306
-160 -335
-114 -331
-362 -158
-489 -29
-428 -58
-259 -144
-26 -302
-319 -76
-342 -3
-479 134
110 -387
-306 10
-249 -31
-365 140
-124 -54
-132 -11
-18 -163
-234 251
-132 139
-133 146
-126 270
-100 376
-60 366
55 24
106 -66
173 -120
162 138
158 435
176 277
197 293
228 277
238 383
249 376
245 -84
211 -369
340 163
376 74
465 153
478 142
261 -322
454 -48
451 -85
243 -385
305 -313
36
42 -295
-235 -119
-229 -90
-54 -197
-74 -167
-264 49
-29 -193
-270 172
-251 164
-74 -112
-53 -137
-235 178
-119 26
22 -254
-73 -57
-145 105
-109 110
-21 -97
-73 116
-37 -5
-105 258
-64 220
6 100
15 88
32 298
93 -23
107 14
203 190
238 200
280 18
270 -49
309 -8
190 -164
145 -234
170 -220
162 -252
12
126 -779
-651 -666
-64 -677
-199 -368
-535 237
-210 -218
-405 149
-376 476
149 761
460 399
916 -291
560 -723
36
0 -383
-233 -300
-226 -299
-270 -273
-262 -143
-208 -167
-351 -14
-196 -115
-347 133
-154 -59
-226 176
-237 295
-73 -21
-110 269
-64 67
-28 -72
-56 321
-10 -164
-14 133
14 357
19 109
46 352
207 124
293 221
221 -3
155 -124
146 -150
285 61
374 176
189 -116
383 120
243 -77
372 -59
276 -150
188 -246
114 -324
38
-23 -762
-397 -566
-192 -607
-857 139
-659 13
-604 -37
-186 -522
-414 -121
-662 292
-513 295
-529 450
-580 577
-355 112
-437 550
-446 596
-328 630
-203 121
-304 643
-60 -447
-111 362
-121 752
-58 127
-11 -267
-5 -237
10 -79
170 298
-10 -715
362 503
354 348
125 -412
470 386
678 179
593 -276
452 -470
464 -471
765 -329
644 -564
518 -693
82
47 -474
-151 -450
-260 -383
-183 -399
-262 -366
36 -470
-344 -294
-362 -282
-203 -346
-460 -72
-318 -174
-390 -89
-249 -208
-258 -167
15 -440
-312 -87
-324 -21
-252 -103
-465 167
-151 -206
-101 -262
-42 -324
-150 -69
-245 212
-64 -212
-128 -56
-72 -186
-274 336
-258 312
-225 244
-262 358
-139 59
-37 -194
-207 442
-166 337
-190 430
-173 395
-137 429
-33 -20
-97 359
-37 210
16 -101
-11 445
42 452
47 194
66 262
65 -6
87 196
88 35
108 77
128 242
183 326
100 -236
222 295
163 1
249 121
229 -13
342 230
248 -20
344 181
392 261
244 -64
415 255
227 -118
385 191
317 56
162 -254
425 248
206 -198
273 -85
431 99
461 139
286 -167
431 -157
188 -368
232 -342
190 -384
217 -385
164 -423
278 -401
161 -438
250 -427
63
-29 -113
-81 -79
-108 -59
-121 -29
-36 -105
-91 -22
-87 -14
-108 23
-79 -26
-110 36
-95 10
-115 49
-111 50
-85 -1
-104 57
-68 -24
-45 -75
-85 52
-59 4
-49 -32
-66 70
-54 23
-58 69
-49 45
-39 47
-32 31
-27 115
-22 65
-17 99
-22 -62
-5 21
16 122
-11 -28
-9 -30
25 65
5 -6
20 38
51 86
54 62
36 10
81 90
77 38
72 29
7 -64
66 11
79 26
79 20
68 4
82 17
96 31
44 -34
111 29
86 -22
114 -9
117 -8
92 -27
120 -23
74 -56
83 -79
61 -91
16 -103
6 -106
31 -108
