72 59
148 838 589 756 154 847 424 364 942 400 369 376 982 599 100 545 935 155 435 706 155 755 825 180 931 886 369 833 433 591 916 778 429 801 831 780 648 551 441 886 851 710 261 833 605 262 377 836 614 108 541 669 160 662 749 387 844 414 516 574 906 432 648 631 529 775 410 473 326 751 359 473
71
51 -823
-312 -722
-156 -740
-489 -490
-399 -474
-715 -196
-475 -386
-277 -482
-370 -375
-556 -145
-769 278
-757 267
-753 317
-466 -80
-547 77
-348 -194
-99 -584
-362 -154
-326 -112
-509 559
-352 209
-455 479
-250 -35
-180 -150
-416 556
-201 -48
-173 -37
-320 708
-27 -444
-185 397
-90 -81
-67 122
21 -572
-61 476
-24 59
5 715
32 560
61 769
105 184
134 -138
236 665
245 671
305 606
250 271
330 505
157 -324
217 -70
81 -707
406 442
407 372
201 -394
467 363
527 527
487 298
464 179
380 -110
271 -377
508 -43
260 -474
666 105
496 -170
621 -4
712 115
591 -101
772 104
658 -63
790 -157
707 -372
430 -601
486 -583
474 -622
44
-55 -221
-118 -125
-194 35
-140 -44
-128 -46
-191 160
-154 120
-116 0
-131 96
-111 25
-124 141
-83 -73
-106 237
-56 193
-37 206
-38 83
-45 -72
-7 240
-4 160
11 211
-2 89
33 178
43 46
86 153
112 206
79 43
106 93
50 -18
160 184
110 15
186 59
182 52
83 -76
232 73
112 -81
106 -93
208 -15
239 -28
116 -118
67 -159
99 -149
-26 -209
81 -175
110 -192
24
-47 -565
-205 -550
-467 -400
-630 52
-523 91
-429 81
-88 -483
-409 281
-383 228
-397 453
-186 230
-116 -125
-177 330
-95 -227
-64 145
106 408
156 209
364 391
369 301
287 47
528 296
196 -331
544 -24
641 28
44
-271 -717
-411 -667
-530 -577
-766 -174
-705 115
-667 152
-620 124
-523 301
-344 -395
-479 304
-332 -392
-460 434
-417 579
-396 525
-382 455
-335 641
-286 -103
-252 -156
-197 780
-100 429
-183 -173
-94 340
92 255
241 381
443 664
90 -55
406 415
121 -152
572 414
-196 -617
124 -260
694 234
423 -58
347 -215
387 -201
169 -372
587 -48
368 -254
212 -390
589 -136
731 -126
775 -226
504 -418
297 -702
10
276 -728
-510 -614
-693 -140
-618 263
116 -526
247 -598
311 -224
399 645
522 -98
754 59
34
-3 -373
-275 -265
-439 -167
-314 -183
-454 -93
-214 -174
-378 157
-396 196
-326 120
-304 93
-289 70
-351 174
-209 -20
-368 262
-203 413
-9 -315
-42 377
-13 -139
15 254
77 208
109 423
113 216
141 255
44 -213
88 -82
225 331
240 314
99 -89
201 187
183 -8
180 -33
346 248
273 12
451 9
35
-144 -487
-439 -128
-385 -152
-291 -268
-354 100
-238 -48
-266 107
-235 84
-288 423
-225 82
-225 331
-150 -148
-129 229
-102 258
-91 -8
-25 521
102 455
115 216
-86 -344
266 353
30 -139
82 -102
317 189
239 33
439 171
139 -172
364 -101
142 -286
375 -155
307 -237
205 -297
505 -163
329 -316
20 -456
190 -453
87
-51 -770
-253 -708
-607 -534
-383 -577
-279 -578
-788 -144
-768 -132
-312 -532
-744 -90
-825 -10
-604 -226
-464 -350
-525 -268
-372 -413
-587 -142
-682 -23
-593 -8
-662 134
-634 181
-630 186
-596 136
-498 -9
-494 -4
-664 326
-696 405
-293 -267
-398 -41
-593 434
-387 5
-495 474
-536 590
-431 428
-202 -247
-207 -206
-353 343
-288 154
-336 466
-353 610
-223 271
-201 240
-175 305
-81 -505
-166 279
-222 797
-150 460
-92 385
-83 700
-56 377
-48 -403
-45 -252
-18 -159
49 475
48 293
149 605
173 696
109 180
239 624
70 -326
55 -416
397 621
98 -335
253 -88
540 408
472 262
599 464
492 256
357 -8
213 -296
392 24
628 337
417 -10
547 197
534 127
583 145
531 58
173 -494
474 -256
760 -1
541 -239
733 -173
676 -278
478 -453
34 -727
587 -472
446 -609
48 -753
251 -760
52
26 -100
-71 -79
-92 -37
-45 -51
-88 -18
-88 -14
-101 30
-84 18
-93 31
-67 3
-61 -1
-38 -27
-39 -20
-49 -1
-23 -35
-66 38
-9 -39
-31 12
-21 -2
-42 50
-38 54
10 -40
-2 14
-15 79
-12 68
-15 83
-17 105
9 60
8 71
26 -12
36 35
34 -52
51 34
38 -41
62 39
64 45
72 41
70 33
69 23
68 6
75 17
38 -74
44 -63
75 -6
64 -45
79 -24
97 -7
72 -44
83 -45
89 -42
69 -71
32 -96
49
-82 -345
-187 -318
-190 -310
-231 -267
-160 -297
-232 -223
-180 -256
-180 -233
-150 -235
-345 135
-222 -89
-178 -129
-265 94
-233 119
-115 -224
-165 -39
-178 56
-191 117
-162 318
-113 41
-103 58
-80 307
-74 245
-79 -290
-51 177
-67 -200
21 254
137 219
159 235
149 178
115 85
-51 -284
241 254
249 264
242 219
172 49
266 147
166 -21
284 129
277 26
242 -73
262 -165
161 -220
216 -196
109 -253
155 -249
118 -272
297 -227
252 -256
15
17 -374
-295 142
-172 -5
-175 505
-112 446
-101 541
38 326
37 -115
127 391
302 305
115 -149
409 304
347 60
244 -222
199 -255
45
-20 -154
-61 -128
-145 -65
-76 -109
-127 -67
-149 -47
-140 -45
-118 -61
-155 17
-143 15
-98 -37
-38 -125
-34 -131
-140 58
-111 47
-120 101
-50 -56
-86 86
-60 72
-44 -18
-62 105
-45 57
-15 8
-10 59
2 145
23 121
24 59
40 86
32 48
65 107
48 28
45 12
75 66
41 -27
118 101
71 10
104 -15
138 2
50 -91
156 -5
103 -68
8 -138
27 -129
57 -139
58 -142
6
-253 -487
-530 -60
-358 466
384 188
272 -153
511 -265
33
-70 -408
-147 -367
-140 -370
-133 -364
-390 -158
-378 -18
-297 -75
-178 -248
-316 144
-224 -30
-256 128
-159 -62
-196 362
-184 293
-21 227
27 391
-3 92
35 258
33 163
89 289
118 293
104 221
-35 -292
113 151
47 -212
315 96
166 -110
410 -4
184 -199
196 -233
135 -278
291 -273
312 -285
5
-220 -473
92 270
4 -4
37 -131
347 -283
23
-107 -528
-604 -354
-174 -470
-281 -318
-219 10
-306 637
-243 386
-124 182
-7 462
76 147
49 13
214 529
-3 -244
276 427
-71 -463
312 -96
319 -132
685 137
528 -7
503 -129
571 -315
318 -414
172 -520
79
-181 -853
-510 -597
-812 -206
-365 -664
-823 -106
-787 -131
-895 147
-702 -40
-572 -205
-455 -374
-583 -113
-534 -100
-692 385
-668 385
-493 -24
-455 -94
-628 406
-506 94
-643 563
-323 -376
-314 -335
-262 -536
-312 -312
-460 406
-265 -466
-252 -476
-417 479
-385 483
-283 331
-262 408
-176 845
-179 -530
-155 263
-108 709
-69 742
-79 593
-24 602
-62 168
18 808
-60 79
-61 70
-39 224
108 874
-80 -259
103 723
64 420
59 243
161 549
-96 -541
72 30
71 -72
159 165
314 258
416 448
201 -114
127 -287
619 526
69 -459
564 302
511 156
381 -79
320 -200
447 -137
419 -172
601 -20
897 81
477 -311
414 -384
715 -155
807 -85
683 -183
709 -184
376 -441
125 -628
401 -461
866 -212
313 -648
153 -763
15 -824
3
-225 -531
28 339
245 617
69
94 -756
-365 -677
-580 -620
-528 -532
-511 -508
-461 -504
-158 -628
-315 -519
-855 -83
-777 -119
-619 -148
-879 168
-598 -44
-829 247
-581 -16
-730 202
-284 -241
-287 -204
-674 435
30 -656
-489 242
-568 422
-540 504
-381 274
-164 -68
-322 365
-290 482
-318 594
-35 -305
-227 370
-92 -57
-167 238
-166 374
-207 677
-142 815
-96 612
-64 764
48 385
70 167
62 703
73 573
109 -349
156 455
138 80
237 474
225 132
375 772
325 499
202 -193
205 -228
429 742
309 111
465 644
534 724
245 -264
589 649
564 570
353 -79
601 475
231 -484
791 418
172 -651
509 -401
513 -464
373 -572
375 -594
495 -616
520 -610
260 -739
14
-187 -713
-813 102
-582 344
-307 -348
-361 47
-312 352
-166 610
295 767
368 711
9 -267
209 103
454 599
676 130
416 -560
49
-14 -153
-49 -147
-79 -117
-110 -99
-82 -108
-75 -101
-90 -83
-129 -15
-115 -25
-113 -19
-96 -39
-47 -59
-75 25
-85 60
-51 -20
-54 24
-45 34
-18 -73
-20 2
-20 79
-13 89
-10 17
-2 -12
1 -2
20 150
-6 -88
21 128
12 8
5 -52
32 18
8 -75
69 117
46 32
28 -59
103 67
98 42
96 30
84 -3
118 42
33 -95
149 13
126 -23
123 -39
123 -53
145 -38
56 -110
136 -72
130 -84
113 -102
49
-27 -361
-148 -310
-260 -258
-87 -334
-201 -152
-191 -97
-292 174
-144 -115
-139 -120
-190 120
-56 -239
-109 29
-105 18
-118 232
-62 -129
-45 -225
-85 121
-99 269
-91 256
-64 73
-62 50
-39 -132
-40 -89
-41 149
29 342
23 155
19 -74
10 -168
115 318
42 -32
85 147
147 298
100 20
65 -118
131 3
151 9
116 -129
318 182
240 32
222 -10
352 95
302 -8
198 -132
298 -122
57 -315
299 -198
223 -242
193 -285
130 -321
39
170 -473
-218 -235
-308 -167
-281 -171
-265 -178
-436 -41
-443 -22
-281 -113
-375 -19
-248 -100
-406 112
105 -405
-274 13
-277 106
-145 -56
-67 -118
-120 -37
-329 365
-227 216
61 -280
-9 169
-86 465
4 465
108 -42
131 359
178 243
175 -151
188 108
214 421
219 343
199 -70
242 321
353 345
292 34
392 300
298 -53
457 -7
479 -165
285 -361
43
-71 -606
-500 -269
-422 -265
-320 -317
-449 -163
-568 -8
-284 -328
-265 -349
-505 18
-586 290
-341 -91
-145 -435
-405 287
-324 251
-128 -324
-250 496
-189 137
-230 513
-220 519
-154 139
-115 186
-134 544
-69 433
52 597
9 51
126 487
109 345
153 296
107 -1
156 -6
388 505
279 172
230 55
170 -110
316 143
505 384
95 -383
597 85
410 -136
219 -325
418 -220
347 -307
405 -337
100
-320 -925
-531 -774
-901 -248
-792 -372
-973 -125
-818 -281
-889 -163
-774 -271
-758 -210
-553 -501
-866 162
-791 69
-876 387
-539 -368
-633 127
-769 588
-600 120
-697 555
-557 58
-532 -14
-670 601
-583 275
-403 -492
-459 -156
-409 -411
-484 65
-383 -543
-445 530
-440 498
-374 185
-324 -793
-328 -238
-338 735
-326 250
-311 -401
-310 -390
-251 224
-186 358
-104 665
-180 39
-62 642
3 827
-24 669
-59 310
60 485
79 536
-65 -81
196 780
-224 -617
245 869
28 172
297 840
158 348
-57 -244
194 319
371 680
23 -168
279 346
44 -167
44 -212
517 700
234 105
563 620
-229 -772
675 652
-115 -625
728 596
689 412
348 -61
74 -418
740 400
819 495
664 278
690 245
699 221
736 208
150 -427
407 -172
783 126
736 74
829 125
904 184
547 -142
826 80
638 -140
656 -149
775 -65
688 -151
963 24
434 -370
473 -445
911 -190
824 -279
-71 -785
489 -524
204 -705
442 -665
727 -622
39 -858
345 -843
45
-184 -837
-656 -593
-704 -209
-863 161
-332 -573
-733 196
-502 -169
-681 270
-568 57
-320 -491
-532 155
-384 -183
-493 306
-424 82
-488 472
-333 -6
-291 -109
-277 830
-198 637
-136 504
-117 856
12 442
-27 13
144 760
2 8
57 106
162 393
181 248
330 515
646 672
255 -50
245 -114
13 -538
185 -295
462 41
697 332
234 -357
814 252
417 -187
592 -38
793 -42
17 -699
455 -492
653 -461
427 -607
95
42 -463
-100 -460
-223 -398
-102 -391
-365 -256
-447 -118
-412 -124
-455 -70
-307 -186
-334 -148
-239 -226
-69 -365
-93 -335
-470 29
-137 -287
-259 -157
-20 -399
-223 -183
-408 26
-432 54
-344 -15
-424 103
-347 23
-356 63
-195 -102
-191 -85
-245 32
-261 74
-213 -7
-246 178
-4 -351
-230 232
-212 188
-66 -185
-203 285
-211 320
-83 -52
-189 336
-161 241
-160 373
-28 -152
-88 134
-75 92
-129 365
16 -326
-98 437
-17 -54
-20 20
22 -284
-21 266
35 -373
-2 325
9 192
11 208
16 200
25 20
38 -307
40 -379
25 432
42 -336
59 247
61 -149
115 331
69 -191
57 -315
131 154
203 375
191 310
215 258
161 -131
334 330
345 217
212 -87
139 -250
355 207
194 -160
195 -163
70 -412
151 -271
284 -42
285 -58
433 103
373 -13
201 -260
368 -95
238 -265
181 -339
289 -260
426 -166
343 -257
69 -446
340 -296
161 -400
207 -402
234 -394
87
12 -97
-25 -84
-21 -84
-59 -65
-44 -63
-74 -37
-45 -43
-56 -22
-74 7
-60 -2
-51 -7
-62 13
-32 -29
-70 30
-29 -32
-44 -4
-36 -17
-46 3
-58 28
-68 66
-41 11
2 -76
-11 -46
-52 46
-51 44
-55 58
-40 40
-49 69
-45 81
-17 4
-39 90
0 -52
-20 42
-15 23
-18 39
-19 59
-18 56
-4 -8
-17 82
6 -58
-9 51
-13 89
6 -52
1 12
8 -55
0 75
9 -43
11 -44
16 53
17 63
19 80
21 74
29 92
25 39
25 -1
35 54
20 -62
47 56
36 4
17 -77
54 64
52 48
50 29
59 53
59 40
21 -74
55 6
80 60
64 21
53 -7
29 -62
55 -9
71 11
54 -27
68 -11
94 28
93 24
76 -9
97 8
68 -30
78 -20
86 -15
72 -39
69 -45
78 -47
64 -66
31 -93
87
2 -250
-137 -178
-148 -155
-238 -96
-216 -102
-210 -55
-226 -25
-173 -67
-192 -41
-63 -179
-195 -25
-198 1
-235 50
-100 -103
-203 52
-168 19
-156 8
-117 -46
-189 161
-157 98
-50 -131
-45 -136
-143 138
-44 -107
-123 141
-131 177
-117 136
-44 -66
-55 -3
-51 14
-67 140
-68 186
-48 166
-24 14
-33 133
-17 -4
1 -122
2 -103
7 143
8 122
27 238
20 41
35 254
36 197
39 201
40 115
50 182
48 144
54 160
21 -110
36 -40
28 -95
26 -109
87 231
105 238
114 222
83 72
70 8
89 21
5 -241
61 -77
151 160
152 143
124 2
90 -76
186 74
177 42
168 16
228 97
137 -44
73 -152
26 -218
95 -131
236 41
150 -72
92 -152
189 -104
9 -245
174 -140
102 -190
58 -221
176 -174
188 -177
69 -226
140 -201
106 -221
46 -241
84
238 -617
-382 -553
-189 -569
-500 -404
-240 -456
-491 -365
-608 -321
-45 -509
-609 -228
-505 -226
-323 -313
-134 -408
-397 -248
-241 -327
-650 -40
-355 -51
-336 -49
-356 -29
-517 143
-2 -362
-522 229
-501 260
-297 75
-68 -219
-454 364
-419 326
-246 112
-75 -140
-168 79
-136 102
-258 367
-312 574
-274 512
-283 549
5 -65
-61 92
56 -185
-27 79
-84 270
-197 583
-126 495
4 113
-17 180
-59 351
1 285
172 -358
-91 679
48 457
41 520
137 289
225 -479
167 343
201 0
230 119
249 -240
258 44
253 -335
305 337
342 462
330 294
297 -141
392 531
402 470
285 -316
495 446
383 -43
493 308
373 -148
391 -233
533 73
476 -94
430 -271
481 -192
593 -5
396 -347
437 -306
403 -363
626 -67
492 -317
665 -135
435 -398
451 -477
532 -446
265 -615
24
83 -710
-661 -359
-358 -425
-494 0
-426 196
-476 684
-311 275
-202 336
-42 39
21 -281
-64 379
-103 780
68 290
119 739
166 775
233 179
286 346
356 545
370 331
325 102
345 -174
620 179
657 140
720 -15
31
-226 -312
-461 5
-442 113
-358 4
-399 156
-259 169
-249 296
-232 297
-211 484
-218 -164
-197 186
-160 504
-166 368
-188 -132
14 304
92 420
119 317
19 13
268 331
146 147
-107 -166
295 279
-217 -303
-194 -284
450 175
290 9
104 -162
-109 -270
98 -203
461 -81
429 -174
36
227 -684
-87 -668
-37 -644
-474 -575
-492 -531
-520 -281
-651 -171
-420 -290
94 -602
-722 -14
-715 183
-707 180
-421 -2
-541 164
-585 308
196 -633
-404 359
46 -310
-253 360
-335 628
-165 313
-85 168
142 -436
-2 428
102 417
91 555
143 583
187 71
254 495
254 318
347 636
361 379
423 401
519 458
543 32
255 -683
33
-93 -250
-131 -237
-363 -96
-289 -94
-275 102
-256 86
-277 154
-236 94
-234 126
-275 267
-157 -30
-226 229
-161 65
-136 183
-151 335
-106 218
-105 183
-76 289
-8 296
-80 -178
7 176
-28 8
80 225
67 150
96 179
28 -1
63 45
162 228
190 203
92 -71
173 -3
333 -24
224 -135
44
-9 -406
-259 -315
-195 -327
-173 -329
-218 -221
-259 -165
-95 -323
-240 -149
-170 -206
-185 -141
-361 174
-226 -15
-236 89
-185 43
-246 248
-213 283
-161 199
-119 215
-73 91
-82 299
-39 209
-37 290
-33 202
-13 199
45 268
122 370
43 -113
87 -25
172 173
206 251
222 288
167 78
137 -50
163 -110
44 -315
119 -202
120 -203
210 -73
60 -306
277 -98
187 -204
221 -198
303 -217
320 -258
89
65 -716
-219 -673
-246 -615
-17 -677
-304 -530
-261 -544
-24 -663
-377 -413
-687 -171
-404 -365
-378 -380
-131 -550
-708 -51
-159 -506
-140 -521
-588 -61
-731 96
-724 100
-202 -431
-496 -39
-502 -29
-221 -362
-381 -162
-708 251
-604 179
-94 -486
-667 354
-252 -240
-490 121
-627 344
-172 -349
-622 350
-160 -352
-489 182
-611 389
-39 -535
-546 397
-430 202
-398 178
-411 347
-469 501
43 -661
-367 583
-287 403
-215 196
-231 294
-192 252
-58 -236
-160 208
-61 -188
-59 -112
-181 489
-80 282
18 -278
-59 514
-34 734
63 113
69 273
69 -274
99 173
108 -7
149 472
108 -136
159 443
205 697
100 -456
251 501
228 302
274 478
345 603
201 -178
242 -61
354 219
298 -34
317 -34
185 -392
488 425
282 -159
465 180
574 326
532 62
625 186
609 159
558 64
661 32
643 -196
250 -578
599 -366
322 -586
60
109 -511
-179 -498
-520 -293
-79 -436
-140 -407
-552 -105
-63 -392
-479 -84
-510 -14
-501 -13
-408 -58
-260 -179
-381 -67
-546 109
-390 -31
-213 -101
-87 -260
-306 67
-477 341
-210 -12
-160 -7
-114 -90
-165 146
-241 346
-117 77
-102 102
-240 506
-224 470
-190 380
-92 162
-48 78
105 -495
56 -234
-76 542
17 273
24 346
58 68
24 477
52 228
80 34
87 115
81 417
106 225
123 472
180 278
197 64
219 -18
265 162
274 175
248 48
371 464
417 394
224 -293
229 -284
534 246
422 -66
509 -24
590 56
411 -206
513 -252
20
283 -824
-403 -767
-102 -776
-76 -670
-793 -362
26 -698
-683 -315
-778 -57
-46 -560
-921 151
-710 180
-580 107
-425 46
-721 490
-529 686
256 -396
393 733
471 607
433 58
681 -166
59
-145 -762
-648 -423
-659 -384
-728 -244
-587 -221
-426 -325
-585 -46
-502 -164
-678 189
-613 272
-301 -405
-600 417
-511 333
-475 287
-405 169
-367 373
-316 124
-237 -181
-213 -116
-216 65
-206 35
-212 227
-162 -466
-203 492
-156 -322
-148 106
-136 344
-114 145
-58 437
-41 640
-16 483
49 368
117 536
156 699
224 557
116 91
57 -153
215 236
183 130
407 604
148 -55
344 382
434 566
203 -15
223 -136
449 246
610 486
204 -199
316 -52
437 -23
76 -482
353 -140
235 -334
658 -162
-21 -671
756 -158
444 -441
546 -398
78 -736
58
-339 -757
-437 -682
-607 -466
-413 -676
-585 -470
-615 -271
-782 41
-559 -307
-560 -122
-588 172
-529 1
-528 357
-467 207
-505 652
-479 504
-352 -638
-374 -385
-413 412
-341 -711
-353 -182
-336 394
-325 -19
-320 -504
-307 -416
-118 487
-22 514
-275 -547
-308 -659
141 592
159 638
36 293
-37 77
-41 -94
343 525
383 514
348 413
440 504
24 -190
462 417
84 -143
438 337
209 10
-108 -443
491 355
289 -24
-107 -493
209 -138
632 178
397 -50
544 89
80 -358
181 -381
702 -215
569 -317
688 -331
652 -368
519 -570
177 -732
5
-7 -219
-83 114
-36 57
224 113
78 -154
79
-44 -353
-147 -283
-281 -191
-273 -143
-288 -100
-295 -89
-170 -214
-151 -219
-76 -311
-322 31
-285 33
-126 -219
-266 10
-252 -2
-211 -54
-274 89
-245 87
-229 86
-233 181
-204 187
-122 -77
-123 -29
-136 167
-119 136
-91 -43
-114 152
-112 150
-61 -182
-97 318
-71 7
-72 338
-64 204
-53 -51
-57 119
-48 -186
-41 70
0 216
24 296
25 149
62 339
76 255
43 54
78 204
47 41
97 245
58 79
38 -60
-2 -233
90 9
99 9
195 188
171 116
154 73
-2 -264
239 240
155 54
228 153
34 -214
125 -59
136 -64
259 132
147 -52
197 20
259 85
264 91
268 89
189 -28
273 33
116 -167
268 -8
253 -36
262 -79
175 -190
330 -85
86 -263
288 -139
84 -285
152 -262
167 -285
34
-228 -315
-421 88
-365 132
-371 211
-340 203
-326 140
-213 210
-170 335
-124 408
-102 328
-52 363
-107 113
-21 412
1 429
-44 113
55 324
-8 107
-47 17
28 148
-10 18
50 63
-124 -175
254 284
138 130
233 186
215 136
302 217
268 110
-75 -194
311 58
249 -49
278 -116
116 -256
-123 -311
15
-271 -230
-262 102
-227 -21
-167 202
-180 123
-187 -57
-115 73
127 289
130 284
-60 14
-36 -41
-176 -157
308 162
106 -2
-182 -197
51
-47 -813
-335 -690
-641 -523
-289 -691
-755 -311
-343 -550
-701 -229
-855 -49
-427 -427
-460 -379
-702 -12
-709 96
-479 69
-364 -114
-475 251
-155 -402
-271 379
-140 -318
-292 700
-275 720
-219 580
-226 823
-116 -68
-80 -315
-67 344
-56 -268
-26 710
0 702
-35 -629
98 570
94 299
95 259
140 550
250 810
217 468
221 263
333 571
151 -116
69 -476
447 483
262 -129
343 -19
425 144
422 23
601 295
326 -445
716 -143
455 -518
526 -520
427 -682
185 -800
44
3 -176
-101 -104
-106 -95
-158 -6
-162 5
-7 -163
-141 57
-111 57
-133 121
-122 122
-99 124
-82 148
-62 81
-52 48
-64 103
-9 -36
-20 105
-6 -39
21 22
29 0
61 153
32 -32
46 12
73 96
81 108
53 5
76 86
79 96
67 51
90 127
108 120
140 94
109 18
50 -97
120 15
39 -119
57 -93
143 32
125 -20
176 21
109 -91
163 -65
135 -86
163 -67
49
-158 -639
-341 -517
-445 -432
-409 -444
-556 -328
-475 -345
-510 -306
-526 -177
-495 -192
-532 79
-552 220
-286 -46
-328 184
-244 -122
-199 -97
-206 230
-170 -392
-161 -239
-105 326
-138 -345
57 446
95 579
112 426
109 244
70 96
71 62
252 583
61 -89
307 452
50 -152
-64 -419
-57 -445
407 415
478 436
82 -268
449 281
491 264
139 -305
351 -70
179 -267
407 -68
381 -112
130 -421
493 -158
569 -168
112 -479
450 -295
88 -533
267 -505
93
-84 -608
-406 -376
-443 -323
-358 -387
-520 -211
-349 -299
-594 27
-356 -269
-323 -309
-587 80
-522 69
-238 -337
-324 -151
-326 -127
-424 86
-459 239
-403 114
-432 263
-434 282
-354 126
-168 -370
-253 -103
-412 394
-378 383
-342 306
-323 321
-196 -149
-282 521
-237 314
-124 -238
-177 410
-138 32
-114 -91
-140 407
-133 348
-86 -502
-86 436
-32 552
-42 244
-32 387
24 600
45 482
47 379
52 383
66 322
148 552
135 450
41 -28
41 -97
78 2
220 409
208 253
63 -197
349 324
260 119
422 370
276 60
459 343
420 259
268 -4
174 -181
185 -174
422 208
316 -11
215 -171
432 103
405 31
496 131
499 122
520 132
574 140
196 -291
-1 -525
586 -13
287 -280
315 -256
220 -342
199 -368
166 -410
217 -371
354 -268
121 -451
520 -175
148 -442
290 -359
448 -281
475 -277
187 -466
264 -476
300 -475
228 -516
129 -554
117 -583
65
-33 -316
-159 -280
-151 -277
-221 -233
-210 -178
-335 -53
-158 -173
-259 -24
-175 -128
-313 94
-266 46
-41 -298
-153 -1
-117 -94
-140 4
-221 253
-82 -117
-49 -228
-74 -79
-112 311
-85 218
-37 -251
-73 363
-63 314
-42 49
-29 5
-25 -148
-24 -221
21 174
20 -19
65 168
47 54
122 215
90 100
133 182
157 251
175 260
162 185
179 200
3 -230
138 61
197 162
244 232
162 45
207 128
141 -5
186 60
149 -34
158 -49
263 74
222 10
195 -34
241 -6
223 -57
295 0
170 -129
345 21
129 -195
244 -146
210 -190
221 -205
200 -264
235 -265
22 -312
21 -314
24
119 -611
19 -609
-360 -475
-549 -219
-315 -348
-495 319
-278 78
49 -319
28 -130
23 120
56 47
107 -306
94 163
101 180
125 609
171 376
184 535
181 478
152 -295
200 -136
212 -308
360 44
556 237
317 -535
90
-126 -416
-169 -396
-261 -353
-319 -285
-292 -303
-215 -328
-351 -116
-430 -7
-161 -358
-281 -159
-320 -24
-263 -122
-304 -29
-359 92
-368 114
-360 197
-324 207
-219 -49
-201 -109
-231 28
-227 69
-202 -46
-240 316
-199 279
-182 164
-128 -381
-156 115
-161 206
-162 368
-141 3
-123 74
-104 32
-80 267
-65 221
-54 253
-36 406
-68 28
15 324
-34 -41
60 296
-1 -39
146 365
147 361
77 136
72 66
39 -48
195 288
-19 -186
216 268
-23 -216
265 333
105 -6
292 323
271 252
249 200
84 -103
284 130
298 138
280 97
355 189
359 153
214 -43
193 -80
317 27
362 67
350 53
407 54
-85 -380
216 -116
224 -114
335 -38
129 -213
137 -220
396 -33
303 -112
350 -102
113 -268
221 -203
-58 -376
243 -201
332 -156
176 -245
275 -207
340 -210
187 -280
60 -346
270 -268
18 -388
125 -382
152 -409
81
106 -414
-276 -331
-160 -342
-157 -312
-299 -209
-76 -315
-71 -296
-186 -219
-425 -39
-428 -2
-365 -27
-305 -74
-44 -281
-169 -137
-309 17
-211 -80
-379 132
-148 -94
-189 -42
-308 129
-25 -222
-323 270
-211 158
-251 239
-192 134
-268 303
-225 224
-241 280
-235 274
-132 111
-227 333
-4 -162
-133 151
5 -159
-124 168
-175 393
60 -241
-49 223
-51 258
-35 381
-5 252
24 102
-17 364
1 320
-6 424
82 -218
12 405
59 344
73 397
87 55
82 389
100 241
107 -26
115 264
117 206
112 -145
129 281
123 -49
149 379
153 337
148 -82
153 -228
267 174
197 -91
253 101
225 2
280 184
302 217
151 -294
278 27
200 -254
414 108
253 -176
417 58
226 -238
132 -380
367 -108
409 -67
347 -169
355 -187
267 -300
72
-138 -547
-232 -495
-429 -354
-248 -447
-537 -83
-463 -121
-526 135
-286 -266
-411 -13
-463 112
-321 -122
-448 220
-264 -201
-248 -244
-331 5
-336 271
-217 -195
-214 -201
-332 415
-306 311
-308 371
-271 190
-197 -166
-224 162
-223 228
-144 -452
-171 121
-121 281
-90 71
-95 -88
-91 -213
12 517
10 485
-12 313
-49 42
16 342
25 314
50 439
57 389
41 232
-20 -118
89 236
-5 -95
161 456
49 58
101 225
38 -20
157 264
243 330
308 448
107 -41
64 -130
222 140
75 -185
283 152
215 -22
292 65
357 134
310 46
360 -73
34 -384
419 -32
360 -183
350 -205
188 -353
419 -229
340 -297
501 -215
382 -304
-30 -499
151 -455
104 -488
60
153 -740
-241 -425
-451 -252
-673 -58
-98 -517
-749 74
-203 -408
-170 -425
-699 100
-579 5
-442 -87
-327 -185
-694 297
-476 134
-511 368
-425 225
-544 436
-147 -205
-286 108
-319 183
-377 428
-444 577
-49 -284
-134 -4
-352 684
-185 294
-162 241
-87 245
-102 439
-154 739
91 -420
50 -108
-3 569
22 632
89 -47
29 663
104 352
141 -379
159 -87
199 55
227 197
340 646
225 -275
208 -487
335 26
334 -77
456 368
497 61
535 4
648 135
591 -7
343 -474
448 -342
651 -69
682 -63
503 -349
422 -466
237 -655
645 -295
599 -390
84
10 -837
-602 -586
-632 -517
-222 -693
-563 -477
-257 -636
-236 -628
-667 -176
-771 -44
-356 -463
-800 101
-713 63
-154 -613
-449 -202
-579 122
-512 208
-511 246
-620 530
-252 -229
-372 119
-288 46
-254 -1
-324 278
-335 406
-326 385
-312 542
-283 444
-269 507
-284 746
-251 591
-232 568
-169 293
-106 -84
-35 -196
-77 483
-97 804
-48 237
-66 669
-24 403
-9 23
23 473
83 375
43 -331
86 192
66 -120
159 832
69 -220
99 -47
106 -72
199 645
111 -186
318 735
363 694
165 -169
384 463
218 -126
310 173
379 294
294 -103
480 367
349 -5
493 297
530 368
301 -203
629 507
185 -476
658 460
608 296
329 -283
489 -80
453 -159
713 120
656 -29
677 -18
543 -195
779 62
738 -227
581 -378
692 -404
602 -466
416 -602
607 -537
541 -604
529 -623
46
117 -581
-354 -438
-93 -516
-311 -430
-235 -438
-148 -329
-431 -23
-335 -117
-343 -106
-217 -234
-124 -292
-512 187
-247 -105
-54 -332
-461 288
-18 -368
-130 -179
-259 290
-162 114
-165 278
-81 44
-2 -189
-143 295
-99 203
-146 522
-38 107
45 -214
-95 522
43 147
18 427
114 534
145 134
175 517
158 180
171 170
170 -228
217 -3
244 -161
272 -69
269 -80
340 111
462 316
414 -16
472 77
389 -184
527 -290
75
-270 -469
-385 -371
-441 -301
-485 -193
-446 -232
-478 -80
-465 -70
-519 154
-338 -294
-459 67
-402 41
-405 176
-388 219
-378 296
-320 -72
-285 -343
-326 9
-306 355
-273 434
-266 48
-266 -100
-248 389
-240 80
-205 500
-185 503
-242 -180
-99 340
-120 197
-126 127
-240 -354
-13 406
26 468
6 380
-142 -123
20 279
-4 141
-24 84
152 397
89 131
206 237
289 356
-140 -280
-69 -185
181 115
-45 -227
453 299
411 252
118 -75
401 208
388 178
274 15
52 -185
151 -112
377 60
-127 -357
427 0
130 -219
34 -288
453 -41
464 -37
-14 -350
424 -149
474 -133
392 -203
455 -187
294 -255
359 -237
399 -240
173 -350
390 -295
195 -362
364 -324
390 -353
-92 -454
22 -448
9
-67 -94
-94 91
-35 43
-37 -1
49 143
31 88
14 -10
27 -76
99 -92
82
-99 -744
-204 -714
-249 -688
-512 -457
-616 -336
-527 -320
-457 -385
-548 -225
-403 -392
-425 -329
-470 -194
-428 -234
-600 329
-465 52
-391 -65
-584 411
-434 80
-277 -271
-460 359
-483 492
-467 454
-230 -134
-279 404
-134 -500
-165 -38
-195 298
-195 400
-111 -558
-140 184
-163 719
-152 690
-137 418
-129 389
-121 520
-110 161
-85 190
-57 230
-80 -442
-91 -621
-2 700
-14 -32
32 319
76 488
39 46
169 653
200 598
218 658
186 482
188 443
175 370
316 507
404 657
163 -22
225 120
157 -87
9 -479
278 181
-18 -547
426 287
-18 -592
197 -197
112 -363
64 -450
496 295
553 293
520 179
446 33
644 210
405 -115
714 254
601 99
622 111
566 -23
681 -96
560 -348
721 -285
637 -440
478 -506
468 -529
397 -573
402 -666
149 -744
