53 43
600 702 277 945 189 413 330 495 688 343 420 849 300 744 566 325 636 965 589 268 253 725 794 266 762 536 684 841 604 404 300 501 403 774 445 492 483 675 887 170 918 306 315 514 347 781 136 279 745 922 744 295 646
29
-343 -643
-623 -349
-570 -175
-647 130
-407 -424
-367 -511
-313 104
-298 387
-198 649
-186 423
-276 -212
-36 627
-123 175
-136 14
-49 81
102 435
-126 -198
114 45
342 376
-96 -286
372 241
601 296
517 -1
264 -202
78 -420
476 -245
542 -279
199 -512
281 -564
9
339 -482
-819 30
-604 -46
-718 540
-667 540
-317 606
66 -19
-168 855
159 378
62
-417 -806
-537 -740
-856 -115
-704 -269
-752 -116
-877 142
-650 -42
-535 219
-441 365
-411 388
-404 376
-398 614
-317 729
-291 213
-244 357
-191 690
-261 106
-201 413
-342 -453
-176 124
20 842
-275 -318
68 791
25 602
-101 129
130 757
196 863
266 837
122 461
271 785
326 818
213 488
358 784
14 71
-38 -36
113 148
443 574
351 367
678 624
204 -11
163 -109
536 280
429 110
739 243
873 148
796 47
45 -514
525 -213
398 -410
676 -311
620 -406
400 -496
651 -401
649 -443
733 -454
375 -584
644 -559
-243 -778
-247 -780
89 -735
548 -694
-93 -790
53
181 -799
-417 -478
-469 -412
-373 -457
-233 -452
-381 -267
-704 116
-546 117
-573 331
-277 -45
-493 458
-273 147
24 -444
-101 -121
-436 690
-329 606
-99 -20
-76 -6
-317 740
-277 681
-230 595
-117 262
6 -156
-128 593
-71 343
-134 825
56 -20
50 252
62 267
105 -43
90 614
135 67
128 311
327 665
309 179
295 -312
371 -62
332 -287
342 -351
425 -179
375 -323
708 456
633 271
665 314
740 303
521 -188
550 -167
779 -37
830 5
691 -189
512 -567
464 -608
683 -494
34
-105 -323
-281 -108
-305 -30
-254 0
-254 69
-225 40
-149 -173
-151 7
-175 205
-146 75
-92 226
-85 -208
30 325
11 183
-61 -140
33 165
71 116
131 181
125 168
111 128
215 159
227 149
122 -2
15 -156
240 130
172 19
105 -102
236 2
217 -68
307 0
194 -130
244 -216
245 -221
27 -319
100
-31 -301
-146 -258
-215 -192
-296 -95
-305 -58
-254 -68
-156 -167
-129 -189
-150 -147
-266 7
-115 -189
-237 3
-190 -46
-194 48
-128 -70
-220 198
-170 76
-201 214
-151 66
-116 16
-150 180
-146 183
-87 -48
-122 153
-138 293
-77 -41
-107 185
-88 72
-49 -175
-37 -248
-93 278
-55 64
-50 6
-60 280
-50 198
-39 -89
-27 8
-25 -109
-19 76
-12 226
-23 -192
-9 -18
11 232
14 130
21 175
53 262
5 -61
61 276
11 -46
49 151
73 261
16 -87
50 24
96 191
112 234
75 65
148 279
108 123
113 124
116 78
166 205
55 -106
201 189
224 226
111 -8
42 -156
110 -22
160 68
175 83
238 194
213 130
27 -205
171 31
-23 -288
247 138
83 -121
182 27
134 -50
161 -26
120 -97
201 9
243 43
86 -156
205 -13
313 40
170 -128
216 -106
305 -54
309 -70
226 -136
250 -130
41 -260
89 -244
119 -231
218 -198
114 -246
125 -247
189 -228
101 -267
1 -299
72
-83 -670
-469 -521
-480 -467
-518 -407
-290 -544
-174 -612
-608 -236
-720 -108
-544 -207
-732 -6
-474 -244
-566 -131
-490 -200
-668 15
-321 -336
-472 -32
-509 38
-414 -36
-537 218
-462 114
-315 -181
-265 -233
-492 327
-396 341
-382 395
-341 295
-254 -8
-323 300
-336 429
-293 259
-202 59
-153 -211
-115 -402
-211 409
-230 653
-105 487
-74 424
-23 409
-10 374
-22 -29
47 515
230 672
53 -139
159 136
13 -379
183 14
251 123
178 -103
410 391
473 416
356 163
547 494
407 209
-7 -534
318 -5
142 -297
531 252
358 -48
213 -263
439 -100
569 -32
428 -206
537 -111
309 -353
737 -47
-22 -627
702 -289
554 -374
368 -534
410 -542
415 -551
423 -571
66
19 -261
-144 -208
-206 -145
-180 -153
-127 -162
-148 -135
-159 -97
-264 13
-255 11
-107 -134
-59 -179
-70 -164
-166 -26
-242 94
-63 -141
-194 57
-171 61
-185 114
-162 112
-95 -21
-186 185
-150 125
-79 -37
-127 93
-82 11
-140 184
-116 145
-21 -126
-121 224
-57 54
-92 219
12 -221
-23 -2
-29 93
-37 161
-33 179
-11 61
-5 166
13 -94
11 63
42 137
51 199
54 -57
95 75
48 -138
48 -175
68 -124
97 -45
169 130
179 97
94 -96
216 154
216 121
167 -2
244 77
238 13
136 -115
188 -75
228 -35
239 -34
156 -144
71 -217
232 -81
112 -193
76 -226
70 -233
16
-189 -547
-741 105
-609 89
-590 129
-242 106
-138 628
165 354
182 387
73 -65
93 -80
312 152
358 49
567 250
549 -28
188 -298
531 -151
24
-173 -606
-314 -459
-366 -264
-286 -288
-308 -176
-365 571
-271 300
-234 455
-188 160
-143 -336
-11 186
-41 -112
104 179
179 213
496 448
380 205
539 394
173 -148
436 80
464 99
362 -68
511 47
411 -110
453 -504
37
184 -595
-549 -387
-357 -372
-602 -231
-188 -400
-200 -384
-571 -60
-700 238
-430 41
-605 293
-466 185
-578 383
-195 -100
-546 485
-277 160
-360 340
-214 98
-121 22
-320 522
126 -462
-127 162
-230 574
13 1
-29 177
113 -334
-15 336
-15 535
133 -101
86 576
131 39
199 -91
413 -38
398 -95
571 184
520 17
331 -424
529 -274
62
-58 -381
-174 -345
-124 -330
-326 -125
-398 -42
-393 -34
-231 -165
-337 -7
-355 39
-295 -39
-334 74
-141 -242
-253 -30
-241 -47
-310 96
-294 102
-308 232
-138 -133
-198 159
-209 254
-94 -193
-170 221
-156 355
-98 84
-81 79
-86 263
-79 318
-66 189
-61 -73
-63 243
-47 27
-38 -36
-33 -129
17 343
-44 -252
-9 68
30 328
41 262
37 206
33 53
104 375
42 -64
18 -143
1 -199
95 84
175 311
44 -128
30 -175
239 282
219 52
227 55
192 -21
194 -61
277 10
242 -108
162 -193
284 -127
372 -64
286 -171
181 -299
66 -344
210 -323
4
568 328
-116 377
40 694
371 699
43
-278 -649
-604 -360
-651 25
-543 18
-631 268
-505 -59
-418 -278
-422 -266
-506 269
-471 172
-439 484
-402 325
-318 10
-301 -195
-237 638
-245 278
-223 189
-146 547
-135 376
-89 613
-101 315
-142 26
-64 386
-131 -39
-8 403
38 553
-173 -266
36 275
19 192
83 3
218 221
345 137
515 323
229 -237
430 -143
539 -121
325 -289
218 -362
469 -218
81 -495
310 -477
485 -452
533 -489
41
-86 -873
-507 -724
-423 -646
-812 -328
-777 -347
-674 -373
-498 -493
-557 -329
-656 -141
-238 -652
-799 220
-544 386
-561 443
-295 -218
-381 56
-320 338
-299 700
-216 187
-241 614
-106 -114
-111 761
-94 -167
-93 -148
-88 -108
-74 -731
62 759
116 720
118 654
200 753
128 283
167 127
306 314
200 -274
255 -256
113 -515
670 458
53 -661
585 -163
657 -395
606 -429
655 -520
31
64 -158
-54 -157
-137 -102
-102 -106
-99 -101
-138 -87
-56 -104
7 -125
-164 62
-105 8
-83 29
-71 17
-85 51
-130 115
-101 120
-55 96
-62 112
33 -35
23 13
16 56
46 150
50 154
61 91
63 -6
75 -33
106 73
114 111
113 -7
87 -96
145 4
128 -77
82
42 -403
-5 -399
-270 -305
-279 -294
-247 -286
-181 -297
-67 -347
-312 -203
-250 -225
-291 -193
-232 -211
-267 -174
-360 -60
-283 -109
-269 -112
-125 -230
-385 54
-217 -122
-93 -243
-382 146
-197 -85
-319 85
-19 -317
-291 74
-201 -22
-200 -20
-332 245
-180 22
-161 16
-276 263
-265 279
-250 260
-152 66
-134 27
-87 -64
-175 191
-132 83
32 -374
6 -279
-90 87
-136 310
-59 319
-28 128
-9 -8
-54 382
22 -236
-20 179
4 161
22 139
25 181
27 259
36 7
49 68
59 394
65 280
67 216
74 316
68 -74
60 -194
80 -26
87 -17
72 -152
117 -80
214 336
168 92
174 -31
235 80
242 67
176 -142
323 113
274 21
348 106
171 -195
371 56
273 -133
414 -31
367 -118
341 -155
221 -287
351 -207
149 -355
182 -377
84
35 -590
-519 -273
-509 -272
-320 -382
-447 -298
-462 -153
-557 -38
-379 -176
-402 -138
-531 4
-209 -328
-357 -160
-545 60
-408 -35
-337 -104
-456 90
-348 3
-386 69
-333 70
-404 229
-379 222
-312 122
-421 391
-422 414
-112 -265
-368 317
-314 212
-150 -160
-109 -244
-98 -266
-137 -166
-211 44
-360 439
-295 298
-251 183
-282 289
-117 -132
-252 350
-186 236
-78 -124
-70 -100
-26 -262
-142 475
-48 -64
-106 360
-75 379
-43 108
-51 183
-73 576
-1 -133
-18 384
61 465
65 -19
116 343
194 497
172 320
190 367
204 413
179 210
293 518
224 47
341 433
283 101
397 280
445 389
132 -361
403 262
124 -393
391 123
417 166
427 167
186 -332
324 -154
244 -277
343 -226
255 -361
266 -350
103 -521
544 -105
405 -245
547 -168
348 -336
332 -445
96 -588
45
6 -227
-108 -216
-163 -178
-249 -151
-183 -166
-233 -68
-128 -121
-44 -162
-1 -212
-83 -26
-129 111
-127 110
-80 -4
-74 59
-107 203
-47 -6
-53 191
-42 127
-19 -14
-48 266
0 -40
7 165
59 152
59 147
94 191
114 270
109 237
88 76
123 54
195 214
180 173
79 -61
187 182
189 182
224 172
141 -23
154 -22
113 -89
211 36
190 7
222 9
198 -19
230 -23
45 -197
217 -142
43
-162 -612
-457 -413
-455 -346
-489 -13
-434 -103
-569 214
-457 105
-453 267
-438 237
-328 -41
-401 323
-409 390
-314 23
-337 155
-315 102
-304 460
-190 -234
-183 -319
-177 501
-174 298
-142 620
-119 91
-123 -187
8 423
40 478
73 474
-5 -37
96 322
211 655
198 540
208 507
237 291
-23 -305
177 -78
427 231
174 -149
455 110
525 -174
667 -152
484 -256
580 -210
540 -320
253 -588
74
-80 -393
-192 -345
-256 -308
-261 -239
-239 -241
-236 -242
-229 -229
-335 -81
-195 -241
-371 51
-185 -194
-345 122
-285 39
-322 200
-317 189
-261 119
-246 99
-183 -49
-259 285
-117 -223
-123 -175
-141 -68
-180 319
-161 259
-137 125
-93 -70
-105 232
-89 275
-47 108
-14 400
9 374
-26 45
-8 90
-15 -16
25 213
-13 -20
0 -13
22 52
-32 -185
63 168
77 188
122 331
-5 -137
145 364
122 132
118 100
165 215
120 79
218 307
157 130
136 64
-66 -367
172 73
200 119
146 11
278 130
324 161
126 -139
372 127
59 -235
-31 -340
382 104
-10 -328
175 -157
235 -121
385 6
329 -47
315 -64
250 -128
73 -273
362 -94
301 -195
201 -330
32 -389
81
-263 -490
-419 -308
-360 -345
-547 -35
-487 -35
-356 -297
-445 -5
-435 -13
-393 -123
-426 147
-384 -9
-323 -205
-346 72
-329 -18
-355 201
-337 200
-350 396
-332 233
-333 272
-296 -82
-329 389
-290 -117
-282 -131
-301 360
-301 389
-281 406
-272 409
-249 -85
-211 505
-205 462
-201 461
-198 488
-189 414
-163 382
-86 339
-94 225
-84 204
-127 11
35 546
-107 35
-128 -48
-65 137
-194 -291
12 279
129 526
114 459
26 216
155 505
45 231
-134 -206
95 266
227 497
-218 -401
267 398
28 -19
144 140
251 301
364 382
380 306
189 62
393 308
276 159
427 276
371 208
431 225
364 130
128 -119
193 -84
35 -249
258 -77
172 -180
-152 -422
386 -166
404 -161
124 -303
380 -181
440 -170
152 -320
22 -406
92 -403
152 -473
65
12 -238
-42 -217
-118 -184
-140 -173
-77 -177
-28 -207
2 -230
-241 -24
-125 -119
-240 60
-72 -127
-200 94
-49 -141
-102 -41
-164 74
-186 115
-116 -8
-186 145
-161 98
-144 69
-66 -78
-139 73
-81 -46
-140 152
-119 142
-31 -105
-52 -37
-106 133
-59 20
5 -202
-55 186
-23 3
-25 23
3 -169
-20 167
-7 44
19 152
17 -30
23 219
13 -203
23 87
13 -217
51 162
55 46
68 -11
106 87
89 14
138 146
128 83
91 -24
63 -130
105 -50
114 -40
122 -68
242 12
251 -1
64 -194
170 -107
157 -119
220 -83
92 -181
104 -185
126 -174
197 -139
123 -181
60
91 -482
-23 -473
-349 -105
-14 -389
-379 -44
-191 -147
-417 129
-435 193
-404 205
-30 -313
-307 88
-406 237
-162 -110
-303 101
-375 296
-254 105
-301 289
-281 396
42 -365
-234 331
-114 70
-100 130
-136 471
-5 -66
-29 61
-73 266
-90 429
19 54
61 -150
21 301
82 -144
75 303
92 404
94 -20
117 96
124 -40
199 400
182 183
174 67
146 -180
213 186
213 113
271 336
116 -378
273 184
315 325
169 -210
242 13
291 94
363 290
390 284
396 189
386 156
334 23
349 44
165 -388
283 -294
414 -237
348 -304
312 -342
46
238 -477
101 -476
-358 -427
-107 -418
-86 -374
-378 -166
-503 -82
-279 -178
-509 7
-233 -141
-574 123
-165 -165
40 -271
-403 321
-49 -118
-276 193
-219 127
-234 211
-219 242
142 -307
27 -85
-140 256
49 -81
-8 64
114 -170
-74 360
66 11
181 -299
-57 483
-18 466
7 598
141 27
91 320
64 499
99 358
153 563
205 306
266 302
300 94
305 101
252 -368
408 415
357 17
496 1
511 -66
281 -451
34
68 -621
-335 -370
-411 -305
-95 -497
-620 -50
-50 -488
-323 -168
-516 86
-498 89
-513 118
-293 -76
-445 176
-501 273
-289 64
-195 -110
-40 -360
-259 519
-78 10
-61 338
65 441
86 450
137 397
163 606
163 372
202 306
215 20
250 48
481 395
312 -194
429 -98
480 -64
531 -133
316 -362
557 -270
91
-148 -689
-441 -388
-179 -656
-433 -348
-327 -472
-653 -58
-653 132
-588 33
-343 -363
-465 -122
-297 -416
-613 164
-633 265
-610 242
-459 3
-239 -481
-506 187
-227 -485
-312 -255
-267 -365
-418 378
-454 522
-414 446
-389 376
-220 -355
-238 -240
-316 230
-348 558
-216 -191
-261 270
-243 351
-155 -585
-202 115
-205 423
-156 109
-105 109
-111 -333
-84 -108
-114 -426
-46 47
-25 60
78 644
-30 -36
-25 -15
-61 -260
64 349
89 331
147 530
126 440
100 317
123 364
-19 -247
-73 -441
252 600
44 -160
104 -10
-52 -440
185 108
317 389
398 560
407 569
321 322
406 486
341 344
282 200
445 513
445 454
382 271
459 398
-44 -503
538 513
362 188
519 452
327 95
135 -232
504 227
278 -104
440 75
545 205
121 -361
234 -225
353 -84
378 -67
340 -113
695 155
317 -243
366 -235
240 -375
288 -487
561 -378
434 -436
55
-89 -223
-242 -119
-267 18
-251 4
-160 -62
-161 -56
-166 -36
-156 -41
-143 14
-182 193
-166 170
-145 89
-120 -15
-143 145
-120 140
-98 -57
-107 161
-89 -71
-62 161
-49 188
-45 225
-81 -170
-30 153
-12 171
1 222
-56 -68
18 182
1 104
5 92
52 207
40 158
-19 -32
107 154
37 18
8 -46
52 34
-5 -78
152 160
125 86
197 130
203 130
248 85
38 -109
193 -3
67 -107
207 -13
-2 -163
178 -43
249 -4
188 -57
259 -67
204 -107
159 -153
2 -204
108 -206
27
137 -906
-333 -609
-296 -620
-155 -646
-827 235
-249 -268
-555 420
-152 -220
-223 201
-368 813
38 -117
-51 800
115 -269
193 840
210 378
253 128
324 201
287 -26
344 107
423 373
397 -60
632 9
467 -467
402 -571
702 -219
479 -538
424 -727
29
150 -560
-202 -386
-569 -46
-374 -44
-600 239
-30 -308
-526 404
-259 72
-107 -15
74 -395
-186 507
-134 387
-133 629
-67 668
81 88
86 518
133 28
130 520
147 533
179 528
231 79
298 14
378 83
440 237
356 -187
308 -322
496 -205
516 -188
442 -294
96
-23 -284
-108 -253
-202 -218
-222 -210
-243 -182
-145 -225
-223 -155
-270 -83
-219 -120
-246 -93
-161 -156
-183 -122
-157 -140
-186 -87
-205 -62
-224 -9
-172 -71
-138 -114
-219 9
-192 1
-213 64
-256 159
-238 134
-237 146
-112 -102
-200 122
-199 220
-104 -49
-151 132
-119 131
-45 -188
-69 -77
-125 229
-129 283
-45 -163
-94 214
-68 278
-55 293
-40 224
-31 193
-30 268
-24 -157
-7 262
-9 63
-4 94
28 241
-11 -165
11 52
41 201
56 289
11 -53
50 66
50 54
37 -7
106 296
111 294
90 180
46 -16
104 133
111 125
145 197
24 -167
67 -63
141 112
163 141
70 -85
163 113
148 79
213 212
116 -10
153 61
92 -82
193 87
71 -139
263 152
193 16
176 -16
206 -10
230 0
37 -217
14 -243
245 3
161 -90
134 -141
180 -109
155 -132
195 -99
136 -167
254 -95
159 -160
221 -140
74 -243
27 -274
149 -260
121 -277
131 -278
50
181 -419
-21 -395
-256 -360
-69 -380
-358 -284
-285 -259
-425 -32
-141 -199
-98 -223
40 -319
-297 54
-233 21
-125 -60
-245 102
-309 231
-259 165
146 -370
-104 -18
-247 195
-271 295
29 -162
-254 363
-119 207
-35 125
-104 397
-91 409
-12 226
-14 252
83 -49
15 211
110 -59
103 89
50 462
163 109
193 263
191 -18
218 395
207 -7
231 255
242 292
257 404
248 40
310 252
322 22
431 144
444 98
305 -288
421 -182
369 -250
352 -327
21
402 -435
51 -426
-135 -266
-545 -113
-236 -165
-598 35
-139 -115
146 -274
-26 -128
-206 99
-431 371
-250 242
346 -318
195 10
172 240
223 341
338 101
282 577
384 382
421 301
544 58
20
126 -489
58 -483
-152 -426
23 -449
-118 -332
-375 -162
-217 -167
-122 64
-54 -30
-142 209
-38 62
9 -64
106 57
159 151
224 424
328 157
220 -196
288 7
371 -92
400 -128
54
48 -296
-169 -247
-176 -225
-189 -212
-271 -76
-128 -156
-227 -48
-254 -13
-219 -10
-271 66
-185 -31
-280 90
-281 99
-119 -65
-236 158
-226 147
-118 -18
-161 75
-144 118
-166 197
-159 249
-144 253
-22 -90
-46 -11
-73 229
-12 -14
42 -42
73 290
78 236
82 135
88 142
126 254
99 -57
83 -135
85 -143
115 -47
188 200
183 144
137 -21
179 94
172 18
198 69
163 -36
196 32
99 -197
273 31
73 -262
293 21
290 6
154 -188
163 -195
110 -242
270 -106
189 -179
19
-93 -791
-670 -308
-785 211
-567 -70
-339 -265
-475 429
-439 425
-340 88
-312 513
-184 14
-133 -235
-108 515
-50 561
153 677
601 550
489 -254
721 -200
675 -401
537 -553
78
119 -300
-151 -294
23 -295
-272 -193
-227 -197
-230 -188
-262 -143
-284 -130
-145 -186
-184 -133
-155 -148
-328 -50
-151 -148
-205 -76
-160 -89
-332 78
-187 0
-182 -2
-270 90
-292 124
-170 9
-157 10
3 -168
-205 69
-248 131
-115 -15
41 -202
-210 121
-176 85
-264 212
-202 130
-235 179
-232 188
-145 90
23 -154
84 -246
-149 128
-155 145
-133 111
-69 7
-90 92
-146 234
-4 16
-105 293
-111 312
-76 278
-49 244
52 -68
66 -16
98 -155
37 328
48 301
62 303
96 -16
90 266
110 -114
123 265
121 -88
121 -120
132 306
138 256
135 -131
193 283
146 -97
150 -90
152 -97
155 -116
140 -208
201 47
210 34
215 52
248 126
279 151
260 76
335 88
237 -101
270 -46
286 -110
6
-575 -452
216 482
584 683
596 673
639 404
280 -377
21
-6 -224
-267 -1
-231 -26
-248 7
-225 30
-207 14
-174 16
-177 117
-146 171
-42 131
-18 18
-14 -12
65 250
57 53
107 238
28 -86
109 52
184 78
184 19
95 -117
201 -97
33
88 -231
-165 -205
2 -197
-205 -105
-11 -147
-250 59
-151 34
-178 71
-185 175
-93 55
-116 93
-92 105
-106 135
69 -191
-81 246
-40 170
-65 250
18 46
-3 220
42 43
40 114
40 155
73 138
103 42
121 68
142 131
171 200
155 29
224 123
254 49
202 -57
227 -102
206 -153
79
-13 -573
-448 -355
-477 -251
-390 -273
-360 -254
-334 -209
-298 -123
-493 201
-331 31
-365 136
-426 269
-444 357
-349 217
-231 -44
-352 305
-238 50
-219 13
-193 -11
-222 124
-133 -134
-74 -343
-277 513
-140 35
-143 54
-85 -218
-147 261
-69 -206
-118 234
-95 170
-74 53
-45 -224
-40 -243
-66 398
-15 -508
-17 -300
-6 299
-2 -19
23 564
19 197
35 569
77 89
123 191
31 -340
176 394
197 335
190 268
64 -282
286 494
300 386
329 405
125 -218
291 209
238 28
352 249
317 144
18 -512
293 -73
473 221
199 -227
356 -28
442 67
526 170
465 85
283 -170
488 54
340 -134
480 27
540 78
563 90
219 -318
501 -37
436 -182
114 -477
567 -140
443 -331
448 -379
235 -535
120 -569
138 -572
82
18 -367
-251 -317
-129 -301
-151 -287
-291 -194
-400 -97
-386 -95
-263 -147
-285 -92
-106 -245
-133 -215
-138 -207
-168 -145
-293 5
-323 90
-128 -169
-314 98
-207 -39
-338 176
-162 -76
-183 -23
-188 74
-267 259
-221 230
-164 102
-212 236
-191 196
-192 200
-174 182
-190 242
-217 341
-202 322
-152 224
-61 -91
-114 105
-6 -275
-79 5
2 -301
-125 253
-31 -97
-63 222
-59 270
-45 265
-38 327
-28 316
15 -313
-15 251
41 160
52 79
53 72
79 320
101 185
107 169
61 -112
139 332
129 169
149 218
150 190
137 28
51 -258
225 290
229 237
127 -64
95 -162
189 74
267 266
296 215
293 198
268 103
338 160
167 -128
219 -51
298 63
209 -75
334 -93
190 -231
399 -66
366 -132
279 -267
165 -319
112 -349
191 -352
8
245 -12
-361 86
-338 166
226 -2
-288 307
-77 222
135 321
236 228
