64 3
800 149 468 158 758 985 531 642 515 989 994 584 565 589 748 967 289 896 768 581 851 679 687 753 766 726 780 472 674 114 169 474 164 538 532 822 522 360 760 938 645 753 818 506 638 566 472 223 461 536 704 609 512 391 361 277 413 141 946 383 452 114 153 516
34
-301 -420
-370 -191
-442 68
-373 -79
-376 -56
-335 -68
-314 -156
-270 191
-212 463
-137 456
-88 136
158 397
135 139
347 364
-33 -125
332 236
170 68
101 -7
-208 -344
368 101
215 -27
342 16
207 -97
415 14
497 -11
167 -204
477 -83
-71 -339
363 -214
156 -301
92 -340
332 -303
354 -299
-220 -409
86
146 -754
-306 -668
-482 -551
-733 -237
-674 -257
-476 -330
-268 -454
-554 -228
-625 -174
-646 -126
-465 -241
-157 -490
-716 2
-277 -367
-552 -113
-444 -192
-462 -153
125 -730
-629 140
23 -612
-548 73
-632 185
-436 -29
-356 -120
-277 -214
-657 332
-591 346
-468 182
-242 -49
-268 180
-311 285
-193 103
-285 712
-134 342
-105 235
30 -288
-53 62
-66 154
-120 606
-117 757
63 -254
26 126
45 395
69 288
79 242
50 740
55 742
101 296
111 419
103 716
143 103
172 328
153 -501
230 716
223 504
222 18
285 608
259 204
185 -451
366 528
218 -377
367 118
349 34
255 -380
496 275
181 -656
505 216
652 422
473 5
554 41
431 -249
665 102
689 121
539 -139
660 -9
675 -45
640 -132
385 -456
395 -448
600 -253
595 -309
580 -360
691 -353
398 -589
434 -569
576 -491
18
-159 -835
-635 -455
-752 -252
-746 -202
-397 -373
-588 167
-422 130
-448 819
-185 420
-162 376
-103 649
36 509
-39 -436
456 669
477 559
104 -285
282 -57
771 -533
