18 16
346 287 474 166 785 162 112 370 318 954 620 688 967 233 627 219 423 498
83
328 -885
-370 -821
-363 -764
-75 -783
-720 -572
-305 -610
-228 -611
-518 -442
-758 -264
-945 -120
-390 -447
-772 -159
-317 -454
-272 -483
-594 -259
-260 -456
-837 196
-18 -562
-849 228
-357 -217
-390 -133
-626 131
-762 278
-719 247
-234 -264
-551 117
78 -595
-340 -99
-690 334
-315 -84
-699 410
-536 241
-96 -319
-316 -21
-551 350
-460 235
-691 633
-271 66
-494 561
-241 152
-506 688
-93 -71
7 -235
-429 708
-266 413
-13 120
-215 761
1 126
-96 493
-145 759
-85 663
-137 914
233 -428
186 -114
81 675
128 431
227 -64
122 888
182 445
182 673
249 279
275 138
252 629
284 46
299 499
390 76
428 604
483 808
537 689
440 -66
450 -293
651 325
727 397
799 387
342 -851
803 162
799 63
715 -112
759 -188
713 -289
574 -550
520 -640
694 -568
60
-23 -596
-289 -533
-333 -429
-259 -435
-484 -195
-590 -99
-483 -179
-327 -302
-559 60
-544 146
-327 -85
-495 227
-406 121
-455 224
-354 40
-367 465
-348 424
-274 427
-117 -103
-135 439
-110 346
-40 215
-43 452
-19 588
-20 -182
26 359
19 -134
-1 -400
59 86
139 506
43 -160
125 336
158 462
177 396
65 -215
93 -178
80 -226
99 -177
170 57
10 -485
172 48
277 180
202 -178
530 237
546 246
167 -316
264 -250
594 121
502 -6
525 19
463 -64
142 -420
615 53
211 -411
212 -437
501 -275
457 -324
451 -333
484 -334
168 -525
64
-30 -104
-58 -93
-59 -85
-87 -34
-93 -22
-90 -20
-83 -20
-78 -21
-58 -50
-45 -74
-83 4
-97 36
-96 53
-49 -57
-71 0
-77 25
-88 66
-53 -19
-70 47
-72 63
-42 -31
-47 44
-37 78
-29 47
-23 21
-19 17
-18 18
-13 37
-1 90
13 98
-5 7
14 69
13 61
7 28
5 19
1 -11
29 64
32 70
2 -25
41 65
39 52
44 56
61 80
48 24
78 69
56 33
40 -7
81 37
89 42
33 -29
60 -3
70 6
37 -32
78 9
92 11
55 -25
101 6
1 -79
42 -50
38 -55
53 -53
104 -35
37 -70
56 -80
92
159 -601
-325 -595
-64 -580
-162 -544
-330 -512
-497 -474
-459 -398
-195 -476
-600 -316
-574 -257
-603 -118
-647 46
-593 19
-485 -67
-381 -133
-11 -435
-466 41
-301 -116
-429 21
-576 201
-388 8
9 -404
-336 220
-421 380
-399 343
-275 237
-163 162
-291 501
-204 316
-156 367
-16 -39
-112 289
-151 661
79 -235
-113 657
-51 372
-49 372
-50 623
61 -26
89 -183
51 123
97 -143
98 -110
55 264
120 113
129 413
129 574
156 7
157 307
165 303
169 395
206 146
213 228
210 169
263 616
232 104
214 -142
297 549
342 443
337 307
200 -413
405 465
368 218
230 -328
376 84
441 220
544 310
456 75
443 23
341 -202
354 -177
457 3
480 -7
626 249
497 2
264 -414
604 174
515 -9
657 159
593 13
615 39
456 -236
295 -455
615 -122
475 -290
527 -247
523 -286
490 -323
506 -318
366 -483
385 -549
286 -572
88
-64 -236
-165 -206
-101 -223
-219 -149
-223 -143
-158 -181
-246 -116
-273 -84
-214 -98
-144 -157
-254 -42
-226 -21
-209 -19
-194 -32
-182 -48
-195 -23
-214 38
-159 -43
-155 -40
-221 132
-182 45
-162 56
-109 -36
-140 129
-103 247
-90 182
-47 275
-42 252
-41 249
-20 224
-25 162
-4 189
-6 99
-9 72
48 267
74 223
-24 -109
8 -12
75 161
120 258
-21 -121
2 -66
147 238
78 69
22 -52
35 -26
102 101
148 163
186 209
18 -100
105 28
160 113
9 -124
64 -40
-11 -155
212 171
121 31
42 -85
209 117
196 85
100 -35
31 -122
250 140
109 -29
-26 -192
100 -47
212 70
257 51
146 -61
223 -25
224 -28
64 -156
230 -54
265 -33
214 -65
266 -44
96 -149
112 -145
236 -92
219 -114
56 -185
164 -143
71 -182
191 -145
188 -160
218 -154
206 -168
171 -192
81
-4 -457
-195 -388
-328 -337
-326 -312
-339 -305
-183 -343
-259 -287
-422 -112
-58 -412
-245 -224
-353 -110
-329 -123
-251 -162
-456 95
-399 80
-366 49
-138 -269
-383 90
-430 168
-355 99
-392 163
-348 204
-253 39
-309 180
-165 -90
-260 164
-254 163
-200 130
-189 109
-137 -21
-145 8
-157 185
-204 397
-138 336
-101 125
-107 291
-77 90
-112 430
-52 -48
-19 199
5 310
11 -89
18 -55
55 334
39 74
79 89
71 12
139 391
160 386
121 157
165 273
80 -104
102 -14
145 134
208 245
193 25
310 200
185 -100
266 50
334 173
399 160
393 134
259 -66
352 71
392 126
187 -185
108 -305
151 -253
403 76
181 -216
331 -36
192 -215
415 25
284 -132
353 -101
427 -43
215 -248
404 -78
456 -123
309 -236
198 -406
11
24 -138
-152 8
-111 85
-57 63
-4 -4
18 18
62 47
60 25
147 53
69 -73
118 -68
60
164 -734
-354 -717
-284 -684
-733 -594
-411 -640
-296 -652
-454 -484
-899 -283
-153 -592
-505 -428
-604 -363
-791 -222
-661 -240
-634 -236
-501 -309
-347 -399
-556 -201
-630 -26
-559 -69
-557 -30
-867 335
-692 199
-663 385
-600 706
-161 -89
-444 643
-191 72
-416 681
-284 565
-53 -32
95 -503
-198 633
-222 882
-58 747
64 847
111 636
135 70
159 -381
175 -390
213 67
213 13
202 -170
189 -378
419 494
504 517
510 362
426 77
515 274
597 397
643 411
718 446
348 -371
738 73
692 -1
442 -356
845 147
523 -293
439 -602
584 -613
707 -595
4
-140 -180
-151 137
-111 38
64 215
20
90 -287
-47 -245
-192 -132
-233 -59
-300 -10
-268 -21
-190 31
-181 44
-203 86
-5 -153
-221 179
-84 66
-139 214
-96 169
-21 161
23 24
75 -17
77 -50
110 290
192 -2
53
90 -382
-222 -358
-30 -355
-119 -330
-227 -303
-273 -252
-237 -254
-115 -301
63 -370
-112 -276
19 -344
-154 -240
-235 -178
-420 -33
-235 -155
-209 -168
-117 -225
-395 27
22 -323
-356 56
-293 -2
-251 -10
-292 112
-343 181
-62 -110
-145 82
-198 196
-141 105
-130 279
-24 16
-68 209
-9 33
-40 227
1 381
9 377
36 162
21 314
80 154
87 -72
180 381
198 288
167 76
133 -163
207 159
264 302
206 51
173 -88
267 243
410 79
126 -338
313 -155
328 -170
201 -287
87
-132 -586
-187 -583
-346 -493
-450 -376
-554 -76
-504 -90
-310 -318
-593 165
-589 165
-341 -220
-268 -344
-504 137
-252 -335
-309 -206
-197 -443
-450 281
-463 321
-309 -61
-442 386
-351 181
-277 -62
-328 360
-181 -320
-273 248
-187 -238
-213 110
-202 35
-236 378
-179 526
-145 -269
-136 -467
-137 74
-124 349
-70 333
-91 -40
-13 525
-3 424
47 522
39 446
53 515
63 509
-117 -504
77 549
74 478
-100 -423
106 612
42 236
-81 -358
87 359
44 110
108 351
163 504
-34 -275
-53 -340
141 226
139 206
142 211
131 158
125 87
162 139
182 115
374 487
359 447
374 477
343 266
-48 -446
70 -258
258 43
122 -213
70 -330
422 102
59 -356
472 128
-55 -495
305 -82
513 142
413 -33
463 6
50 -411
575 1
464 -182
345 -288
344 -311
347 -330
400 -314
538 -259
66 -558
84
-293 -706
-434 -619
-703 -288
-369 -611
-634 -152
-670 -15
-596 -140
-680 35
-695 107
-570 1
-637 189
-608 195
-627 261
-437 -148
-527 328
-390 -256
-493 256
-469 142
-366 -158
-417 241
-386 192
-367 267
-355 242
-326 -69
-306 39
-251 668
-257 201
-239 372
-220 70
-130 620
-108 461
-91 488
-224 -332
-56 374
-72 186
109 695
-126 -176
95 471
204 563
279 680
119 289
150 284
308 572
299 308
-89 -398
196 26
-105 -427
235 62
354 194
107 -168
148 -142
-67 -423
546 340
206 -88
543 247
7 -377
126 -277
298 -104
601 203
403 -60
-32 -469
212 -255
577 61
755 189
721 146
575 19
660 23
752 62
736 -58
-180 -636
721 -113
252 -405
467 -301
522 -314
-130 -633
342 -422
338 -429
29 -584
440 -539
397 -629
373 -641
52 -683
344 -690
73 -705
36
-56 -337
-197 -238
-245 -173
-335 -52
-205 -119
-285 12
-314 138
-158 -135
-263 110
-198 125
-218 247
-182 121
-151 36
-176 288
-115 -23
-138 124
-79 161
-40 180
41 263
93 169
93 149
81 87
78 45
151 203
95 34
272 165
261 128
261 98
195 5
123 -116
172 -60
276 -39
216 -98
144 -164
148 -191
85 -330
62
156 -414
-270 -406
-50 -384
-49 -384
-264 -344
61 -392
-320 -302
-296 -284
-268 -284
-370 -168
-24 -321
-333 -145
-340 -139
-334 -20
-211 -86
-243 -34
-443 161
-141 -109
-229 -13
-302 82
-371 162
-326 168
-72 -137
-358 272
-306 230
-337 275
-316 359
12 -136
-184 247
-194 268
-29 -33
-103 128
-188 318
-100 271
-129 353
25 -34
-127 480
-44 291
-30 318
-62 483
58 109
66 295
83 488
111 185
190 38
192 -82
248 426
237 281
226 186
268 326
282 398
294 339
329 251
224 -192
392 72
379 34
351 -24
424 27
358 -206
425 -196
416 -238
411 -249
65
51 -339
-42 -322
-82 -286
-96 -261
-254 -82
-106 -179
-101 -181
-307 89
-248 30
-73 -182
-265 229
-102 -63
-257 245
-31 -179
-101 -10
-175 212
11 -240
-12 -175
-143 247
-79 58
5 -194
-78 87
25 -247
-97 252
-55 104
-69 238
-52 290
-3 162
21 53
37 -154
52 -218
62 136
72 307
81 -78
134 219
96 -63
145 215
62 -277
174 257
162 157
126 -87
138 -60
238 256
125 -115
261 228
229 135
229 110
234 63
338 125
327 84
338 45
236 -92
303 -3
241 -116
221 -144
248 -119
136 -246
187 -191
136 -257
334 -71
268 -150
174 -237
163 -251
147 -277
132 -334
