4 3
533 390 210 949
45
-30 -821
-885 -284
-693 -386
-810 -243
-915 57
-228 -594
-670 -7
-611 -33
-286 -426
-733 362
-289 -376
-696 325
-737 560
-126 -620
-420 169
-186 -406
-408 590
-224 4
-272 837
-147 369
-56 -319
-63 351
37 367
161 793
74 -29
143 340
186 437
91 -224
247 71
87 -457
192 -218
514 496
170 -357
505 317
406 66
746 324
749 159
882 323
670 40
713 -166
837 -90
445 -426
297 -619
355 -728
580 -674
62
6 -193
-72 -190
-67 -182
-164 -110
-73 -148
-135 -85
-172 -43
-169 -43
-131 -54
-165 -11
-69 -113
-141 29
-104 -18
-127 23
-170 93
-170 104
-73 -47
-125 83
-142 128
-37 -91
-77 16
-52 -17
-85 95
-20 -90
-61 83
-42 27
-51 74
-44 168
-7 -92
-22 103
-17 89
5 -114
5 9
12 181
29 36
22 -60
24 -57
41 33
59 86
58 62
28 -108
50 -35
132 62
126 29
96 -33
118 5
92 -41
122 -26
75 -104
190 40
167 -25
201 4
193 -17
200 -15
78 -128
158 -59
122 -110
148 -92
148 -100
50 -169
146 -147
62 -176
19
49 -284
-195 -252
-224 -247
-350 -111
-124 -151
-104 -151
-136 -13
-13 -141
-7 -147
-8 -72
51 247
64 48
202 114
190 42
252 184
119 -226
382 -37
340 -157
220 -247
