100 100
1 9 53
0 30 34
1 89 88
1 92 1
0 94 93
1 49 65
1 58 41
0 43 29
1 89 9
0 54 43
1 71 16
0 77 12
1 11 12
0 92 23
1 24 4
1 2 4
1 91 73
1 6 59
0 96 59
1 58 77
0 47 56
0 5 54
0 59 30
1 83 24
1 2 47
0 49 92
0 4 33
0 42 14
1 28 6
1 0 92
0 98 18
0 75 79
1 63 96
1 16 66
0 32 30
0 55 71
1 79 96
0 16 3
1 55 28
1 5 29
1 97 86
1 77 82
0 6 57
1 80 41
0 52 33
0 90 16
0 6 14
1 47 27
1 58 83
0 42 74
0 71 72
1 80 71
1 17 81
0 91 75
0 46 32
0 58 26
0 66 68
0 3 63
0 11 93
0 57 31
1 12 92
0 20 23
0 9 52
0 28 76
0 17 23
0 4 36
0 35 25
0 64 26
1 75 4
0 73 58
0 21 29
1 24 26
0 51 37
0 25 79
1 75 88
1 20 78
0 97 55
0 28 2
0 79 82
0 61 27
1 82 74
1 42 97
1 5 18
1 38 20
1 39 88
1 27 56
0 64 70
1 67 38
1 6 46
0 70 10
0 42 96
0 71 68
0 7 12
0 17 57
0 54 90
1 39 49
0 11 74
1 36 28
1 93 67
1 31 54
