28 65 25
0 12 13 28
0 22 17 18
0 24 0 4
1 5 27 27
1 13 11 22
2 3 22 15
2 9 0 0
2 10 28 28
2 11 26 16
2 18 27 9
3 23 5 8
3 26 8 2
4 21 24 4
4 27 22 25
5 11 26 9
5 12 1 5
5 16 17 26
5 19 9 22
6 4 13 11
8 16 15 3
8 20 4 20
8 22 23 13
9 0 24 5
11 0 9 22
11 1 8 21
11 7 7 18
11 9 6 5
11 17 27 23
12 2 12 28
12 11 16 6
12 16 16 3
12 18 2 13
13 3 0 6
13 11 6 24
13 14 11 8
13 20 14 7
13 24 4 3
14 1 27 22
14 2 18 26
14 19 0 12
14 24 29 23
15 4 11 7
15 5 5 28
15 9 27 26
16 9 3 19
16 27 19 17
17 12 16 12
17 15 27 5
18 14 27 28
18 27 15 23
19 4 7 2
19 7 11 29
20 9 26 12
20 10 19 27
20 14 16 21
20 21 24 13
21 0 25 1
21 5 29 15
22 17 0 10
22 23 27 15
23 2 12 4
25 4 20 6
27 17 18 21
27 19 19 3
27 25 15 9
