40 200 30
0 7 19 8
0 10 20 20
0 27 1 11
0 30 39 2
0 31 12 13
0 33 8 22
1 6 6 38
1 10 20 25
1 11 30 12
1 26 5 7
1 32 11 6
1 38 20 16
2 10 1 26
2 24 10 17
2 26 25 30
3 4 15 36
3 17 31 18
3 27 17 20
3 29 7 11
3 32 29 30
3 38 15 17
4 9 25 3
4 15 21 37
4 19 24 2
4 22 36 8
4 26 5 15
5 0 26 14
5 22 14 23
5 24 26 35
5 25 34 11
6 37 25 7
7 1 9 3
7 36 14 0
7 39 2 21
8 3 14 38
8 5 0 4
8 6 5 2
8 11 7 16
8 14 11 22
8 16 32 37
8 23 25 15
8 37 25 21
8 38 26 33
9 14 39 3
9 15 2 26
9 19 3 39
9 23 9 13
10 12 21 19
10 13 3 18
10 14 4 17
10 20 2 27
11 0 7 31
11 2 32 2
11 4 38 28
11 5 10 9
11 22 34 36
11 27 37 15
11 30 14 4
11 34 19 23
11 38 13 3
12 2 3 18
12 11 19 30
12 17 37 18
12 18 28 17
12 20 33 3
12 32 20 23
13 9 25 5
13 21 3 18
13 28 25 1
14 1 2 12
14 16 23 10
14 21 36 8
14 24 27 3
14 26 36 5
14 34 19 17
14 35 5 37
14 38 0 0
15 0 25 13
15 7 26 35
15 12 28 24
15 16 28 37
15 31 14 24
15 33 34 34
15 34 28 2
15 37 0 26
15 38 15 2
16 0 4 31
16 28 3 37
16 34 2 38
17 0 20 8
17 5 3 18
17 7 19 35
17 9 30 8
17 21 8 18
17 32 16 12
18 0 37 39
18 7 10 38
18 8 38 30
18 14 30 13
18 16 23 14
18 23 37 15
18 36 23 38
19 2 39 11
19 10 8 16
19 12 12 2
19 13 7 26
19 15 8 17
19 21 35 7
19 25 31 17
19 36 6 0
20 0 10 16
20 5 15 37
20 8 34 30
20 35 25 29
20 38 6 37
21 7 11 2
21 25 14 4
21 28 17 35
21 33 10 17
22 0 17 20
22 18 1 19
22 27 19 36
22 29 13 7
23 2 24 16
23 6 3 35
23 7 37 25
23 26 38 13
23 34 34 29
23 36 7 8
23 39 34 30
24 3 25 15
24 15 21 36
24 21 29 17
24 26 4 11
24 37 17 37
25 13 27 3
25 22 29 25
25 30 22 37
26 0 3 2
26 7 37 3
26 13 0 38
26 22 3 8
26 36 15 27
26 38 10 10
27 9 16 32
27 15 12 18
27 18 11 6
28 24 10 39
28 27 38 29
28 29 12 11
28 38 15 36
29 15 5 29
29 37 10 16
30 6 12 31
30 21 19 23
30 23 34 0
30 31 29 21
30 35 25 8
30 37 26 37
31 8 16 7
31 20 22 33
31 24 14 6
31 26 10 0
31 27 11 31
31 29 11 3
32 18 27 26
32 28 37 37
32 30 22 35
33 2 35 39
33 3 31 19
33 4 28 9
33 5 38 35
33 8 29 14
33 20 14 20
34 1 22 17
34 26 11 6
34 37 29 15
35 4 24 26
35 10 12 2
35 16 5 5
35 24 7 12
36 3 26 17
36 16 26 7
36 33 27 14
36 39 22 16
37 16 35 9
37 17 13 30
37 32 15 10
37 38 25 19
38 5 36 37
38 7 2 30
38 9 12 2
38 27 13 28
38 30 36 31
38 31 9 13
38 33 16 14
39 9 24 31
39 10 24 29
39 22 20 26
39 31 9 14
