50 300 50
0 10 34 47
0 25 44 30
0 39 5 45
0 44 48 19
1 11 29 35
1 47 25 37
1 49 32 21
2 24 15 10
3 6 31 42
3 7 39 26
3 9 43 18
3 15 24 13
3 28 25 4
3 30 43 22
3 39 43 27
3 49 8 47
4 13 25 0
4 19 12 24
4 27 20 47
4 34 21 42
4 43 1 31
5 13 31 48
5 18 7 42
5 25 38 32
5 28 40 21
5 31 1 11
5 35 37 41
5 44 4 45
5 45 11 12
6 31 22 35
6 38 10 16
6 47 27 1
7 1 43 16
7 9 7 29
7 13 47 32
7 22 31 49
7 37 34 22
7 38 43 30
7 39 41 20
7 41 35 4
7 46 43 38
8 3 21 13
8 6 7 43
8 12 44 22
8 14 49 23
8 24 27 48
8 33 5 43
8 46 10 44
8 47 28 0
8 48 3 21
9 2 3 16
9 12 20 23
9 13 1 41
9 16 47 34
9 40 36 26
9 41 47 7
10 17 25 8
10 20 36 46
10 41 25 25
10 45 39 8
11 6 7 36
12 1 47 5
12 3 19 20
12 16 19 6
12 17 16 18
12 21 38 34
12 28 31 0
12 40 17 49
12 46 13 21
13 17 30 2
13 20 29 39
13 33 32 33
14 6 24 18
14 15 8 4
14 18 7 4
14 31 42 48
14 41 15 42
15 0 24 18
15 7 31 8
15 29 24 28
15 34 31 25
15 35 29 35
15 38 13 32
16 2 42 32
16 10 7 2
16 17 27 22
16 25 41 38
16 43 15 40
16 46 40 39
16 49 40 21
17 1 46 22
17 2 21 24
17 5 10 3
17 11 15 26
17 34 46 46
17 44 38 40
17 46 44 16
17 47 7 15
18 25 7 13
18 34 8 36
18 39 7 15
18 43 19 22
19 10 7 13
19 14 11 0
19 22 12 22
19 37 2 23
19 38 0 10
19 44 33 37
20 3 5 21
20 4 45 32
20 8 13 18
20 19 8 28
20 35 32 21
20 36 27 39
20 43 16 6
21 9 17 23
21 13 16 20
21 18 11 27
21 34 3 8
21 35 28 31
22 5 2 8
22 11 42 17
22 16 37 28
22 24 37 38
22 26 20 14
22 31 39 49
22 38 44 27
22 40 47 39
23 0 3 10
23 7 47 45
23 8 29 19
23 17 17 13
23 21 28 42
23 25 22 11
23 28 5 29
24 3 27 26
24 17 21 43
24 23 9 6
25 1 28 14
25 2 6 20
25 8 0 3
25 12 4 37
25 17 47 26
25 34 40 7
25 48 23 16
26 4 7 21
26 9 11 7
26 11 4 23
26 12 32 25
26 20 22 29
26 21 38 16
26 23 33 10
26 27 46 38
26 28 13 38
26 31 0 40
26 42 29 11
26 45 30 43
26 49 42 3
27 3 23 29
27 6 27 9
27 10 34 14
27 15 5 24
28 2 15 27
28 4 39 40
28 9 16 5
28 10 44 23
28 29 1 44
28 46 43 30
29 7 36 41
29 9 16 33
29 13 29 45
29 18 14 36
29 22 41 47
29 27 12 39
29 33 29 27
29 43 23 37
29 48 8 37
30 16 37 45
30 22 30 42
30 25 40 0
30 27 0 26
30 44 40 32
31 30 16 34
31 33 13 6
32 9 15 19
32 15 36 15
32 17 5 17
32 22 33 11
32 35 6 31
32 41 48 48
33 0 34 13
33 6 3 35
33 16 10 29
33 23 9 40
33 24 33 22
33 25 14 16
33 27 24 7
33 28 1 23
33 34 24 4
33 40 47 0
34 11 23 22
34 14 16 6
34 36 17 43
34 38 6 43
34 43 19 45
35 0 13 20
35 4 8 39
35 8 43 21
35 22 6 30
35 25 1 25
35 31 25 27
35 34 21 35
36 2 43 48
36 16 6 1
36 37 31 15
36 38 45 27
36 41 12 19
36 44 14 49
37 4 12 30
37 6 43 3
37 23 29 49
37 33 33 48
37 42 14 1
37 46 4 41
37 48 16 23
38 24 42 3
38 26 4 37
38 46 16 2
38 47 0 2
39 10 38 17
39 16 32 0
39 32 4 36
39 37 24 19
40 7 15 0
40 42 20 21
41 1 46 43
41 3 9 9
41 16 24 25
41 19 11 47
41 30 46 21
41 40 3 14
42 0 11 1
42 5 1 23
42 7 5 10
42 10 2 34
42 14 14 49
42 17 17 12
42 21 19 20
42 39 13 0
42 41 27 41
42 45 21 8
42 46 47 20
43 21 37 0
43 24 45 43
43 25 15 22
43 33 5 16
43 35 13 36
43 36 12 49
43 44 31 16
43 46 22 20
43 47 5 16
44 3 42 17
44 11 17 6
44 18 18 40
44 21 6 8
44 22 41 9
44 38 2 31
44 47 14 37
45 7 19 16
45 15 38 25
45 16 36 43
45 18 21 12
45 19 45 49
45 20 41 9
45 30 16 28
45 43 18 47
46 0 29 35
46 18 25 28
47 4 22 30
47 11 11 18
47 13 17 41
47 14 12 19
47 36 0 24
47 40 4 19
47 45 13 16
47 49 42 45
48 5 41 25
48 11 42 4
48 20 31 33
48 26 1 41
48 40 20 45
48 42 0 29
48 49 10 28
49 12 35 47
49 13 33 43
49 19 14 3
49 29 41 26
49 41 23 20
49 43 32 8
49 45 17 19
