60 400 80
0 6 33 16
0 17 69 52
0 47 16 73
1 0 21 47
1 11 8 50
1 39 21 76
1 58 47 58
2 4 13 5
2 11 47 20
2 17 60 75
2 18 3 3
2 31 79 74
2 33 5 1
2 38 20 76
2 39 62 35
2 41 6 8
2 52 7 36
2 53 33 42
3 26 34 7
3 36 4 58
3 48 47 46
3 49 58 64
3 51 39 29
3 58 72 29
4 0 24 36
4 6 47 14
4 19 16 47
4 22 47 72
4 38 78 50
4 42 38 24
4 54 34 47
4 56 64 23
4 58 64 34
4 59 65 22
5 0 33 33
5 14 47 2
5 20 56 58
5 24 78 38
5 33 13 63
5 38 28 71
5 42 25 23
5 50 43 0
5 51 72 61
5 54 1 11
5 55 49 47
6 9 43 4
6 23 8 68
6 39 76 19
6 50 28 60
6 53 32 49
7 19 25 2
7 26 34 9
7 27 30 3
7 40 18 0
8 15 66 12
8 24 54 66
8 35 21 31
8 41 16 22
8 55 16 37
9 5 65 76
9 10 36 23
9 17 71 65
9 29 74 46
9 47 38 27
10 3 16 38
10 11 50 76
10 25 57 65
10 43 51 53
10 50 51 14
10 57 42 63
11 47 32 38
11 49 56 49
11 51 73 62
11 55 77 6
11 58 76 39
12 9 60 22
12 38 34 63
12 45 39 44
12 46 21 19
13 1 76 2
13 5 42 62
13 11 21 3
13 25 63 36
13 59 57 46
14 17 31 75
14 18 2 79
14 41 17 67
15 27 66 39
15 28 79 52
15 32 48 5
15 35 21 44
15 38 37 21
15 46 56 12
16 1 70 4
16 14 68 77
16 28 53 73
16 46 25 17
16 48 49 70
16 58 12 70
17 23 4 42
17 26 59 12
17 50 10 2
18 7 4 73
18 15 55 44
18 23 33 20
18 25 8 70
18 28 73 6
18 32 56 66
18 36 76 66
18 51 21 10
19 3 45 51
19 13 74 26
19 14 50 26
19 22 79 35
19 24 69 37
19 26 61 44
19 40 10 65
19 44 6 74
19 47 26 37
19 49 78 73
19 51 8 57
19 52 1 38
20 17 6 41
20 26 46 54
20 30 19 66
21 0 3 21
21 1 13 10
21 10 24 33
21 14 76 51
21 22 78 20
21 37 41 5
21 50 62 43
22 17 15 77
22 30 34 28
22 31 7 25
22 36 69 34
22 51 21 32
22 55 51 36
23 5 60 72
23 9 23 61
23 21 16 65
23 22 71 21
23 26 21 3
23 36 34 11
23 44 9 67
23 54 23 41
24 20 65 13
24 43 16 54
24 46 12 13
25 6 57 78
25 9 67 9
25 16 50 21
25 24 46 4
25 33 57 19
25 40 46 49
26 14 60 61
26 15 29 10
26 16 54 17
26 44 17 54
26 53 64 51
26 57 14 72
26 58 11 34
27 0 57 16
27 5 26 45
27 11 11 11
27 26 70 29
27 29 6 4
27 30 48 15
28 11 64 41
28 24 12 11
28 26 64 66
28 27 78 17
28 34 3 54
28 46 33 68
28 52 5 50
28 56 8 3
28 57 67 47
28 58 25 5
29 4 54 70
29 13 15 1
29 14 71 60
29 23 48 1
29 24 45 25
29 30 78 13
29 31 19 21
29 32 75 31
29 39 34 18
29 40 57 41
29 44 17 66
29 49 18 46
29 53 53 6
29 56 17 76
29 59 36 75
30 12 12 12
30 14 0 23
30 23 69 77
30 24 21 30
30 26 15 7
30 31 56 59
30 32 54 51
30 53 57 47
30 59 29 73
31 0 26 59
31 1 8 11
31 12 53 58
31 34 35 15
31 43 4 47
32 0 43 23
32 21 42 49
32 27 39 68
32 39 33 11
32 42 56 44
32 59 44 22
33 7 42 37
33 11 6 45
33 14 11 2
33 16 4 31
33 30 40 64
33 32 49 19
33 43 23 11
33 49 65 5
34 2 32 59
34 5 10 40
34 24 13 68
34 44 11 25
34 59 25 66
35 7 1 45
35 14 67 25
35 16 77 63
35 30 1 27
35 34 75 8
35 57 13 43
36 6 20 71
36 9 20 41
36 17 1 25
36 30 60 55
36 34 32 61
36 58 39 39
37 5 25 13
37 13 65 58
37 22 52 4
37 31 55 38
37 33 43 61
37 50 69 61
37 57 25 62
38 14 40 14
38 16 31 42
38 19 75 68
38 39 73 7
38 43 33 4
38 44 52 74
38 45 43 39
38 59 3 59
39 3 61 65
39 26 16 61
39 27 45 9
39 30 79 40
39 41 62 55
39 42 31 30
39 43 28 0
39 49 5 13
39 55 27 73
40 5 45 19
40 6 63 63
40 12 73 53
40 17 79 31
40 39 16 35
41 5 20 14
41 24 10 0
41 30 1 8
41 47 36 43
41 51 56 12
41 58 74 60
42 2 60 62
42 6 21 58
42 8 67 15
42 9 5 73
42 16 31 72
42 25 22 6
42 26 79 2
42 33 72 74
42 37 13 60
42 46 13 24
42 57 5 0
43 0 37 75
43 2 58 16
43 20 55 5
43 44 70 27
43 56 71 25
44 7 67 10
44 8 67 25
44 9 63 65
44 17 75 58
44 25 54 52
44 27 68 67
44 28 39 35
44 41 58 61
44 42 22 50
45 3 36 41
45 22 76 10
45 34 59 79
45 40 69 66
45 49 36 24
45 58 2 48
45 59 2 35
46 5 32 33
46 7 9 0
46 17 53 19
46 23 55 12
46 25 33 32
46 39 2 8
46 52 18 75
47 16 64 77
47 35 28 47
47 42 31 28
47 45 59 45
47 54 12 26
48 5 13 23
48 6 39 11
48 8 32 68
48 27 21 47
48 40 47 28
48 47 62 43
48 57 51 70
49 9 42 77
49 23 74 15
49 24 43 10
49 27 3 77
49 47 14 32
50 0 9 13
50 11 51 8
50 19 21 17
50 26 41 54
50 41 11 52
50 57 54 70
50 59 13 47
51 4 27 17
51 16 62 70
51 31 41 52
51 34 58 60
51 36 38 71
51 37 2 13
51 40 18 20
51 44 76 54
51 54 26 78
52 8 20 37
52 21 62 9
52 23 22 22
52 36 64 41
52 39 56 44
52 47 45 72
52 49 55 41
53 13 49 12
53 35 65 3
53 40 64 11
53 49 32 67
54 28 71 10
54 32 29 40
54 33 4 30
54 35 32 42
54 39 68 10
54 41 66 65
54 49 1 30
54 50 73 15
55 3 78 40
55 6 17 15
55 12 72 27
55 18 35 39
55 21 79 58
55 23 22 21
55 25 27 24
55 38 31 74
55 41 73 54
55 50 16 39
55 51 42 77
55 56 0 34
56 15 77 1
56 19 3 60
56 21 68 30
56 23 27 53
56 26 52 14
56 27 43 9
56 47 20 40
56 54 67 49
57 6 22 75
57 20 51 73
57 22 37 51
57 38 65 41
57 51 8 51
58 9 16 64
58 10 8 29
58 19 45 56
58 23 30 23
58 24 71 12
59 9 43 56
59 10 63 40
59 11 41 61
59 27 53 59
59 35 25 12
59 54 7 78
