65 555 100
0 5 37 43
0 35 61 57
0 38 32 4
0 45 95 4
0 58 26 17
1 2 24 1
1 12 81 35
1 30 19 35
1 40 64 96
1 41 52 17
1 46 81 90
1 48 64 48
1 60 59 5
2 5 64 41
2 26 26 94
2 29 48 56
2 31 7 32
2 33 71 40
2 41 99 65
2 44 5 77
2 64 50 9
3 5 72 47
3 6 59 80
3 7 71 78
3 17 59 16
3 25 7 98
3 31 90 35
3 32 96 7
3 35 75 42
3 45 78 61
3 52 55 60
3 53 69 2
3 57 68 24
4 13 19 87
4 15 96 70
4 27 12 57
4 29 67 94
4 38 93 73
4 41 61 36
4 43 30 46
4 61 61 73
5 1 93 9
5 8 99 92
5 13 61 85
5 20 4 86
5 41 97 0
5 50 5 8
5 53 59 62
5 59 18 15
5 61 46 37
5 62 8 76
6 0 61 40
6 2 72 81
6 21 49 33
6 24 84 94
6 25 45 81
6 28 69 6
6 44 70 12
6 46 85 17
6 59 82 48
6 63 66 22
7 4 8 78
7 24 56 96
7 28 49 86
7 37 92 62
7 38 54 52
7 44 54 10
7 45 81 30
7 61 76 96
8 0 65 50
8 4 71 66
8 24 19 39
8 34 48 58
8 47 12 54
8 48 27 21
8 55 45 66
8 64 68 6
9 6 41 15
9 17 49 46
9 23 40 20
9 42 92 77
9 55 62 36
9 61 7 14
9 62 46 89
10 1 7 63
10 2 96 4
10 5 26 69
10 7 28 84
10 16 34 34
10 27 41 15
10 34 99 90
10 54 71 35
10 55 77 62
10 56 20 0
10 61 25 88
11 5 25 73
11 12 60 81
11 14 90 0
11 21 79 2
11 39 72 81
11 51 42 18
11 58 18 93
11 64 88 48
12 15 33 28
12 19 32 85
12 34 41 80
12 46 5 36
12 59 17 32
12 60 44 92
13 14 60 52
13 29 82 28
13 35 45 46
13 48 18 15
13 49 13 2
13 50 17 97
13 57 53 5
13 58 74 23
13 60 77 20
13 61 67 53
13 62 60 51
14 8 43 53
14 10 88 59
14 12 33 15
14 34 18 83
14 38 36 87
14 40 10 62
14 50 56 42
14 64 45 60
15 7 68 34
15 10 5 15
15 14 43 57
15 30 66 94
15 40 33 20
15 41 96 80
15 45 86 63
15 49 52 18
16 2 2 35
16 17 23 78
16 18 16 32
16 26 6 28
16 36 31 18
16 45 28 47
16 58 93 95
16 61 97 10
17 5 27 69
17 7 2 21
17 30 53 13
17 35 22 66
17 40 48 31
17 55 13 46
17 63 38 24
18 2 55 11
18 3 33 34
18 6 63 8
18 8 20 28
18 11 67 49
18 12 45 4
19 6 64 71
19 21 41 54
19 25 67 45
19 26 96 42
19 33 36 55
19 39 90 54
19 45 9 2
19 46 27 1
19 59 11 92
19 61 26 14
19 62 69 4
20 8 4 23
20 10 36 65
20 13 55 36
20 16 90 72
20 18 66 27
20 24 75 91
20 26 11 10
20 34 72 68
20 36 7 45
20 40 5 12
20 48 60 33
20 50 92 30
20 64 93 26
21 2 75 20
21 14 7 4
21 16 80 76
21 36 53 60
21 38 74 42
21 41 61 88
21 45 39 86
21 48 6 70
21 50 44 76
21 54 20 55
21 55 5 1
22 0 17 76
22 13 48 86
22 15 73 17
22 20 56 51
22 23 80 77
22 41 43 47
22 43 76 21
22 44 75 40
22 53 95 63
22 59 45 36
22 63 23 24
23 2 63 57
23 3 31 85
23 10 74 14
23 12 72 60
23 17 84 63
23 24 33 86
23 38 59 49
24 4 11 22
24 5 58 20
24 10 74 43
24 12 8 84
24 13 95 11
24 14 68 83
24 21 60 44
24 26 60 15
24 42 33 12
24 47 43 38
24 48 86 87
24 52 53 14
25 1 98 4
25 2 2 57
25 16 48 18
25 20 81 90
25 22 41 63
25 27 92 73
25 38 80 88
25 41 81 61
25 42 77 30
25 53 79 96
25 58 27 76
25 64 90 18
26 25 56 9
26 31 9 55
26 37 82 6
26 50 74 72
26 59 90 39
27 14 54 60
27 19 56 49
27 20 43 87
27 35 5 15
27 37 85 51
27 39 15 42
27 44 30 92
27 63 89 57
28 0 98 13
28 4 13 43
28 11 48 65
28 21 26 50
28 31 32 34
28 39 60 15
28 51 22 75
28 58 54 43
29 8 47 95
29 14 1 24
29 18 93 10
29 23 99 97
29 33 28 49
29 34 46 9
29 39 19 63
29 43 56 45
29 49 36 76
29 55 85 24
29 59 44 47
30 0 21 57
30 16 48 32
30 23 64 79
30 25 94 30
30 33 71 74
30 42 24 26
30 52 26 51
31 0 63 38
31 4 9 50
31 15 29 88
31 17 71 23
31 30 38 42
31 35 80 13
31 39 65 45
31 43 3 98
31 44 59 30
31 47 8 2
31 51 41 10
31 57 55 73
31 58 67 29
32 2 31 3
32 8 73 28
32 13 20 2
32 18 5 17
32 26 80 3
32 48 66 30
32 49 94 55
33 32 24 99
33 35 99 32
33 38 5 93
33 43 65 64
33 51 58 88
33 60 36 84
34 3 25 33
34 4 82 44
34 9 35 90
34 27 8 80
34 31 74 78
34 36 43 1
34 37 20 8
34 44 20 75
34 54 86 14
34 55 74 10
34 56 13 17
34 57 94 38
35 15 52 75
35 16 98 60
35 19 29 94
35 21 51 4
35 29 25 24
35 38 79 41
35 42 13 89
35 52 35 71
35 54 96 86
35 61 36 33
35 63 97 54
35 64 5 66
36 11 92 60
36 12 87 54
36 13 44 7
36 15 82 7
36 18 61 38
36 23 96 18
36 41 50 76
36 43 65 98
36 50 33 23
37 3 21 25
37 6 71 13
37 14 17 57
37 30 82 92
37 35 64 28
37 50 80 64
37 51 65 25
37 59 24 54
38 5 8 88
38 8 17 2
38 37 52 71
38 39 77 32
38 41 57 81
38 42 88 41
38 55 40 93
38 56 90 33
38 59 20 7
38 62 84 25
38 63 69 9
39 5 83 47
39 8 23 7
39 12 92 24
39 26 1 38
39 30 90 25
39 36 18 4
39 37 35 6
39 59 69 32
40 4 48 82
40 11 83 58
40 41 71 34
40 47 68 67
40 55 22 33
40 60 14 21
40 64 80 81
41 9 6 17
41 10 9 23
41 17 8 81
41 24 28 68
41 32 19 78
41 39 77 82
41 43 30 42
41 52 77 81
41 61 32 34
42 6 69 3
42 10 55 95
42 23 85 57
42 31 0 5
42 41 36 80
42 45 28 49
42 59 56 9
43 18 58 91
43 19 25 9
43 55 57 15
43 59 83 61
43 62 81 64
43 64 12 0
44 4 32 55
44 8 37 54
44 11 71 41
44 15 43 89
44 18 25 90
44 19 57 69
44 29 99 16
44 59 6 36
44 61 90 81
44 64 76 23
45 20 83 85
45 26 5 8
45 39 54 9
45 41 94 39
45 56 41 79
46 15 47 48
46 24 34 63
46 40 3 18
46 41 70 36
46 60 11 91
47 2 67 48
47 7 77 30
47 11 55 65
47 21 61 63
47 27 23 28
47 28 21 69
47 30 53 74
47 33 3 99
47 34 98 23
47 35 73 59
47 52 8 30
47 53 64 59
47 58 50 89
47 60 10 80
47 62 33 78
47 63 76 31
48 19 29 35
48 29 91 65
48 37 23 66
48 56 49 68
49 7 84 81
49 8 82 10
49 22 62 61
49 23 90 37
49 31 22 12
49 35 70 44
49 44 23 66
49 45 10 59
49 52 65 33
49 59 51 34
49 61 27 3
49 63 34 76
50 2 10 63
50 10 13 71
50 33 42 5
50 39 79 36
50 42 24 22
51 2 0 29
51 32 91 46
51 38 22 92
52 1 39 93
52 6 89 14
52 27 15 83
52 32 2 31
52 33 52 91
52 34 43 90
52 45 13 99
52 53 82 57
53 1 43 33
53 10 86 46
53 20 30 80
53 21 27 79
53 26 92 29
53 37 3 71
53 40 13 28
53 42 40 3
53 48 85 42
53 50 13 65
53 54 97 71
53 56 86 38
53 62 79 50
54 3 14 87
54 4 5 93
54 6 7 6
54 24 7 66
54 28 72 76
54 32 88 37
54 40 49 93
54 47 21 65
54 57 18 99
55 0 80 11
55 15 48 39
55 37 60 48
55 39 27 89
55 48 15 43
55 52 91 82
55 53 21 36
56 0 80 48
56 1 69 48
56 4 27 83
56 8 57 83
56 14 11 60
56 18 64 53
56 27 79 5
56 31 26 96
56 37 42 93
56 41 41 14
56 42 10 81
57 1 79 61
57 9 51 82
57 11 83 64
57 12 22 39
57 39 85 22
57 50 19 41
57 52 39 13
57 59 61 9
57 60 57 78
58 1 13 73
58 18 55 52
58 30 70 31
58 34 38 17
58 60 8 78
59 0 65 53
59 4 32 81
59 13 61 87
59 15 95 53
59 40 88 40
59 58 58 29
60 10 36 27
60 22 79 73
60 38 10 68
60 39 46 82
60 44 37 17
60 50 73 97
60 52 21 48
61 1 36 31
61 3 35 7
61 18 81 41
61 23 84 8
61 29 75 16
61 58 38 98
61 59 30 17
62 15 66 37
62 22 81 28
62 24 82 31
62 29 26 89
62 44 19 73
62 56 80 39
62 58 90 61
62 60 75 19
63 4 84 2
63 10 84 26
63 14 82 62
63 30 31 62
63 36 80 41
63 37 53 79
63 40 90 65
63 44 91 32
63 52 39 83
63 60 10 50
63 61 20 72
64 9 27 33
64 22 6 6
64 23 15 23
64 32 9 1
64 52 49 64
64 63 70 62
