70 777 250
0 6 88 662
0 19 998 643
0 24 991 15
0 26 884 400
0 39 690 589
0 40 991 15
0 41 143 59
0 56 567 881
0 61 927 731
0 62 508 657
1 0 364 463
1 17 467 73
1 18 927 409
1 19 1 436
1 22 814 370
1 25 963 444
1 26 484 893
1 46 683 67
1 51 721 106
1 55 795 818
1 61 704 774
2 1 144 89
2 3 829 426
2 5 506 638
2 16 85 920
2 26 108 590
2 27 908 829
2 30 12 434
2 32 304 246
2 39 112 19
2 42 297 387
2 48 11 362
2 49 37 895
2 51 197 570
2 54 925 707
2 57 662 986
2 58 208 668
2 59 854 821
3 0 745 322
3 8 257 187
3 11 420 961
3 14 842 600
3 18 112 181
3 19 853 327
3 22 99 229
3 23 716 150
3 36 693 861
3 38 141 857
3 40 897 6
3 45 679 397
3 49 567 11
3 51 580 70
3 58 513 984
3 69 743 96
4 6 677 356
4 11 43 722
4 12 922 898
4 22 666 996
4 23 197 115
4 26 290 492
4 33 87 773
4 36 194 16
4 38 161 862
4 40 723 867
4 42 625 142
4 51 320 159
4 57 412 8
4 58 722 431
5 0 567 638
5 12 311 224
5 28 656 871
5 30 864 894
5 31 381 339
5 56 973 277
5 62 785 796
5 65 414 119
6 5 186 368
6 8 187 491
6 10 841 995
6 16 295 299
6 27 912 671
6 28 45 456
6 29 770 775
6 47 860 268
6 50 652 3
6 58 895 690
7 4 343 224
7 5 817 979
7 8 222 448
7 9 97 435
7 12 813 455
7 13 256 117
7 25 622 649
7 29 178 84
7 31 511 412
7 50 555 941
7 55 797 72
7 58 714 662
8 1 419 814
8 9 518 900
8 23 14 51
8 26 289 456
8 32 365 194
8 34 822 728
8 43 214 824
8 44 94 687
8 45 835 843
8 49 940 942
8 51 972 622
8 63 939 593
9 1 975 65
9 12 604 408
9 13 970 858
9 18 878 97
9 25 362 983
9 27 374 313
9 35 314 797
9 64 28 972
9 67 298 535
10 2 837 247
10 3 203 50
10 9 424 57
10 15 416 573
10 22 288 958
10 25 674 420
10 34 958 563
10 38 929 57
10 39 118 477
10 42 21 658
10 45 302 505
10 49 944 674
10 62 574 434
11 1 978 212
11 9 681 940
11 17 554 241
11 25 613 738
11 30 452 138
11 41 369 472
11 60 379 575
11 65 866 697
11 68 684 552
11 69 7 866
12 1 43 346
12 14 888 580
12 16 697 437
12 19 623 712
12 29 278 805
12 33 792 608
12 34 272 470
12 40 20 367
12 48 986 795
12 54 83 455
13 4 307 892
13 11 119 530
13 18 260 927
13 39 540 264
13 45 253 201
13 61 155 152
14 1 630 256
14 28 398 996
14 30 646 12
14 44 942 625
14 60 453 588
15 0 452 324
15 1 941 654
15 11 203 123
15 12 393 928
15 29 56 649
15 34 705 88
15 50 52 102
15 51 3 972
15 55 126 15
15 58 221 29
15 60 242 147
15 63 393 552
15 64 579 87
15 69 451 534
16 5 102 781
16 11 686 203
16 18 849 622
16 25 889 244
16 42 533 829
16 46 728 698
16 60 880 119
16 63 697 771
16 69 368 317
17 2 607 159
17 12 323 48
17 13 353 210
17 23 356 874
17 27 297 357
17 29 821 22
17 41 823 175
17 43 317 554
17 44 202 933
17 45 199 50
17 46 706 873
17 54 86 858
17 57 530 161
18 6 947 887
18 15 195 797
18 20 645 213
18 22 187 389
18 26 641 741
18 27 310 132
18 29 303 195
18 35 980 228
18 39 230 791
18 51 121 751
18 52 230 880
18 62 24 165
18 64 620 326
18 66 269 218
19 14 653 7
19 31 958 575
19 33 645 595
19 42 279 784
19 50 2 124
19 58 93 677
19 61 711 827
19 65 398 940
19 67 609 152
19 68 276 263
20 6 975 144
20 11 231 355
20 19 636 937
20 31 302 542
20 46 156 411
20 50 211 662
20 53 757 737
20 59 321 497
21 2 365 294
21 4 379 992
21 7 187 257
21 14 6 649
21 15 587 695
21 18 336 557
21 37 468 161
21 60 957 639
21 61 871 597
21 64 664 500
21 65 596 49
21 69 789 742
22 2 150 381
22 11 818 257
22 12 441 658
22 17 291 316
22 19 737 715
22 20 340 733
22 21 973 26
22 28 748 777
22 31 528 187
22 36 448 74
22 43 161 100
22 48 112 21
22 49 190 494
22 68 203 432
22 69 739 463
23 12 160 87
23 16 48 436
23 22 759 670
23 28 741 382
23 29 492 720
23 31 758 742
23 39 370 932
23 47 790 70
23 57 335 761
23 60 426 599
23 62 956 906
24 3 30 218
24 16 352 10
24 20 740 220
24 22 151 27
24 25 378 794
24 28 993 356
24 35 249 280
24 37 600 963
24 38 820 81
24 56 245 703
24 64 442 233
25 2 948 255
25 5 886 729
25 6 518 203
25 21 656 168
25 22 453 909
25 23 957 478
25 39 449 79
25 41 416 425
25 50 875 98
25 56 573 154
25 65 176 834
26 5 952 402
26 9 727 73
26 19 459 877
26 22 973 236
26 23 322 387
26 25 338 64
26 28 356 59
26 29 901 647
26 52 2 226
26 55 938 343
26 60 680 959
26 61 278 185
26 65 401 186
26 69 263 95
27 5 124 913
27 46 576 676
27 47 882 359
27 48 920 708
27 50 799 740
27 53 107 246
27 60 529 510
27 63 389 123
27 64 97 183
28 0 714 454
28 2 86 375
28 4 812 993
28 13 822 369
28 15 732 299
28 16 896 568
28 27 403 663
28 35 330 848
28 51 413 866
28 63 74 595
28 64 51 701
29 2 499 323
29 3 992 350
29 16 611 27
29 24 290 616
29 32 603 41
29 48 669 429
29 49 558 933
29 51 644 93
29 54 513 389
29 58 640 443
29 61 853 946
30 1 406 889
30 6 228 593
30 17 132 15
30 19 55 185
30 32 320 136
30 47 493 654
30 51 661 311
30 53 691 791
30 55 104 320
30 56 557 223
30 66 516 459
31 4 287 87
31 13 288 983
31 15 296 305
31 17 68 125
31 33 921 689
31 55 137 651
31 61 224 408
31 63 794 308
32 0 805 614
32 3 2 274
32 4 326 916
32 6 780 523
32 41 874 485
32 44 721 261
32 50 653 279
32 62 778 162
32 69 181 156
33 5 437 839
33 6 411 385
33 20 819 973
33 21 64 898
33 24 961 200
33 27 8 752
33 28 27 888
33 30 565 303
33 32 183 465
33 35 282 956
33 38 280 423
33 43 837 825
33 63 878 371
34 0 876 888
34 1 180 145
34 3 607 144
34 5 98 324
34 13 626 1
34 20 78 865
34 21 208 594
34 38 189 316
34 56 905 633
34 67 277 826
35 0 598 171
35 1 497 40
35 3 703 993
35 10 434 675
35 12 306 909
35 19 827 443
35 20 528 133
35 22 608 321
35 26 985 222
35 38 579 225
35 42 263 198
35 43 134 699
35 64 988 388
35 66 369 661
36 2 742 668
36 8 711 885
36 15 462 620
36 29 444 134
36 32 75 30
36 33 936 955
36 37 190 809
36 39 562 672
36 54 5 72
37 0 743 637
37 1 87 394
37 2 244 356
37 38 686 953
37 47 328 246
37 63 659 183
37 65 356 164
37 66 557 610
38 0 639 796
38 5 291 921
38 14 588 36
38 21 131 651
38 32 152 577
38 48 131 558
39 9 166 32
39 11 765 613
39 12 585 53
39 15 451 371
39 16 331 254
39 22 237 970
39 24 599 54
39 27 884 249
39 43 896 838
39 66 71 476
39 67 965 830
40 6 865 595
40 7 36 908
40 15 436 622
40 19 65 94
40 26 132 752
40 42 702 98
40 60 279 250
40 64 967 337
41 1 929 615
41 10 56 651
41 13 782 768
41 14 782 780
41 18 703 416
41 21 462 367
41 31 546 358
41 44 743 448
41 54 281 781
41 58 116 72
41 61 816 528
41 63 937 684
42 9 149 293
42 14 984 877
42 24 226 138
42 33 652 817
42 43 531 623
42 47 440 156
42 49 695 797
42 54 492 795
42 57 111 752
42 58 925 55
42 59 237 143
42 69 294 742
43 4 208 37
43 11 373 312
43 20 829 376
43 25 18 227
43 26 859 937
43 53 468 778
43 66 378 134
44 1 639 419
44 5 338 733
44 9 464 901
44 22 311 259
44 27 802 670
44 43 135 682
44 47 776 425
44 48 743 378
44 52 379 598
44 62 499 614
44 64 761 369
44 67 608 142
44 69 441 407
45 9 128 875
45 19 459 538
45 20 368 770
45 21 410 376
45 23 822 171
45 24 517 858
45 25 866 421
45 31 995 833
45 35 855 447
45 36 789 476
45 39 149 260
45 43 686 608
45 47 431 176
45 60 332 517
46 0 839 449
46 4 109 4
46 10 911 567
46 19 746 735
46 28 656 672
46 37 284 415
46 49 757 289
46 53 491 828
46 56 272 73
46 57 818 500
46 59 62 250
46 68 159 451
47 1 840 929
47 2 570 924
47 3 0 678
47 16 994 59
47 22 558 434
47 25 143 124
47 26 182 692
47 36 257 630
47 41 852 589
47 46 271 903
47 58 1 693
47 62 358 627
47 67 877 383
48 0 551 977
48 9 882 438
48 17 556 430
48 23 238 351
48 37 630 959
48 43 99 837
48 64 173 534
48 67 233 993
49 4 612 89
49 5 417 31
49 25 297 452
49 37 158 847
49 39 719 333
49 41 599 54
49 45 317 179
49 47 686 422
49 59 214 977
49 61 821 799
50 11 937 492
50 23 157 237
50 28 862 773
50 29 579 892
50 34 898 891
50 36 227 232
50 41 923 31
50 43 287 385
50 45 845 666
50 47 815 136
50 51 958 161
50 55 653 979
50 61 745 607
51 17 714 976
51 21 845 58
51 27 160 964
51 31 875 357
51 32 753 389
51 33 897 260
51 34 453 842
51 35 930 488
51 36 897 407
51 38 6 702
51 44 220 481
51 52 534 683
51 58 892 905
51 69 762 427
52 5 443 218
52 17 822 502
52 22 869 6
52 24 888 585
52 38 43 700
52 46 635 279
52 47 851 553
52 62 39 901
52 65 721 8
52 67 133 68
53 2 545 665
53 10 158 199
53 16 910 976
53 23 253 709
53 39 323 261
53 42 963 661
53 45 670 346
53 49 131 301
53 51 8 211
53 56 702 572
53 60 233 393
53 68 630 921
54 6 836 725
54 8 942 350
54 9 943 143
54 20 241 247
54 21 124 791
54 38 211 709
54 45 766 543
54 47 750 429
54 48 342 866
54 50 215 526
54 61 907 867
54 64 548 620
54 66 764 275
54 69 36 271
55 22 613 40
55 25 969 311
55 32 367 515
55 38 291 507
55 42 803 996
55 66 399 943
56 1 484 604
56 6 261 795
56 7 787 724
56 16 989 300
56 20 133 558
56 21 265 350
56 23 704 525
56 27 506 638
56 33 376 264
56 36 971 662
56 38 501 704
56 39 232 773
56 41 835 65
56 44 651 465
56 48 786 112
56 50 286 167
56 55 220 183
56 61 486 771
56 62 364 345
56 64 766 101
57 6 171 133
57 8 42 20
57 13 390 590
57 15 290 920
57 16 683 457
57 18 15 328
57 19 274 469
57 27 925 789
57 34 91 877
57 39 495 180
57 47 972 628
57 63 17 427
58 18 526 54
58 20 74 360
58 21 359 611
58 33 666 899
58 34 629 356
58 37 343 26
58 45 85 164
59 3 133 687
59 6 519 219
59 10 248 75
59 13 693 89
59 17 461 5
59 19 441 446
59 24 641 910
59 28 466 842
59 34 553 450
59 40 754 355
59 41 297 159
59 43 346 794
59 45 832 414
59 51 102 28
59 63 962 373
59 67 405 513
60 17 345 671
60 33 725 989
60 34 844 491
60 43 79 164
60 57 639 52
60 62 843 607
60 65 40 241
61 2 171 712
61 7 862 406
61 9 392 128
61 10 396 995
61 11 963 818
61 20 673 142
61 22 110 661
61 30 332 669
61 36 370 63
61 37 318 147
61 52 564 602
61 60 602 390
61 67 46 464
62 17 104 768
62 26 958 428
62 38 751 716
62 39 105 637
62 41 153 105
62 51 911 896
62 55 605 947
62 57 805 106
62 58 391 80
63 0 329 21
63 4 628 955
63 10 501 456
63 26 418 340
63 60 750 345
63 61 363 916
63 67 222 320
63 69 401 788
64 1 575 81
64 2 463 825
64 14 435 188
64 23 210 769
64 29 195 841
64 37 433 89
64 39 943 881
64 41 433 332
64 45 486 39
64 47 677 187
64 49 40 315
64 50 113 773
64 67 263 199
64 69 558 54
65 0 14 274
65 1 537 789
65 12 937 104
65 27 141 877
65 28 957 705
65 31 435 807
65 42 841 188
65 43 79 554
65 44 445 682
65 48 983 385
65 55 171 986
66 2 938 501
66 8 944 304
66 10 133 448
66 11 8 596
66 21 150 617
66 23 882 118
66 24 139 615
66 28 100 898
66 34 850 691
66 36 405 396
66 46 523 393
66 50 930 32
66 51 994 96
66 56 975 822
66 65 931 880
67 2 652 248
67 6 783 803
67 11 272 190
67 14 329 721
67 15 219 138
67 17 979 739
67 18 672 705
67 35 163 522
67 36 888 546
67 41 297 698
67 43 540 698
67 45 402 853
67 53 34 328
68 6 995 393
68 9 445 998
68 10 993 983
68 14 771 320
68 16 390 797
68 21 917 727
68 33 906 93
68 42 886 335
68 45 988 130
68 54 740 464
68 57 177 612
68 59 987 995
68 63 976 657
69 6 353 158
69 20 19 466
69 29 50 750
69 40 443 519
69 48 578 171
69 57 904 152
