25 56 30
0 1 1 38
0 5 40 94
0 6 2 81
1 2 76 66
1 6 76 19
1 7 13 98
2 3 16 34
2 7 63 44
2 8 60 43
3 4 13 47
3 8 98 29
3 9 44 82
4 9 84 74
5 6 78 29
5 10 7 86
5 11 30 11
6 7 76 34
6 11 21 22
6 12 32 55
7 8 58 59
7 12 37 75
7 13 65 82
8 9 99 29
8 13 19 96
8 14 48 33
9 14 48 36
10 11 4 7
10 15 86 87
10 16 79 73
11 12 15 43
11 16 6 98
11 17 61 44
12 13 94 57
12 17 49 73
12 18 58 81
13 14 43 61
13 18 76 52
13 19 80 43
14 19 85 43
15 16 23 21
15 20 34 5
15 21 72 78
16 17 63 87
16 21 29 46
16 22 23 1
17 18 26 93
17 22 19 93
17 23 68 49
18 19 42 99
18 23 15 64
18 24 78 89
19 24 73 52
20 21 52 11
21 22 87 8
22 23 8 36
23 24 99 83
