36 85 35
0 1 88 64
0 6 117 174
0 7 93 173
1 2 90 79
1 7 190 169
1 8 60 163
2 3 28 5
2 8 109 130
2 9 82 28
3 4 54 127
3 9 50 82
3 10 147 195
4 5 158 78
4 10 185 158
4 11 180 17
5 11 169 161
6 7 68 60
6 12 95 152
6 13 188 33
7 8 90 123
7 13 4 85
7 14 197 188
8 9 0 48
8 14 58 190
8 15 78 78
9 10 76 187
9 15 30 158
9 16 172 96
10 11 105 36
10 16 104 117
10 17 86 199
11 17 141 145
12 13 170 188
12 18 164 72
12 19 43 30
13 14 109 7
13 19 140 22
13 20 38 19
14 15 10 161
14 20 122 198
14 21 118 68
15 16 175 0
15 21 196 149
15 22 34 181
16 17 25 145
16 22 74 187
16 23 31 65
17 23 106 136
18 19 123 150
18 24 141 164
18 25 51 121
19 20 16 181
19 25 102 99
19 26 35 128
20 21 19 1
20 26 103 3
20 27 133 91
21 22 146 154
21 27 2 172
21 28 151 106
22 23 25 121
22 28 118 177
22 29 180 71
23 29 5 57
24 25 61 131
24 30 71 178
24 31 50 24
25 26 83 55
25 31 80 112
25 32 116 174
26 27 149 104
26 32 182 71
26 33 93 141
27 28 24 148
27 33 136 153
27 34 52 151
28 29 150 22
28 34 1 129
28 35 114 140
29 35 74 138
30 31 43 40
31 32 131 22
32 33 5 5
33 34 140 13
34 35 58 114
