49 120 40
0 1 252 266
0 7 117 155
0 8 86 73
1 2 20 120
1 8 174 107
1 9 6 208
2 3 213 54
2 9 226 117
2 10 234 20
3 4 62 39
3 10 62 252
3 11 130 230
4 5 237 89
4 11 298 23
4 12 265 144
5 6 224 21
5 12 139 255
5 13 94 292
6 13 73 226
7 8 274 80
7 14 209 125
7 15 254 124
8 9 176 69
8 15 19 201
8 16 197 174
9 10 96 155
9 16 28 31
9 17 122 155
10 11 87 256
10 17 122 51
10 18 242 18
11 12 213 137
11 18 224 178
11 19 23 127
12 13 274 30
12 19 113 97
12 20 101 214
13 20 11 253
14 15 194 262
14 21 48 222
14 22 47 73
15 16 41 180
15 22 25 221
15 23 229 167
16 17 133 264
16 23 120 262
16 24 215 95
17 18 296 28
17 24 226 133
17 25 162 247
18 19 292 213
18 25 110 96
18 26 293 122
19 20 208 161
19 26 255 51
19 27 265 21
20 27 46 106
21 22 295 70
21 28 176 5
21 29 49 243
22 23 251 43
22 29 91 190
22 30 282 175
23 24 297 26
23 30 276 102
23 31 29 256
24 25 15 173
24 31 260 43
24 32 115 140
25 26 181 40
25 32 20 296
25 33 215 57
26 27 178 82
26 33 62 199
26 34 65 35
27 34 104 22
28 29 48 242
28 35 215 219
28 36 63 210
29 30 172 62
29 36 95 8
29 37 124 186
30 31 80 4
30 37 243 157
30 38 190 165
31 32 161 8
31 38 67 42
31 39 68 298
32 33 69 299
32 39 127 37
32 40 77 151
33 34 217 62
33 40 14 67
33 41 255 77
34 41 150 71
35 36 124 54
35 42 64 88
35 43 143 175
36 37 91 63
36 43 243 153
36 44 71 0
37 38 243 154
37 44 34 25
37 45 268 60
38 39 191 155
38 45 36 171
38 46 170 127
39 40 251 233
39 46 173 173
39 47 227 219
40 41 189 101
40 47 262 239
40 48 50 279
41 48 96 173
42 43 205 182
43 44 53 40
44 45 278 256
45 46 108 207
46 47 293 273
47 48 56 80
