64 161 50
0 1 426 201
0 8 25 464
0 9 19 35
1 2 463 498
1 9 280 271
1 10 394 240
2 3 248 22
2 10 148 261
2 11 264 234
3 4 18 38
3 11 411 453
3 12 189 476
4 5 273 264
4 12 306 222
4 13 298 498
5 6 406 429
5 13 438 58
5 14 412 203
6 7 281 425
6 14 486 220
6 15 52 399
7 15 417 136
8 9 268 241
8 16 64 456
8 17 149 467
9 10 342 214
9 17 354 92
9 18 444 309
10 11 468 491
10 18 423 369
10 19 13 460
11 12 330 174
11 19 314 312
11 20 98 388
12 13 254 244
12 20 388 484
12 21 388 111
13 14 66 411
13 21 83 313
13 22 342 241
14 15 398 339
14 22 9 340
14 23 493 84
15 23 479 366
16 17 437 312
16 24 72 223
16 25 380 81
17 18 306 429
17 25 482 453
17 26 220 60
18 19 60 22
18 26 256 265
18 27 167 414
19 20 245 257
19 27 96 303
19 28 347 98
20 21 283 71
20 28 164 497
20 29 76 469
21 22 479 370
21 29 446 75
21 30 445 25
22 23 323 355
22 30 441 43
22 31 20 416
23 31 245 283
24 25 156 464
24 32 463 143
24 33 387 52
25 26 406 97
25 33 301 268
25 34 143 193
26 27 165 294
26 34 238 256
26 35 47 465
27 28 351 419
27 35 241 218
27 36 367 309
28 29 310 4
28 36 221 252
28 37 301 40
29 30 329 378
29 37 279 108
29 38 271 60
30 31 145 375
30 38 1 277
30 39 238 2
31 39 193 280
32 33 315 204
32 40 62 195
32 41 102 49
33 34 482 407
33 41 494 170
33 42 390 15
34 35 451 354
34 42 214 454
34 43 88 62
35 36 202 398
35 43 255 66
35 44 31 220
36 37 157 172
36 44 168 345
36 45 118 321
37 38 351 157
37 45 216 211
37 46 114 414
38 39 415 331
38 46 335 6
38 47 370 377
39 47 193 325
40 41 465 269
40 48 135 96
40 49 306 241
41 42 206 150
41 49 124 266
41 50 84 249
42 43 403 464
42 50 35 348
42 51 497 190
43 44 105 355
43 51 38 401
43 52 304 6
44 45 161 146
44 52 177 138
44 53 365 360
45 46 83 421
45 53 77 68
45 54 474 58
46 47 340 9
46 54 254 278
46 55 69 134
47 55 467 314
48 49 95 445
48 56 46 389
48 57 346 213
49 50 322 213
49 57 494 432
49 58 6 88
50 51 48 485
50 58 487 226
50 59 213 406
51 52 232 457
51 59 430 210
51 60 265 31
52 53 220 238
52 60 99 436
52 61 45 124
53 54 240 357
53 61 308 479
53 62 421 321
54 55 1 61
54 62 19 165
54 63 341 330
55 63 494 88
56 57 396 458
57 58 145 169
58 59 165 23
59 60 216 32
60 61 118 167
61 62 272 434
62 63 410 190
