81 208 100
0 1 274 456
0 9 445 599
0 10 636 450
1 2 174 33
1 10 216 347
1 11 137 309
2 3 347 13
2 11 179 144
2 12 689 363
3 4 362 464
3 12 16 457
3 13 320 347
4 5 396 273
4 13 186 456
4 14 570 216
5 6 172 314
5 14 77 135
5 15 27 414
6 7 339 322
6 15 611 541
6 16 59 381
7 8 602 539
7 16 28 96
7 17 387 524
8 17 461 339
9 10 271 159
9 18 269 527
9 19 257 586
10 11 688 10
10 19 261 172
10 20 452 14
11 12 300 288
11 20 513 544
11 21 503 205
12 13 299 305
12 21 412 435
12 22 248 284
13 14 277 12
13 22 611 464
13 23 170 287
14 15 655 209
14 23 696 582
14 24 475 605
15 16 253 108
15 24 197 144
15 25 548 96
16 17 684 210
16 25 333 332
16 26 281 93
17 26 110 349
18 19 129 654
18 27 632 10
18 28 94 97
19 20 299 537
19 28 351 269
19 29 107 131
20 21 148 240
20 29 691 392
20 30 407 85
21 22 424 192
21 30 461 279
21 31 474 380
22 23 292 423
22 31 437 301
22 32 363 250
23 24 497 21
23 32 112 14
23 33 110 172
24 25 108 88
24 33 529 243
24 34 666 164
25 26 213 693
25 34 267 665
25 35 527 439
26 35 286 69
27 28 281 107
27 36 214 484
27 37 656 225
28 29 169 281
28 37 114 266
28 38 32 572
29 30 693 203
29 38 73 438
29 39 307 120
30 31 125 575
30 39 536 131
30 40 216 7
31 32 386 533
31 40 486 161
31 41 465 546
32 33 461 238
32 41 45 294
32 42 237 592
33 34 206 339
33 42 476 486
33 43 199 649
34 35 171 411
34 43 613 593
34 44 506 69
35 44 222 465
36 37 13 187
36 45 61 345
36 46 561 643
37 38 360 422
37 46 343 384
37 47 209 64
38 39 133 509
38 47 644 21
38 48 670 36
39 40 153 477
39 48 47 522
39 49 639 588
40 41 193 314
40 49 405 381
40 50 416 416
41 42 655 403
41 50 92 536
41 51 91 273
42 43 307 399
42 51 671 449
42 52 165 424
43 44 500 305
43 52 180 369
43 53 145 304
44 53 456 549
45 46 273 423
45 54 443 387
45 55 247 70
46 47 61 582
46 55 449 353
46 56 500 279
47 48 505 401
47 56 621 503
47 57 632 73
48 49 411 377
48 57 498 404
48 58 460 583
49 50 449 408
49 58 279 493
49 59 62 450
50 51 409 144
50 59 208 288
50 60 656 237
51 52 634 188
51 60 30 649
51 61 580 515
52 53 123 200
52 61 580 300
52 62 408 444
53 62 305 645
54 55 184 430
54 63 171 372
54 64 193 653
55 56 656 403
55 64 195 470
55 65 11 20
56 57 238 286
56 65 507 90
56 66 696 383
57 58 71 121
57 66 500 99
57 67 638 202
58 59 154 238
58 67 253 268
58 68 127 269
59 60 684 75
59 68 556 453
59 69 204 488
60 61 229 590
60 69 439 180
60 70 612 477
61 62 691 119
61 70 120 683
61 71 594 298
62 71 465 458
63 64 77 174
63 72 660 595
63 73 457 616
64 65 486 513
64 73 501 5
64 74 295 37
65 66 111 698
65 74 359 288
65 75 150 290
66 67 168 674
66 75 622 2
66 76 658 60
67 68 435 58
67 76 41 184
67 77 455 322
68 69 212 286
68 77 39 338
68 78 262 264
69 70 21 519
69 78 66 287
69 79 121 619
70 71 410 185
70 79 127 224
70 80 409 269
71 80 185 496
72 73 108 47
73 74 610 15
74 75 431 299
75 76 139 387
76 77 121 302
77 78 688 451
78 79 185 232
79 80 587 294
