100 261 200
0 1 886 643
0 10 771 572
0 11 22 840
1 2 859 394
1 11 59 789
1 12 914 415
2 3 440 155
2 12 341 397
2 13 504 348
3 4 702 937
3 13 218 466
3 14 604 933
4 5 201 37
4 14 861 717
4 15 366 625
5 6 815 695
5 15 987 740
5 16 962 38
6 7 444 952
6 16 906 708
6 17 944 758
7 8 863 499
7 17 372 981
7 18 6 685
8 9 124 706
8 18 536 850
8 19 784 793
9 19 52 37
10 11 632 309
10 20 233 134
10 21 390 319
11 12 424 296
11 21 974 200
11 22 987 111
12 13 474 314
12 22 46 775
12 23 84 105
13 14 880 764
13 23 893 343
13 24 153 431
14 15 556 893
14 24 690 654
14 25 113 11
15 16 994 399
15 25 194 359
15 26 921 720
16 17 137 791
16 26 161 223
16 27 638 80
17 18 298 427
17 27 772 735
17 28 746 346
18 19 589 255
18 28 706 375
18 29 115 887
19 29 301 147
20 21 800 374
20 30 307 393
20 31 50 204
21 22 701 543
21 31 796 549
21 32 242 251
22 23 136 436
22 32 580 459
22 33 820 235
23 24 627 739
23 33 618 329
23 34 593 708
24 25 180 822
24 34 130 195
24 35 685 24
25 26 983 431
25 35 770 585
25 36 67 46
26 27 746 325
26 36 374 557
26 37 331 942
27 28 175 967
27 37 142 132
27 38 946 176
28 29 860 858
28 38 579 304
28 39 769 823
29 39 703 456
30 31 0 553
30 40 836 536
30 41 437 619
31 32 468 379
31 41 693 43
31 42 288 863
32 33 225 399
32 42 893 701
32 43 591 31
33 34 149 109
33 43 882 858
33 44 810 420
34 35 149 248
34 44 44 959
34 45 323 752
35 36 244 866
35 45 821 591
35 46 532 671
36 37 195 37
36 46 426 225
36 47 360 902
37 38 123 641
37 47 284 597
37 48 840 690
38 39 943 95
38 48 613 796
38 49 940 69
39 49 686 127
40 41 254 847
40 50 619 641
40 51 334 514
41 42 396 796
41 51 348 687
41 52 280 975
42 43 16 879
42 52 667 991
42 53 371 507
43 44 308 369
43 53 543 941
43 54 458 250
44 45 61 345
44 54 393 12
44 55 467 899
45 46 939 903
45 55 19 283
45 56 385 821
46 47 495 658
46 56 382 210
46 57 418 390
47 48 665 618
47 57 708 317
47 58 942 199
48 49 799 520
48 58 556 421
48 59 272 786
49 59 704 941
50 51 116 878
50 60 487 107
50 61 702 398
51 52 696 482
51 61 428 38
51 62 868 783
52 53 226 953
52 62 464 504
52 63 459 902
53 54 85 201
53 63 48 829
53 64 954 641
54 55 846 978
54 64 158 978
54 65 114 215
55 56 972 358
55 65 945 380
55 66 174 422
56 57 8 489
56 66 277 804
56 67 275 512
57 58 694 644
57 67 265 342
57 68 866 495
58 59 313 147
58 68 614 402
58 69 700 22
59 69 337 156
60 61 809 177
60 70 57 481
60 71 706 313
61 62 674 949
61 71 770 774
61 72 182 296
62 63 318 6
62 72 243 253
62 73 107 969
63 64 623 901
63 73 325 561
63 74 96 754
64 65 597 574
64 74 703 362
64 75 630 191
65 66 931 20
65 75 838 567
65 76 131 533
66 67 279 872
66 76 670 101
66 77 592 361
67 68 542 885
67 77 386 239
67 78 531 63
68 69 392 241
68 78 576 951
68 79 399 87
69 79 551 195
70 71 47 920
70 80 782 843
70 81 60 729
71 72 514 831
71 81 304 851
71 82 103 592
72 73 362 409
72 82 183 273
72 83 378 88
73 74 564 872
73 83 206 843
73 84 479 587
74 75 522 573
74 84 189 763
74 85 753 280
75 76 541 88
75 85 272 527
75 86 486 641
76 77 707 363
76 86 264 6
76 87 223 418
77 78 233 66
77 87 200 483
77 88 580 831
78 79 522 504
78 88 240 884
78 89 336 864
79 89 327 603
80 81 63 865
80 90 386 864
80 91 599 633
81 82 846 318
81 91 248 152
81 92 499 440
82 83 386 454
82 92 539 775
82 93 74 659
83 84 378 302
83 93 514 577
83 94 533 461
84 85 672 235
84 94 3 508
84 95 742 562
85 86 468 268
85 95 802 577
85 96 255 983
86 87 898 11
86 96 992 607
86 97 90 533
87 88 830 703
87 97 402 228
87 98 103 874
88 89 368 863
88 98 827 821
88 99 648 274
89 99 587 882
90 91 746 421
91 92 670 786
92 93 594 504
93 94 185 635
94 95 546 268
95 96 294 601
96 97 942 887
97 98 889 96
98 99 319 579
