100 1000 400
0 17 143 123
0 28 102 380
0 33 496 453
0 47 303 52
0 51 422 425
0 63 239 7
0 78 49 159
0 86 426 489
1 2 335 110
1 5 50 270
1 9 298 31
1 23 243 455
1 48 59 106
1 86 321 371
1 90 86 266
1 99 9 139
2 11 155 132
2 16 23 0
2 57 362 269
2 63 144 165
2 73 269 193
2 79 138 131
2 95 357 306
3 13 415 141
3 28 50 29
3 32 43 486
3 33 92 345
3 42 155 3
3 56 218 487
3 68 177 347
3 77 337 254
3 80 261 390
3 86 426 303
4 23 277 55
4 25 171 178
4 41 412 172
4 43 196 262
4 45 385 275
4 53 120 417
4 68 412 378
4 71 205 102
4 73 348 374
4 75 286 215
4 78 249 231
4 93 487 191
5 3 494 163
5 4 264 323
5 10 445 255
5 14 180 46
5 20 232 30
5 24 219 67
5 29 449 338
5 34 219 23
5 78 240 160
5 98 330 288
6 11 180 278
6 17 190 97
6 18 64 457
6 28 47 142
6 29 228 204
6 30 188 208
6 37 1 466
6 39 264 371
6 43 336 346
6 44 486 466
6 45 335 122
6 48 149 438
6 87 10 331
6 96 81 205
7 12 245 457
7 15 359 402
7 20 112 160
7 32 99 302
7 33 282 439
7 40 268 34
7 51 257 3
7 72 312 161
7 74 210 282
7 89 124 363
7 93 254 1
8 1 372 107
8 7 458 101
8 9 264 383
8 11 450 62
8 18 262 79
8 32 435 161
8 33 488 70
8 47 329 379
8 49 359 458
8 75 431 414
8 92 51 320
9 5 331 349
9 11 185 264
9 12 29 36
9 14 223 314
9 16 428 480
9 20 397 494
9 40 459 134
9 43 282 76
9 47 433 102
9 49 50 195
9 77 233 130
9 93 465 401
10 3 332 70
10 6 18 499
10 9 157 319
10 23 486 407
10 24 223 295
10 34 76 247
10 38 401 134
10 51 86 443
10 82 138 13
10 85 381 326
10 95 382 148
11 12 72 469
11 24 37 320
11 29 2 236
11 46 260 258
11 50 74 6
11 55 400 29
11 57 346 164
11 58 198 246
11 67 183 230
11 68 49 144
12 10 268 293
12 13 321 369
12 16 353 263
12 28 89 122
12 30 43 382
12 43 113 306
12 50 425 342
12 67 263 45
12 68 218 467
12 85 276 346
13 19 148 146
13 30 374 94
13 35 300 36
13 37 451 326
13 72 138 250
13 76 432 91
13 77 162 43
14 17 477 370
14 24 235 475
14 27 225 354
14 34 304 57
14 38 224 345
14 39 311 386
14 53 489 248
14 55 438 177
14 59 267 237
14 60 193 159
14 67 96 44
14 80 86 14
14 87 293 362
14 93 322 59
15 9 338 475
15 11 96 46
15 40 376 50
15 47 39 306
15 57 24 128
15 61 207 228
15 66 117 319
15 71 264 322
15 72 158 67
15 77 142 491
15 86 188 107
15 89 441 70
15 94 309 403
15 98 405 350
16 13 318 413
16 23 27 125
16 30 174 24
16 34 47 496
16 39 128 207
16 48 34 177
16 68 253 408
16 70 193 169
16 76 112 309
16 97 58 316
17 9 223 36
17 18 259 256
17 21 157 465
17 58 287 113
17 61 201 187
17 91 100 116
17 95 343 6
18 16 384 27
18 26 413 139
18 38 247 9
18 47 56 487
18 53 329 190
18 55 9 447
18 61 432 438
18 62 257 376
18 64 372 473
18 76 221 334
18 92 15 159
19 6 33 349
19 21 457 494
19 33 190 209
19 64 441 229
19 80 332 62
19 86 339 291
19 92 203 491
20 0 293 179
20 14 174 140
20 16 479 390
20 30 176 213
20 36 458 252
20 41 110 422
20 45 331 86
20 91 378 416
21 0 346 157
21 15 151 263
21 25 409 374
21 40 211 227
21 46 368 83
21 51 138 92
21 54 357 373
21 60 115 433
21 62 13 224
21 67 180 160
21 76 218 46
21 85 484 230
21 89 79 287
22 18 43 224
22 28 259 248
22 50 289 343
22 66 478 384
22 67 153 204
22 89 20 25
22 94 137 16
22 96 316 321
23 12 26 156
23 32 446 419
23 35 60 307
23 55 165 290
23 60 162 259
23 61 263 218
23 72 383 191
23 76 74 342
23 95 183 369
23 98 184 164
24 0 457 14
24 2 31 194
24 42 202 188
24 50 356 158
24 94 258 242
25 7 469 131
25 8 259 115
25 9 336 270
25 20 153 484
25 32 422 377
25 78 472 256
25 81 356 287
25 93 297 396
26 11 355 480
26 13 453 494
26 16 7 296
26 21 183 73
26 25 383 379
26 33 224 347
26 43 437 176
26 45 70 104
26 51 336 298
26 53 336 42
26 54 431 83
26 58 7 170
26 68 244 181
26 84 352 92
26 99 25 356
27 6 56 122
27 18 209 243
27 21 259 143
27 49 325 230
27 98 31 72
28 1 127 17
28 9 378 263
28 13 465 134
28 21 136 269
28 39 79 233
28 55 43 379
28 59 171 238
28 77 71 438
28 90 41 492
28 98 396 308
29 3 308 94
29 4 346 295
29 7 277 100
29 14 37 218
29 20 124 318
29 28 283 451
29 30 54 471
29 45 415 266
29 60 286 478
29 66 450 339
29 72 338 261
29 80 492 104
29 87 182 86
30 15 488 346
30 24 41 460
30 26 142 114
30 35 389 25
30 61 207 394
30 62 46 40
30 65 66 141
30 86 126 117
30 87 346 102
30 95 404 401
31 2 430 275
31 9 307 103
31 27 285 351
31 28 69 386
31 44 66 73
31 50 81 158
31 54 60 7
31 61 276 66
31 69 150 117
31 91 329 193
31 95 29 168
32 4 220 265
32 19 385 406
32 30 65 132
32 31 82 409
32 35 333 411
32 42 402 321
32 43 347 178
32 54 218 493
32 65 436 252
32 73 169 424
32 75 6 76
33 10 182 124
33 31 247 272
33 32 152 258
33 37 219 455
33 67 8 51
33 70 77 48
33 82 389 220
33 84 99 423
33 86 113 350
34 2 274 251
34 4 36 324
34 19 112 474
34 20 406 389
34 24 58 320
34 25 51 451
34 41 201 154
34 42 359 20
34 46 187 360
34 56 378 83
34 67 278 293
34 76 87 451
34 93 72 158
34 95 469 125
34 98 289 48
35 0 189 43
35 2 453 40
35 24 263 204
35 34 312 97
35 38 145 442
35 55 247 73
35 63 232 253
35 89 124 2
35 90 171 353
35 92 459 272
36 32 238 4
36 34 38 420
36 37 286 292
36 52 437 208
36 54 89 223
36 65 30 367
36 70 151 220
36 76 424 207
36 85 477 106
36 90 378 198
36 97 365 39
37 2 76 266
37 12 119 140
37 19 81 56
37 20 466 352
37 34 336 10
37 43 325 353
37 51 244 170
37 57 221 48
37 67 161 242
37 86 366 221
37 91 146 444
37 94 147 272
37 99 385 43
38 15 90 125
38 16 138 266
38 25 453 301
38 36 427 332
38 86 92 225
38 92 426 492
38 93 37 235
39 22 462 381
39 26 101 209
39 34 179 26
39 37 474 288
39 43 434 470
39 56 303 412
39 66 460 498
39 78 270 337
39 79 455 95
40 12 310 201
40 25 267 392
40 37 161 234
40 54 123 313
40 69 186 154
40 74 23 294
40 82 57 76
40 86 363 260
40 92 445 495
40 99 402 28
41 11 115 53
41 40 466 204
41 44 478 0
41 63 475 247
42 9 166 138
42 23 480 466
42 66 83 361
43 18 389 2
43 25 174 205
43 30 118 403
43 47 341 212
43 54 490 94
43 57 284 412
43 59 305 492
43 65 82 219
43 68 54 153
43 77 411 37
43 78 247 229
43 89 112 200
43 90 414 243
43 99 436 355
44 19 308 200
44 34 428 387
44 42 310 377
44 43 441 157
44 53 478 220
44 63 492 148
44 71 23 291
44 75 490 432
44 90 481 134
45 9 221 428
45 17 349 299
45 28 74 274
45 30 23 189
45 48 87 447
45 52 450 320
45 57 434 363
45 74 218 220
45 83 57 131
45 86 367 59
45 90 49 456
45 92 189 58
46 0 265 453
46 6 9 457
46 10 350 68
46 15 152 56
46 27 430 168
46 33 179 100
46 51 369 13
46 63 74 119
46 64 19 420
46 89 194 45
47 17 421 301
47 20 386 261
47 25 109 79
47 29 415 400
47 45 63 346
47 53 216 90
47 60 338 482
47 75 247 102
47 85 101 423
47 93 350 168
47 97 48 126
48 0 255 78
48 3 404 91
48 14 399 242
48 18 36 461
48 21 329 412
48 23 412 399
48 30 201 423
48 38 230 397
48 47 317 28
48 53 370 83
48 69 198 456
48 89 223 465
48 90 196 83
48 94 361 484
49 24 489 304
49 29 468 219
49 35 474 155
49 44 323 477
49 59 498 296
49 63 353 367
49 64 439 411
49 92 171 356
49 94 282 61
50 14 384 116
50 18 425 464
50 35 148 223
50 40 389 290
50 51 170 456
50 55 228 477
51 1 261 15
51 23 303 53
51 27 112 275
51 33 37 452
51 56 349 83
51 84 363 119
51 87 124 154
51 93 153 417
51 97 143 178
52 8 54 95
52 11 183 288
52 15 21 277
52 25 479 486
52 26 50 125
52 28 315 80
52 38 170 75
52 46 414 443
52 78 162 447
52 82 299 23
52 85 190 48
52 86 337 103
52 93 476 254
52 95 171 227
52 97 164 296
53 7 241 446
53 16 450 108
53 23 176 136
53 37 49 426
53 46 413 313
53 62 206 36
53 73 250 404
53 76 410 473
53 98 291 347
54 2 411 233
54 5 362 322
54 10 337 157
54 28 429 54
54 30 237 405
54 41 35 231
54 71 204 378
54 85 461 322
54 86 174 55
54 90 156 67
55 9 480 304
55 19 466 219
55 20 391 94
55 34 440 278
55 45 462 295
55 57 494 193
55 63 430 50
55 86 470 108
55 95 362 385
55 98 246 383
56 9 226 278
56 14 216 279
56 19 25 480
56 37 66 362
56 41 176 360
56 42 297 114
56 45 111 460
56 53 292 334
56 57 252 382
56 59 382 162
56 67 323 145
56 86 339 453
56 96 495 272
57 3 337 304
57 13 197 456
57 16 380 93
57 33 171 141
57 41 63 145
57 52 91 497
57 62 383 252
57 67 174 440
57 79 452 125
57 97 334 474
57 99 104 239
58 2 414 379
58 13 64 460
58 22 320 348
58 27 389 170
58 45 493 401
58 51 432 251
58 68 221 415
58 76 218 392
58 77 324 475
58 85 103 472
58 86 102 100
58 91 234 388
58 94 105 469
58 96 155 64
59 2 325 198
59 3 345 437
59 21 172 441
59 39 246 151
59 40 380 461
59 69 204 92
59 82 470 480
59 91 130 214
59 93 269 113
59 97 267 220
60 3 353 61
60 10 154 314
60 12 427 457
60 15 315 102
60 22 283 464
60 31 267 310
60 32 148 287
60 53 471 257
60 55 292 439
60 69 358 280
60 89 439 251
60 92 454 415
60 97 10 28
61 6 194 428
61 8 91 112
61 34 113 316
61 56 52 212
61 70 80 487
61 72 228 474
61 89 239 255
61 90 2 33
61 91 121 366
61 92 310 40
61 94 50 405
61 97 311 227
62 1 54 129
62 3 401 93
62 13 1 267
62 16 57 405
62 20 432 140
62 24 203 383
62 45 87 20
62 50 374 240
62 73 280 316
62 75 97 121
62 88 196 68
62 95 441 91
62 98 91 401
62 99 489 231
63 5 38 400
63 15 171 81
63 17 174 250
63 62 342 282
63 74 481 464
63 93 485 39
64 17 399 418
64 33 396 462
64 35 60 61
64 47 345 242
64 52 64 153
64 55 168 60
64 58 463 314
64 59 21 444
64 71 340 465
65 7 169 36
65 8 495 301
65 10 141 448
65 15 60 214
65 17 278 432
65 24 457 29
65 27 433 303
65 29 68 324
65 34 320 249
65 37 272 470
65 50 67 160
65 56 469 371
65 85 222 71
66 23 493 461
66 26 73 442
66 48 413 308
66 70 207 325
66 73 323 209
66 75 52 274
66 91 1 107
66 96 32 484
67 0 181 304
67 2 138 278
67 27 276 138
67 28 176 128
67 29 153 150
67 77 35 109
68 28 289 403
68 34 184 104
68 39 73 311
68 51 463 0
68 52 210 298
68 57 311 321
69 33 86 284
69 46 161 91
69 47 142 382
69 83 207 308
69 85 272 444
69 90 118 210
69 98 206 215
69 99 378 175
70 7 340 308
70 39 409 358
70 41 447 328
70 47 360 328
70 52 491 275
70 59 366 358
70 60 82 287
70 65 2 148
70 88 10 142
70 99 100 446
71 14 99 403
71 33 291 177
71 35 143 133
71 36 376 408
71 41 384 50
71 55 104 285
71 72 210 345
71 77 79 3
71 90 348 17
72 0 355 132
72 8 229 408
72 34 232 236
72 38 288 328
72 39 291 435
72 48 221 106
72 55 33 256
72 58 494 152
72 68 113 226
72 78 393 437
72 98 354 41
73 10 429 457
73 19 236 42
73 41 383 325
73 50 433 202
73 57 42 431
73 59 251 400
73 80 26 397
73 81 170 431
73 91 9 297
73 92 17 390
74 11 238 462
74 37 252 361
74 41 181 110
74 60 417 102
74 66 422 425
74 79 482 175
74 81 259 107
74 83 253 24
74 90 257 132
74 94 266 27
74 97 18 271
74 99 268 403
75 15 484 17
75 45 395 165
75 50 198 403
75 58 409 444
75 72 300 240
75 74 382 182
75 88 240 190
76 35 389 259
76 46 9 162
76 56 246 466
76 59 43 219
76 67 364 490
76 74 84 182
76 75 292 83
76 95 414 298
77 14 240 349
77 18 5 363
77 34 474 384
77 38 413 185
77 62 141 294
77 63 392 448
77 72 388 116
78 7 53 19
78 8 168 252
78 16 305 345
78 62 433 389
78 85 239 121
78 87 55 206
79 19 67 126
79 33 451 167
79 36 327 250
79 40 181 87
79 41 25 91
79 47 438 235
79 49 358 49
79 58 83 493
79 62 331 168
79 73 247 442
79 88 29 197
80 2 488 184
80 6 173 482
80 16 227 2
80 28 481 24
80 32 85 241
80 35 181 64
80 39 425 292
80 45 67 120
80 65 19 208
80 77 167 366
80 93 227 234
80 96 78 101
81 1 26 141
81 6 478 252
81 27 308 339
81 35 169 198
81 41 352 139
81 58 104 312
81 60 231 174
81 70 288 489
81 79 424 485
81 88 326 385
81 93 293 165
81 99 298 343
82 35 156 305
82 37 208 181
82 38 216 126
82 56 204 50
82 58 96 366
82 69 443 106
82 70 88 372
82 85 137 0
82 97 181 406
82 98 231 361
83 21 136 480
83 25 174 272
83 50 409 466
83 59 92 359
83 63 470 375
83 77 183 25
83 85 420 486
83 86 74 78
83 94 67 225
83 95 414 85
84 1 14 218
84 27 109 93
84 35 466 436
84 40 160 66
84 43 482 52
84 63 85 153
84 71 393 82
84 74 461 209
84 77 110 127
84 78 74 353
84 80 336 258
84 81 24 433
84 82 266 118
84 87 150 150
84 91 383 42
84 98 163 170
85 0 353 352
85 13 430 117
85 15 317 145
85 17 7 276
85 24 203 346
85 29 173 324
85 31 498 48
85 35 398 90
85 37 150 127
85 41 239 374
85 48 174 142
85 61 387 402
85 81 167 215
85 90 26 346
86 7 338 418
86 34 497 314
86 36 395 191
86 41 172 320
86 46 2 349
86 69 339 488
86 70 352 113
86 75 283 379
87 9 383 350
87 28 149 117
87 32 127 362
87 33 440 155
87 36 222 212
87 45 374 471
87 88 293 52
88 0 103 122
88 9 57 40
88 22 391 177
88 32 412 60
88 40 168 213
88 45 253 160
88 58 268 37
88 71 250 328
88 84 141 401
89 5 177 114
89 11 264 317
89 23 175 449
89 28 426 147
89 32 164 74
89 34 475 69
89 68 259 331
89 76 179 329
89 81 235 329
89 84 149 326
89 92 6 59
89 93 242 207
89 95 392 346
90 12 252 430
90 18 341 140
90 22 310 366
90 39 5 74
90 49 387 373
90 68 392 353
90 95 48 139
91 12 252 232
91 15 250 20
91 29 266 268
91 30 4 419
91 40 186 278
91 67 242 36
91 80 463 443
91 82 342 19
91 88 477 277
92 0 369 125
92 1 401 256
92 2 85 495
92 25 142 233
92 57 202 4
92 77 471 17
92 78 441 231
92 85 75 10
92 90 388 356
92 93 144 293
92 96 445 278
93 13 307 230
93 16 7 373
93 20 317 479
93 23 246 389
93 27 451 227
93 29 303 358
93 32 202 119
93 37 20 186
93 41 81 77
93 46 158 134
93 58 210 385
93 60 48 385
93 86 464 315
93 91 295 50
94 2 65 86
94 16 77 51
94 23 340 21
94 29 0 145
94 42 293 91
94 52 198 360
94 54 414 130
94 89 426 432
94 92 122 368
95 7 316 495
95 11 63 280
95 15 446 98
95 26 376 338
95 27 35 221
95 40 25 410
95 50 137 220
95 71 135 425
95 98 407 127
95 99 404 145
96 8 382 439
96 12 331 227
96 24 151 282
96 26 413 295
96 39 34 123
96 65 405 221
96 74 12 97
96 86 107 88
96 88 270 90
97 0 230 365
97 27 162 100
97 30 385 164
97 76 104 293
97 86 325 494
97 88 243 301
97 91 269 474
97 94 319 377
98 7 17 139
98 14 106 284
98 17 160 143
98 45 121 297
98 54 366 465
98 64 28 313
98 88 156 235
98 90 335 336
98 92 425 478
99 11 423 323
99 33 3 148
99 42 11 394
99 49 356 271
99 60 273 160
99 80 492 463
99 85 362 409
99 97 64 345
99 98 491 403
