100 1000 500
0 3 575 476
0 17 245 275
0 49 475 97
0 59 135 89
0 62 78 43
0 67 57 531
0 94 2 103
1 5 433 476
1 8 186 198
1 13 591 155
1 24 3 582
1 25 55 41
1 27 289 57
1 28 565 441
1 46 128 464
1 47 369 155
1 58 418 416
1 72 335 54
1 79 545 479
1 85 266 286
1 86 121 88
1 93 108 456
1 98 322 229
2 1 274 584
2 10 263 61
2 51 295 177
2 67 35 349
2 82 123 188
2 83 152 331
2 94 227 327
3 1 110 501
3 4 253 13
3 17 48 214
3 19 198 230
3 21 126 158
3 26 195 349
3 38 597 262
3 47 62 464
3 57 173 14
3 77 116 81
3 78 586 550
3 89 227 124
4 9 548 264
4 15 94 103
4 18 546 202
4 23 275 143
4 30 20 397
4 46 6 575
4 60 319 371
5 0 341 61
5 4 333 393
5 8 77 475
5 27 477 549
5 32 68 404
5 33 92 531
5 63 149 217
5 70 352 588
5 74 255 218
5 86 97 377
5 87 572 551
5 96 356 523
5 99 361 275
6 2 386 576
6 19 126 394
6 20 436 375
6 26 132 482
6 52 233 555
6 73 556 383
6 86 417 109
7 4 419 150
7 12 395 294
7 15 308 112
7 39 391 422
7 43 310 555
7 47 472 373
7 62 539 577
7 65 292 548
7 68 552 204
7 85 210 107
8 17 295 284
8 24 201 3
8 29 99 191
8 30 527 403
8 37 88 165
8 63 204 237
8 85 148 547
8 87 400 581
9 6 239 279
9 14 521 94
9 17 448 272
9 24 244 534
9 38 288 400
9 52 458 121
9 53 180 314
9 71 125 378
9 75 516 95
9 76 308 585
9 78 217 224
9 80 569 47
9 81 54 128
9 85 189 305
9 88 423 315
10 1 563 372
10 5 474 336
10 6 66 251
10 9 112 521
10 20 258 459
10 24 303 87
10 40 474 43
10 41 511 594
10 45 170 356
10 50 449 200
10 62 495 401
10 64 420 553
10 68 242 118
10 73 193 353
10 84 191 553
11 13 534 90
11 15 125 297
11 23 507 255
11 26 246 334
11 27 532 433
11 38 263 527
11 49 188 104
11 51 239 474
11 64 111 450
11 83 237 60
11 90 449 515
11 93 297 96
12 26 80 67
12 30 73 483
12 36 330 557
12 42 383 565
12 52 272 294
12 59 392 194
12 65 319 352
12 82 98 593
12 88 509 459
12 89 370 166
13 17 149 313
13 21 395 438
13 26 548 58
13 27 216 345
13 41 490 139
13 48 133 397
13 52 177 70
13 53 533 186
13 61 402 248
13 62 201 479
13 70 404 386
13 88 127 35
13 92 234 162
14 6 303 312
14 12 571 385
14 31 321 155
14 37 281 528
14 52 516 391
14 56 420 296
14 69 210 598
14 92 275 77
15 3 353 14
15 5 304 437
15 12 40 589
15 34 145 167
15 35 384 55
15 36 55 459
15 41 271 311
15 71 11 512
15 87 423 40
16 15 18 88
16 19 120 439
16 29 245 201
16 41 372 540
16 46 156 568
16 60 184 258
16 75 225 459
16 99 250 114
17 10 331 123
17 22 406 179
17 23 224 271
17 87 225 356
17 99 507 341
18 6 518 202
18 14 565 284
18 16 33 80
18 23 351 149
18 31 281 43
18 32 315 44
18 35 565 45
18 42 154 317
18 43 227 190
18 78 522 257
19 33 260 528
19 40 181 351
19 42 118 184
19 49 345 396
19 55 529 268
19 61 497 381
19 62 81 361
19 64 543 349
19 80 15 186
19 82 254 197
19 84 129 170
19 93 114 521
19 99 259 131
20 4 196 505
20 5 67 50
20 11 209 447
20 13 389 512
20 26 252 95
20 35 554 388
20 59 92 367
20 68 487 252
20 90 342 347
20 94 67 217
21 18 179 360
21 26 496 176
21 33 442 530
21 50 355 26
21 91 48 58
22 9 371 278
22 10 452 476
22 34 16 312
22 49 170 471
22 53 198 186
22 54 300 193
22 55 530 143
22 59 428 156
22 64 160 22
22 65 484 27
22 69 82 185
22 74 26 197
22 93 24 366
23 20 93 480
23 30 287 197
23 33 552 298
23 40 199 254
23 44 291 341
23 45 325 565
23 63 507 147
23 70 218 292
23 78 17 599
23 81 198 441
23 92 362 339
24 17 59 170
24 22 539 574
24 23 468 334
24 28 292 503
24 35 434 1
24 59 295 422
24 67 280 25
24 84 244 252
24 85 405 1
24 89 552 275
24 94 554 385
24 97 251 118
25 2 557 486
25 4 180 285
25 14 130 511
25 16 153 344
25 32 71 136
25 46 348 316
25 62 479 218
25 67 370 243
25 89 170 560
26 1 161 589
26 9 567 514
26 75 490 467
26 77 340 532
26 85 59 372
26 97 80 141
26 99 251 363
27 0 373 126
27 15 104 92
27 19 535 271
27 23 147 343
27 24 386 353
27 36 593 347
27 39 249 442
27 48 501 292
27 84 145 0
27 85 498 117
27 87 386 574
27 88 419 517
27 89 562 100
27 99 406 515
28 11 197 209
28 20 232 365
28 26 516 568
28 34 568 302
28 36 304 570
28 69 224 293
28 72 256 485
28 90 520 556
28 99 545 269
29 6 108 176
29 7 572 589
29 38 285 341
29 41 354 568
29 54 524 108
29 64 422 185
29 97 171 108
30 0 356 121
30 5 28 514
30 15 363 20
30 43 206 153
30 47 403 427
30 48 574 215
30 53 228 262
30 71 525 242
30 73 151 123
31 3 412 579
31 5 260 28
31 6 406 127
31 32 231 42
31 40 538 113
31 55 97 159
31 57 479 368
31 67 423 567
31 68 129 274
31 78 55 227
31 84 119 37
31 88 516 527
31 93 297 217
31 95 185 344
32 1 296 94
32 12 134 222
32 36 191 331
32 38 329 358
32 47 535 582
32 48 324 189
32 54 534 96
32 59 262 31
32 74 341 65
32 78 499 368
32 83 377 406
32 84 21 224
32 99 179 412
33 4 415 120
33 7 90 81
33 20 515 19
33 32 545 457
33 46 516 109
33 68 444 545
33 84 372 470
33 86 564 514
33 88 257 327
33 95 337 560
34 26 511 133
34 38 213 360
34 41 469 430
34 52 132 248
34 60 558 462
34 73 285 386
34 77 245 141
34 78 245 150
34 82 32 331
34 99 128 448
35 13 382 447
35 14 383 224
35 23 99 517
35 75 321 338
35 76 145 191
35 78 68 378
35 99 335 437
36 9 574 457
36 19 348 567
36 54 349 29
36 60 432 259
36 75 264 341
36 81 361 388
36 95 214 189
37 32 598 438
37 39 535 83
37 62 487 421
37 71 227 297
37 83 309 73
37 93 418 202
38 4 598 380
38 7 294 313
38 18 501 65
38 20 472 270
38 42 265 478
38 43 398 240
38 88 69 43
38 90 316 158
39 15 564 420
39 16 262 202
39 20 591 449
39 55 333 459
39 74 322 177
39 79 116 442
39 90 571 401
39 94 137 41
39 96 424 478
39 97 34 181
40 9 499 436
40 25 125 291
40 30 31 28
40 57 300 430
40 60 418 594
40 80 508 43
40 84 343 537
40 90 471 5
41 20 186 380
41 23 502 245
41 31 38 95
41 33 279 219
41 38 493 76
41 43 87 360
41 66 16 32
41 68 586 595
41 75 139 405
41 82 537 138
41 93 565 171
41 96 338 436
41 99 78 582
42 6 429 492
42 21 540 228
42 22 173 172
42 40 288 403
42 51 572 91
42 57 375 18
42 65 24 207
42 66 222 166
42 78 361 422
42 82 193 409
43 5 262 71
43 8 596 502
43 14 82 260
43 45 35 6
43 55 7 569
43 66 46 363
43 67 40 156
43 69 213 166
43 70 76 156
43 71 336 218
43 72 37 256
43 78 74 199
43 91 60 415
44 1 484 293
44 3 301 511
44 41 73 384
44 45 204 549
44 54 459 58
44 61 90 479
44 69 28 42
44 70 367 48
44 74 303 150
44 79 36 393
45 1 576 335
45 11 440 299
45 16 117 534
45 31 236 111
45 74 276 282
45 81 83 532
45 84 58 134
46 7 509 226
46 10 323 209
46 34 177 65
46 40 142 342
46 49 460 343
46 56 555 87
46 59 379 38
46 62 254 450
46 64 253 338
46 74 449 519
46 75 263 460
46 76 356 32
46 81 362 233
46 82 566 305
47 18 459 156
47 23 93 88
47 31 520 123
47 45 411 502
47 48 233 25
47 52 405 257
47 61 312 228
47 67 291 290
47 86 206 598
47 91 345 125
48 4 180 324
48 11 430 278
48 42 459 266
48 44 282 145
48 49 294 341
48 59 492 243
48 63 231 516
48 65 173 347
48 78 39 268
48 84 76 330
49 2 594 487
49 45 496 156
49 50 527 79
49 52 359 29
49 53 303 152
49 64 507 575
49 67 8 520
49 76 220 164
49 77 291 201
49 78 409 574
49 85 407 198
50 33 308 508
50 34 203 9
50 41 492 295
50 42 132 66
50 54 149 71
50 61 496 256
50 78 582 475
50 83 318 204
51 20 66 456
51 26 2 295
51 29 121 507
51 36 69 93
51 47 82 480
51 53 495 358
51 59 109 20
51 63 548 222
51 67 68 67
51 74 231 423
51 75 163 175
51 81 84 109
51 98 135 365
52 11 191 193
52 15 546 591
52 25 343 205
52 29 501 381
52 37 393 81
52 67 576 65
52 76 323 106
52 86 569 471
53 0 0 271
53 7 470 102
53 8 84 542
53 15 341 584
53 40 176 129
53 45 32 425
53 59 77 2
53 65 288 150
53 71 346 380
53 89 55 573
53 92 475 321
54 7 107 253
54 15 378 420
54 20 424 241
54 26 286 54
54 30 83 178
54 31 48 574
54 33 78 341
54 41 444 190
54 49 231 341
54 65 197 313
54 66 336 306
54 83 37 249
55 11 138 335
55 29 390 512
55 40 241 51
55 47 509 370
55 59 495 460
55 67 464 179
55 68 528 528
55 80 138 555
55 83 267 441
55 87 20 95
55 90 210 376
55 91 534 122
55 99 7 239
56 2 472 209
56 4 528 360
56 6 177 461
56 13 120 435
56 19 70 485
56 27 94 381
56 48 415 102
56 79 183 116
56 81 432 510
56 93 205 112
57 6 121 146
57 20 12 277
57 23 451 203
57 25 251 388
57 54 391 390
57 55 423 189
57 74 236 174
57 94 89 174
58 2 542 570
58 22 426 264
58 24 466 22
58 33 435 353
58 40 297 285
58 45 577 492
58 48 532 488
58 52 298 436
58 72 449 169
58 88 565 321
58 91 175 576
58 95 318 353
59 3 119 69
59 5 214 510
59 23 554 517
59 35 359 160
59 47 91 229
59 50 418 307
59 52 586 72
59 72 223 300
59 75 536 168
59 89 245 403
59 92 365 594
59 96 363 421
60 0 523 409
60 7 263 146
60 20 271 76
60 23 222 232
60 32 393 144
60 43 431 501
60 80 240 546
60 87 3 20
61 11 427 172
61 60 377 104
61 62 365 256
61 64 496 138
61 77 494 395
62 2 539 309
62 6 238 121
62 9 287 277
62 11 245 10
62 26 333 97
62 33 109 425
62 40 269 407
62 47 178 428
62 53 15 216
62 55 139 580
62 74 264 358
62 79 339 143
62 85 445 475
62 93 486 126
63 22 222 115
63 25 196 85
63 27 586 534
63 34 488 109
63 41 560 80
63 49 412 464
63 55 499 228
63 65 62 49
63 69 182 506
63 79 587 400
63 80 395 39
63 83 311 419
64 9 402 332
64 21 74 236
64 26 360 384
64 43 65 574
64 63 279 436
64 65 359 45
64 73 557 231
64 86 544 207
64 96 485 533
64 97 259 69
65 13 15 425
65 25 513 560
65 28 319 360
65 61 167 557
65 70 540 256
65 90 426 307
65 96 388 280
66 13 589 341
66 18 193 101
66 23 232 438
66 24 494 33
66 39 37 365
66 44 497 108
66 48 81 544
66 65 496 345
66 84 481 88
66 86 565 58
66 88 174 593
67 5 531 183
67 33 259 418
67 48 518 369
67 57 423 81
67 92 343 530
67 94 191 469
68 17 413 180
68 30 512 206
68 46 91 5
68 56 125 370
68 58 532 434
68 72 239 476
68 74 578 10
68 89 510 512
68 92 478 424
69 6 281 510
69 19 3 291
69 23 227 378
69 25 124 95
69 37 159 506
69 42 510 51
69 52 89 160
69 56 221 438
69 79 559 67
69 83 398 329
69 88 142 149
69 99 379 335
70 2 526 126
70 9 8 583
70 20 271 84
70 27 358 517
70 33 126 373
70 36 447 575
70 38 72 76
70 49 421 326
70 52 423 440
70 76 550 434
70 80 86 405
70 87 138 558
70 91 494 140
70 93 327 354
71 6 107 95
71 13 568 404
71 19 119 110
71 20 354 313
71 27 187 97
71 32 82 530
71 34 157 519
71 39 134 283
71 68 493 163
71 72 266 352
71 74 48 210
71 90 0 597
72 6 432 577
72 10 371 214
72 12 64 121
72 17 476 462
72 37 538 72
72 38 553 387
72 41 368 456
72 95 13 445
73 0 24 262
73 11 318 330
73 41 106 256
73 47 99 335
73 79 548 17
73 88 545 233
73 95 72 547
74 4 552 207
74 13 413 284
74 16 316 338
74 25 390 451
74 37 261 30
74 47 230 522
74 52 349 595
74 59 332 444
74 64 309 174
74 76 260 191
74 80 535 436
74 96 280 158
74 99 50 378
75 0 159 39
75 4 448 484
75 13 294 249
75 14 12 518
75 17 262 398
75 22 248 26
75 24 577 237
75 33 333 82
75 38 46 171
75 39 293 311
75 44 442 325
75 48 277 206
75 52 580 435
75 54 61 448
75 76 65 115
76 0 14 325
76 18 53 413
76 19 516 160
76 23 541 190
76 25 122 406
76 31 358 358
76 33 238 205
76 36 224 90
76 48 202 99
76 55 326 1
76 61 185 23
76 90 54 228
77 22 250 314
77 25 106 366
77 32 109 441
77 44 238 359
77 58 461 458
77 71 372 363
78 11 293 173
78 20 528 576
78 44 382 283
78 58 22 298
78 72 566 114
78 73 595 277
78 77 103 191
78 80 92 548
78 86 248 361
78 93 478 391
79 2 204 462
79 5 52 501
79 21 453 133
79 26 353 401
79 28 524 567
79 31 302 357
79 36 138 567
79 46 412 82
79 51 130 309
79 59 581 247
79 60 13 481
79 64 87 387
79 70 17 227
79 72 76 353
79 75 458 230
79 85 539 387
79 94 258 112
79 96 131 143
80 5 169 186
80 30 142 462
80 33 534 74
80 37 162 253
80 44 352 131
80 48 1 429
81 0 542 543
81 20 382 330
81 30 88 161
81 32 403 68
81 41 365 255
81 48 234 574
81 71 517 12
81 74 130 450
81 94 234 1
81 97 343 7
82 16 141 235
82 18 383 334
82 21 509 119
82 30 534 149
82 32 154 225
82 35 447 221
82 54 176 0
82 86 597 212
82 94 82 520
83 22 148 564
83 24 34 154
83 27 0 97
83 39 363 570
83 46 514 103
83 57 49 145
83 62 549 464
83 67 223 105
83 82 109 21
84 1 386 73
84 2 501 406
84 3 118 190
84 7 107 441
84 9 385 505
84 16 337 46
84 30 558 313
84 51 193 234
84 67 383 187
84 72 568 383
84 77 411 256
84 94 246 358
84 99 330 507
85 39 307 149
85 42 224 347
85 44 186 372
85 54 484 23
85 78 410 497
85 84 364 185
85 87 491 300
85 92 371 287
86 10 254 442
86 36 189 240
87 3 598 145
87 23 529 405
87 30 317 253
87 33 336 350
87 41 37 472
87 81 107 255
87 99 466 287
88 39 199 578
88 45 21 437
88 53 299 469
88 67 526 443
88 86 437 470
89 2 93 361
89 15 75 48
89 29 449 456
89 32 539 225
89 34 268 581
89 36 232 39
89 57 407 165
89 61 584 296
89 63 313 589
89 71 89 433
89 98 386 504
90 7 3 266
90 12 279 37
90 31 301 463
90 32 534 552
90 43 235 282
90 46 484 364
90 59 407 395
90 69 219 244
90 73 568 218
90 74 35 49
90 88 387 33
90 89 251 109
90 96 157 553
91 1 444 117
91 2 520 245
91 7 184 56
91 26 507 241
91 32 20 564
91 33 195 257
91 64 562 533
91 71 247 213
91 81 543 581
91 97 178 429
92 1 102 204
92 22 46 582
92 38 213 232
92 39 559 205
92 40 265 401
92 69 242 60
92 70 226 497
93 2 575 277
93 4 104 234
93 12 99 234
93 21 576 36
93 42 413 52
93 47 302 417
93 50 598 389
93 57 567 153
93 66 352 466
93 77 336 89
93 84 111 80
93 85 117 108
93 97 541 140
94 22 140 203
94 27 271 103
94 29 97 373
94 33 79 338
94 71 223 89
94 74 486 65
94 91 414 443
94 95 61 193
95 0 531 232
95 8 442 388
95 11 475 274
95 66 424 493
95 70 115 313
95 79 265 393
95 82 242 394
95 89 490 184
95 92 384 65
96 13 454 480
96 17 272 107
96 21 465 505
96 26 15 323
96 36 329 494
96 60 558 121
96 78 454 597
96 81 92 389
96 93 563 389
97 4 105 514
97 7 45 279
97 10 98 130
97 17 109 208
97 34 427 266
97 43 85 370
97 48 90 186
97 51 202 490
97 58 445 38
97 60 580 376
97 71 181 433
97 77 319 500
97 80 159 310
97 94 209 139
98 6 146 107
98 36 156 96
98 41 341 430
98 52 175 241
98 54 424 97
98 58 16 532
98 69 419 154
98 78 576 387
98 79 345 37
98 81 573 373
99 14 586 488
99 18 316 554
99 54 380 424
99 56 552 308
99 58 570 112
99 61 391 342
99 63 197 457
99 86 145 556
99 95 435 448
