100 1000 600
0 11 401 259
0 27 657 55
0 43 763 575
0 52 561 195
0 57 197 170
0 58 681 247
0 62 429 330
0 94 791 533
1 4 536 47
1 18 77 727
1 25 430 140
1 44 604 454
1 63 10 476
1 72 187 168
1 86 340 159
2 0 582 97
2 6 336 472
2 15 52 532
2 26 729 178
2 28 346 543
2 36 408 218
2 38 335 472
2 40 785 192
2 53 459 352
2 64 342 193
2 66 241 557
2 70 528 469
2 82 291 254
2 84 612 731
2 86 665 213
3 11 306 279
3 18 404 359
3 42 341 302
3 45 668 440
3 62 482 462
3 67 416 102
3 68 274 730
3 69 171 137
3 74 366 73
3 83 316 539
3 85 593 458
4 14 553 710
4 23 522 660
4 26 611 173
4 33 137 398
4 50 564 21
4 52 109 713
4 57 11 246
4 78 340 18
4 81 494 104
4 91 241 53
4 98 255 132
5 8 629 700
5 23 218 471
5 26 690 163
5 33 546 556
5 47 511 112
5 50 552 71
5 81 109 198
5 83 443 549
5 91 225 364
5 96 131 611
5 99 66 424
6 5 187 324
6 16 290 685
6 20 258 312
6 42 112 710
6 52 324 392
6 60 715 371
6 77 3 648
7 0 360 155
7 2 644 289
7 3 592 488
7 18 643 783
7 33 639 27
7 34 160 60
7 37 560 296
7 48 18 384
7 75 364 701
7 87 513 525
7 94 630 613
7 98 509 40
8 12 562 731
8 16 267 406
8 25 259 182
8 48 691 499
8 49 526 226
8 58 398 171
8 66 93 699
8 91 598 340
8 93 529 471
9 2 417 485
9 10 683 484
9 11 563 134
9 27 421 225
9 31 125 543
9 37 84 358
9 39 94 472
9 40 399 322
9 48 92 197
9 60 477 438
9 69 517 264
9 76 180 569
9 84 592 319
9 88 115 474
10 3 748 665
10 42 453 606
10 62 378 281
10 74 764 705
10 77 55 335
10 88 267 356
11 4 687 179
11 12 244 160
11 23 677 406
11 43 505 421
11 54 228 403
11 60 152 354
11 88 527 160
11 91 362 190
12 1 586 410
12 13 332 708
12 32 530 371
12 48 250 525
12 55 572 55
12 61 578 632
12 74 30 230
12 85 769 694
12 89 207 773
13 14 571 693
13 19 48 377
13 27 93 145
13 32 782 785
13 42 24 777
13 50 599 220
13 55 733 600
13 60 168 496
13 69 529 321
13 71 380 439
13 74 612 753
13 89 798 411
13 95 349 290
13 98 402 785
14 10 228 434
14 42 342 628
14 43 432 222
14 53 15 211
14 55 118 711
14 59 30 539
14 85 207 419
14 87 502 374
14 97 86 128
15 14 303 359
15 33 253 487
15 40 424 319
15 44 530 461
15 58 131 586
15 65 731 42
15 67 798 772
15 95 757 758
16 4 9 25
16 23 423 146
16 28 399 185
16 32 496 67
16 37 731 239
16 43 766 651
16 44 147 503
16 46 65 433
16 50 203 289
16 55 430 286
16 61 398 113
16 65 298 317
16 66 322 611
16 84 619 555
17 2 757 216
17 5 327 493
17 8 621 727
17 11 538 373
17 18 92 669
17 23 243 143
17 35 317 611
17 46 633 175
17 48 109 317
17 64 227 460
17 72 386 39
17 78 496 655
17 82 617 461
17 87 166 674
17 90 753 100
18 14 788 575
18 19 640 245
18 25 42 680
18 28 328 167
18 50 310 32
18 57 274 697
18 58 149 730
18 62 254 455
18 64 514 587
18 66 43 582
18 72 669 154
18 82 492 672
18 89 733 341
19 14 153 229
19 16 596 437
19 24 258 318
19 27 205 63
19 35 520 750
19 38 383 788
19 42 458 2
19 43 447 158
19 50 137 226
19 51 710 338
19 54 523 575
19 64 44 241
19 74 482 359
19 85 689 444
19 86 670 176
20 0 341 394
20 40 101 52
20 41 657 5
20 43 682 254
20 48 788 313
20 52 578 513
20 58 765 30
20 67 518 341
20 70 277 501
20 89 457 335
21 8 410 799
21 9 762 48
21 36 726 699
21 45 210 736
21 51 119 761
21 55 467 770
21 60 521 166
21 63 505 508
21 74 232 182
21 83 165 239
21 87 611 349
22 4 437 329
22 13 731 484
22 30 380 742
22 42 575 386
22 59 110 346
22 68 434 248
22 87 663 287
22 91 644 81
22 99 512 744
23 6 228 604
23 8 323 539
23 13 339 623
23 19 554 3
23 30 261 301
23 32 53 718
23 45 32 388
23 57 768 719
23 62 625 328
23 65 738 679
23 72 329 507
23 76 312 572
23 89 54 134
23 93 665 742
23 98 350 398
24 7 779 795
24 8 524 409
24 10 784 294
24 15 67 144
24 17 244 621
24 37 485 6
24 40 663 624
24 42 456 224
24 81 170 264
24 97 646 453
25 26 156 185
25 41 95 535
25 53 690 417
25 55 205 333
25 68 363 356
25 73 691 77
25 76 702 12
25 81 615 9
25 91 150 232
25 92 10 228
25 97 401 93
25 98 263 795
26 3 783 638
26 17 48 166
26 21 656 432
26 37 187 397
26 47 539 279
26 49 627 271
26 50 706 581
26 53 86 314
26 57 251 293
26 76 395 678
26 86 187 281
26 91 399 674
27 3 619 511
27 8 408 715
27 11 300 552
27 12 40 478
27 17 70 560
27 21 790 520
27 23 107 727
27 54 293 634
27 58 44 590
27 83 500 494
27 84 799 196
27 92 288 681
28 3 306 678
28 5 44 742
28 14 5 512
28 15 287 6
28 29 102 484
28 41 680 736
28 55 766 518
28 64 613 0
28 67 562 130
28 77 419 614
28 88 777 435
28 92 273 655
29 7 671 567
29 9 763 541
29 17 553 298
29 31 303 369
29 35 595 149
29 37 735 42
29 53 599 502
29 55 659 277
29 57 777 336
29 61 261 797
29 73 97 585
29 81 40 581
29 92 494 361
30 0 4 224
30 25 450 181
30 39 184 307
30 43 226 14
30 52 348 548
30 54 631 766
30 63 716 296
30 64 403 111
30 69 303 300
30 77 12 708
30 87 246 215
30 93 70 159
31 7 716 523
31 10 302 17
31 18 684 240
31 24 527 626
31 51 584 190
31 56 498 543
31 64 781 26
31 81 463 525
31 96 392 56
32 38 734 314
32 43 113 661
32 57 701 315
32 63 88 467
32 74 379 753
32 78 38 480
32 79 192 364
32 82 199 118
33 30 481 267
33 37 191 334
33 46 584 257
33 55 515 640
33 78 536 341
33 87 25 21
33 97 4 799
34 1 612 325
34 29 82 185
34 40 253 343
34 58 302 496
34 61 360 208
34 63 147 651
34 64 386 431
34 72 502 512
34 76 509 589
34 94 517 248
35 0 513 309
35 20 191 134
35 51 116 778
35 70 442 75
35 99 218 169
36 7 546 366
36 11 525 5
36 38 513 796
36 42 465 215
36 53 110 553
36 54 238 184
36 65 397 5
37 4 404 488
37 11 26 638
37 12 52 408
37 13 240 422
37 18 263 202
37 32 262 797
37 67 681 165
37 77 612 58
37 86 432 232
37 89 727 504
37 96 509 250
38 3 232 700
38 21 419 230
38 37 378 723
38 42 616 130
38 46 252 326
38 48 642 517
38 55 468 222
38 76 425 364
38 93 602 573
38 96 526 689
39 0 764 606
39 10 556 588
39 13 261 404
39 24 88 373
39 49 325 154
39 57 753 557
39 77 330 317
39 94 716 4
40 5 372 650
40 10 237 479
40 14 144 516
40 18 294 631
40 21 271 733
40 31 674 417
40 72 37 86
40 99 553 396
41 11 608 620
41 19 363 399
41 21 500 150
41 27 666 349
41 35 359 785
41 40 783 716
41 54 94 393
41 93 325 448
42 16 405 140
42 33 369 411
42 34 443 777
42 78 80 444
42 94 214 133
43 1 367 736
43 4 309 18
43 8 196 184
43 9 598 563
43 35 367 499
43 37 283 736
43 53 90 771
43 55 52 521
43 58 462 608
43 59 781 572
43 70 505 460
43 76 569 571
43 80 119 514
43 82 102 538
43 89 525 220
43 92 644 636
43 98 204 327
44 8 48 201
44 22 575 15
44 32 455 386
44 36 581 282
44 39 371 261
44 53 51 226
44 59 79 606
44 63 450 34
44 95 448 354
44 96 514 436
45 30 681 558
45 38 615 656
45 39 73 108
45 44 197 560
45 54 783 97
45 58 218 185
45 67 127 80
46 8 775 519
46 10 762 300
46 12 70 100
46 22 157 412
46 23 79 8
46 45 278 162
46 47 626 614
46 55 489 570
46 58 535 32
46 76 209 405
46 80 319 637
46 86 336 131
47 2 660 24
47 13 522 208
47 30 395 729
47 60 790 722
47 65 13 120
47 77 591 508
47 82 413 683
48 21 387 125
48 47 777 779
48 74 278 225
48 76 511 317
48 77 776 615
48 78 286 138
48 79 430 297
48 81 457 414
48 82 338 441
48 86 18 457
48 87 435 103
49 30 127 715
49 31 611 243
49 34 107 607
49 35 27 363
49 40 104 553
49 75 464 145
50 3 9 75
50 24 27 739
50 25 478 348
50 36 484 670
50 38 393 3
50 41 477 264
50 42 196 507
50 49 339 188
50 56 630 597
50 61 195 598
50 71 718 746
50 74 617 591
50 89 456 778
50 93 121 375
50 99 799 161
51 4 86 283
51 14 406 439
51 33 670 306
51 37 229 286
51 49 608 111
51 55 732 58
51 68 263 138
52 19 681 19
52 44 588 458
52 48 477 120
52 57 603 406
52 92 740 581
53 3 669 789
53 8 214 469
53 34 401 558
53 37 108 579
53 69 6 266
53 75 656 175
53 81 597 640
53 89 253 173
53 96 174 27
53 97 143 713
54 21 786 358
54 22 218 397
54 24 111 674
54 25 364 675
54 48 326 705
54 59 538 70
54 61 352 346
54 74 265 269
54 94 343 777
54 96 542 362
54 97 93 396
55 0 797 11
55 36 555 365
55 69 233 340
55 74 194 245
55 79 619 236
55 87 398 104
55 92 18 367
56 6 30 207
56 18 264 625
56 19 164 7
56 23 413 552
56 28 165 476
56 43 262 370
56 53 459 335
56 55 268 17
56 58 314 409
56 85 453 292
56 97 609 463
57 1 512 414
57 6 602 773
57 22 300 243
57 28 526 683
57 31 275 143
57 46 193 751
57 49 122 110
57 60 574 282
57 61 55 717
57 68 385 588
57 96 783 684
58 2 41 338
58 7 565 721
58 29 209 582
58 35 62 59
58 36 312 699
58 40 322 660
58 44 250 783
58 51 25 315
58 65 697 630
58 74 454 669
58 93 365 314
59 3 417 521
59 9 5 225
59 11 376 209
59 12 708 284
59 25 756 778
59 26 249 408
59 33 209 707
59 36 196 126
59 52 526 440
59 58 162 93
59 70 242 324
59 89 218 636
59 94 321 586
60 26 723 449
60 29 637 513
60 33 110 691
60 50 257 4
60 73 364 220
60 79 368 258
60 94 567 783
61 7 343 226
61 22 288 742
61 23 222 218
61 36 127 486
61 59 66 693
61 68 269 512
61 85 86 344
62 13 345 273
62 17 736 115
62 34 54 258
62 49 284 90
62 64 231 505
62 73 534 514
62 76 697 7
62 81 400 248
62 85 424 473
63 2 627 494
63 9 473 351
63 27 525 551
63 29 434 619
63 31 231 101
63 36 12 46
63 45 162 143
63 55 19 274
63 85 483 174
63 86 387 567
63 95 582 505
63 97 460 312
64 21 56 324
64 22 609 376
64 37 294 255
64 45 797 480
64 55 584 335
64 56 170 256
64 67 673 491
64 70 22 647
64 74 133 271
64 78 212 776
64 80 555 603
64 84 301 622
65 2 390 761
65 20 551 388
65 26 320 703
65 28 634 544
65 37 424 178
65 49 594 96
65 70 730 716
65 79 683 791
65 85 741 596
65 99 471 656
66 13 556 738
66 27 266 323
66 37 368 504
66 41 378 418
67 8 296 173
67 13 535 372
67 16 233 709
67 23 531 458
67 36 100 355
67 47 762 554
67 63 226 479
67 92 433 689
68 5 754 719
68 9 307 722
68 14 553 605
68 20 362 756
68 28 544 305
68 65 143 233
68 66 483 138
68 86 88 675
68 87 670 456
68 94 333 280
69 6 797 794
69 25 374 115
69 41 209 168
69 48 639 772
69 52 360 508
69 59 237 499
69 63 320 285
69 76 84 169
69 81 36 243
69 88 397 398
69 95 135 404
70 19 69 195
70 44 292 421
70 52 180 188
70 53 327 753
70 54 393 222
70 58 462 642
70 63 771 67
70 68 630 642
70 69 23 779
70 76 682 66
70 82 447 143
70 83 639 324
70 84 740 26
70 93 20 524
70 94 402 327
71 1 651 104
71 9 613 572
71 38 414 86
71 58 762 10
71 65 388 606
71 79 1 505
71 86 430 119
72 7 768 88
72 11 756 683
72 12 698 12
72 24 334 230
72 26 720 690
72 29 501 17
72 30 731 731
72 56 481 588
72 58 62 615
72 62 3 23
72 63 355 395
72 67 589 698
72 76 64 157
72 80 202 14
73 4 489 107
73 11 364 92
73 19 376 380
73 20 245 692
73 23 98 324
73 30 648 51
73 39 297 99
73 45 701 431
73 46 348 728
73 53 70 445
73 61 547 771
73 65 718 3
73 82 741 542
73 90 188 98
73 97 560 374
74 5 339 747
74 20 377 259
74 52 575 361
74 69 549 727
74 75 728 574
74 93 324 742
75 10 14 207
75 22 435 329
75 34 244 85
75 41 178 415
75 45 181 172
75 69 589 738
75 71 431 387
76 7 769 182
76 11 54 300
76 12 98 43
76 16 782 202
76 27 205 57
76 58 597 735
76 80 327 439
76 85 653 711
76 93 183 128
76 97 669 782
77 3 526 443
77 15 764 609
77 53 714 83
77 54 562 151
77 69 477 548
77 73 388 298
77 83 775 389
77 90 90 624
78 3 134 667
78 7 679 737
78 9 619 308
78 15 66 406
78 27 790 475
78 31 176 555
78 34 485 584
78 63 429 523
78 65 147 677
78 76 472 175
79 2 320 617
79 8 565 592
79 14 669 321
79 36 295 425
79 47 278 470
79 50 301 392
79 59 300 97
79 68 753 83
79 90 714 325
79 96 334 107
80 0 523 469
80 2 222 516
80 8 704 504
80 19 345 650
80 32 46 504
80 50 714 131
80 61 14 717
80 66 490 644
80 69 226 723
80 73 364 159
80 77 782 724
80 88 598 562
80 90 157 433
80 91 209 182
80 92 311 517
81 12 158 249
81 22 437 118
81 30 247 477
81 33 433 258
81 34 167 683
81 35 262 637
81 68 52 707
81 70 743 778
81 75 242 676
81 87 528 711
81 92 274 592
81 94 268 513
82 3 402 423
82 5 474 198
82 20 737 31
82 33 411 338
82 49 499 631
82 52 305 309
82 88 117 136
82 89 392 79
82 90 791 590
82 91 546 78
82 99 717 452
83 20 443 441
83 28 161 26
83 41 622 351
83 53 162 94
83 76 643 432
83 81 376 113
83 84 403 652
83 85 571 654
83 97 91 158
84 3 495 213
84 24 750 66
84 26 635 235
84 33 601 421
84 41 796 103
84 63 617 538
84 68 648 13
85 10 166 72
85 11 440 23
85 20 598 131
85 22 315 763
85 25 264 61
85 41 116 479
85 58 762 696
85 74 469 408
85 80 333 111
86 5 518 764
86 9 408 506
86 10 167 5
86 12 532 6
86 41 306 477
86 49 664 183
86 54 757 520
86 91 110 674
86 98 199 492
87 4 454 524
87 5 645 594
87 10 599 503
87 20 457 60
87 38 81 277
87 61 369 293
87 70 596 652
87 79 222 458
87 80 551 503
87 85 506 614
87 94 724 542
87 97 622 207
88 5 682 378
88 15 602 250
88 26 735 319
88 31 453 597
88 47 472 228
88 58 99 592
88 81 140 729
88 99 549 717
89 27 286 414
89 29 463 560
89 35 792 341
89 56 392 557
89 70 262 290
89 75 139 86
89 78 13 289
89 81 283 538
89 83 240 685
90 2 472 353
90 10 335 381
90 13 554 421
90 19 173 70
90 30 207 713
90 55 781 595
90 57 564 636
90 64 336 328
90 68 381 301
91 15 667 10
91 38 435 45
91 54 408 365
91 66 564 412
91 67 656 33
91 70 515 129
91 96 456 248
92 8 106 261
92 10 156 474
92 12 5 565
92 19 133 67
92 22 425 405
92 46 349 317
92 48 29 458
92 58 687 766
92 59 668 47
92 60 357 380
92 64 753 485
92 65 401 177
92 73 749 387
92 76 538 71
92 77 309 526
92 83 716 227
92 84 665 119
92 94 447 3
92 96 640 491
93 22 166 417
93 27 579 138
93 37 277 124
93 43 655 405
93 57 193 676
93 72 31 605
93 73 645 597
93 75 641 522
94 8 297 210
94 12 678 504
94 30 610 355
94 45 42 477
94 51 651 317
94 79 77 693
94 82 458 21
94 95 255 480
94 96 109 635
94 98 430 46
95 3 35 170
95 27 240 588
95 41 318 24
95 51 638 771
95 52 414 480
95 55 214 32
95 64 53 193
95 72 512 276
95 82 636 18
95 86 298 677
96 7 548 141
96 13 401 417
96 47 369 173
96 51 174 613
96 52 280 502
96 60 411 490
96 87 276 755
96 95 403 141
97 17 268 743
97 22 487 354
97 68 777 61
97 74 611 24
97 93 649 159
98 11 492 293
98 16 235 656
98 36 444 78
98 48 697 515
98 59 378 479
98 76 254 111
98 78 626 286
98 88 653 767
98 89 730 524
98 90 549 693
99 4 28 678
99 16 274 318
99 20 82 632
99 29 672 760
99 30 92 267
99 42 148 703
99 51 665 760
99 63 753 486
99 66 118 762
99 85 382 158
