100 1000 800
0 5 951 768
0 10 317 898
0 29 22 250
0 60 505 217
0 64 519 39
0 65 373 656
0 73 386 198
0 76 105 611
0 77 464 976
0 89 786 368
0 92 124 343
0 95 93 685
0 99 4 333
1 2 115 527
1 4 820 788
1 9 814 668
1 15 759 403
1 39 599 941
1 44 797 213
1 46 190 564
1 52 786 870
1 70 518 782
1 82 650 329
1 89 418 933
2 13 0 44
2 17 101 157
2 18 655 694
2 34 598 495
2 35 586 107
2 36 4 250
2 49 440 730
2 54 853 370
2 80 136 400
2 81 478 700
2 91 749 818
3 0 120 624
3 6 218 859
3 15 299 956
3 20 763 569
3 42 615 455
3 66 627 917
3 73 513 784
3 95 120 741
4 5 36 456
4 9 505 812
4 19 579 714
4 20 801 383
4 25 174 204
4 40 863 587
4 52 709 823
4 59 565 802
4 69 472 111
4 70 235 694
4 75 827 92
4 83 445 516
5 13 169 288
5 23 915 537
5 27 470 541
5 37 478 76
5 44 84 66
5 45 681 549
5 46 423 45
5 50 462 625
5 54 640 108
5 74 956 442
5 82 990 509
5 87 300 236
6 10 58 292
6 11 530 900
6 14 852 108
6 24 972 524
6 36 48 954
6 37 498 134
6 40 586 971
6 51 451 652
6 58 257 252
6 81 548 996
6 84 177 26
6 88 826 795
7 5 796 397
7 29 75 736
7 38 459 468
7 51 948 949
7 89 724 883
7 90 19 379
7 95 317 239
8 9 188 583
8 17 167 581
8 24 29 263
8 34 658 678
8 52 592 516
8 56 172 526
8 60 630 703
8 71 58 482
8 74 72 903
9 7 575 240
9 23 105 910
9 26 83 509
9 52 158 927
9 64 149 594
9 77 114 445
9 79 965 355
9 87 761 42
10 4 691 757
10 35 743 42
10 43 352 207
10 48 288 796
10 54 265 620
10 71 517 618
10 81 546 856
11 16 482 158
11 19 561 513
11 21 734 841
11 29 782 933
11 33 610 828
11 40 378 467
11 42 317 795
11 87 324 738
11 97 302 153
12 3 84 616
12 23 937 130
12 24 622 230
12 28 640 111
12 56 807 58
12 62 508 95
12 68 955 830
12 72 912 991
12 76 226 446
12 80 680 665
12 87 428 846
13 4 375 911
13 18 551 952
13 33 433 53
13 37 712 110
13 41 898 333
13 42 335 446
13 53 622 497
13 57 552 984
13 66 767 241
13 73 322 96
13 76 814 189
13 90 653 566
14 10 573 585
14 28 961 572
14 36 724 854
14 40 153 85
14 50 739 437
14 54 503 774
14 66 867 923
14 69 759 509
14 89 160 649
15 4 764 858
15 25 467 379
15 32 119 233
15 60 519 194
15 68 972 200
15 72 665 363
15 78 943 699
15 92 190 694
15 99 69 12
16 0 812 67
16 4 552 319
16 50 200 421
16 52 961 963
16 56 689 991
16 67 431 175
16 85 122 346
16 88 421 55
16 91 730 714
17 20 794 924
17 24 625 621
17 38 443 274
17 48 717 842
17 55 601 811
17 63 143 441
17 64 347 445
17 98 459 275
18 10 154 965
18 34 99 731
18 47 218 288
18 49 823 5
18 64 974 475
18 68 512 20
18 72 919 844
18 74 897 670
18 87 83 678
19 12 210 783
19 29 627 980
19 30 313 911
19 34 985 896
19 35 341 290
19 45 92 18
19 61 318 85
19 69 225 861
19 79 960 277
20 0 93 596
20 10 993 119
20 30 921 140
20 33 367 362
20 47 108 834
20 52 624 385
20 57 334 370
20 69 170 608
20 71 179 586
20 75 300 776
20 96 840 324
20 97 483 176
21 2 624 124
21 7 251 767
21 22 36 299
21 37 21 169
21 49 56 49
21 61 854 252
21 72 196 132
21 83 670 314
21 87 186 951
21 88 103 603
22 26 410 115
22 29 65 908
22 43 438 74
22 55 644 97
22 84 944 0
22 96 479 820
22 99 225 815
23 11 405 990
23 14 102 534
23 28 406 103
23 37 239 990
23 43 539 741
23 47 211 628
23 65 921 315
23 72 101 149
23 76 809 38
23 97 67 846
24 0 388 254
24 2 191 390
24 20 731 803
24 59 349 189
24 72 13 943
24 77 698 818
24 83 999 87
25 9 290 69
25 13 955 35
25 19 561 470
25 28 137 451
25 29 783 296
25 33 945 320
25 37 593 254
25 52 858 791
25 66 782 355
25 73 193 106
25 75 26 924
25 88 735 267
26 19 986 164
26 24 225 94
26 38 213 349
26 53 401 300
26 58 89 328
26 63 566 902
26 75 78 786
27 0 991 857
27 6 655 199
27 19 441 142
27 31 724 551
27 43 376 631
27 56 325 84
27 61 753 710
27 97 995 434
27 98 2 706
27 99 770 636
28 1 598 888
28 5 124 991
28 8 435 93
28 9 726 331
28 17 150 633
28 18 315 447
28 19 293 825
28 22 58 366
28 27 593 123
28 31 156 551
28 37 109 150
28 40 492 235
28 41 561 465
28 55 459 411
28 66 998 824
29 8 547 428
29 17 663 674
29 28 31 191
29 43 846 91
29 48 570 216
29 67 670 907
29 83 521 202
29 87 604 599
30 39 314 865
30 42 409 815
30 76 506 164
30 79 473 750
30 88 741 269
30 96 10 802
31 4 547 825
31 5 568 523
31 8 635 441
31 20 764 971
31 24 179 778
31 72 103 978
31 84 623 639
31 85 857 273
31 89 897 983
31 95 124 953
32 5 230 966
32 9 402 463
32 12 782 745
32 33 449 755
32 40 779 41
32 47 368 931
32 52 832 411
32 80 862 506
32 84 625 536
32 98 262 188
33 8 855 577
33 35 168 645
33 38 732 720
33 46 266 979
33 47 361 254
33 49 333 288
33 51 806 893
34 7 543 375
34 9 723 451
34 29 671 329
34 30 313 355
34 31 845 426
34 40 14 3
34 43 312 636
34 46 617 316
34 52 760 576
34 54 99 206
34 58 735 270
34 60 115 687
34 62 96 179
34 63 848 325
34 72 589 970
34 83 246 665
34 93 795 303
35 8 261 26
35 23 977 485
35 37 77 268
35 69 594 892
35 73 176 782
35 75 224 470
35 76 656 653
35 84 569 888
35 95 104 203
35 96 290 337
36 33 963 527
36 57 356 539
36 60 346 978
36 87 166 117
36 99 835 749
37 14 157 441
37 27 253 670
37 29 823 471
37 34 624 683
37 41 821 490
37 45 636 823
37 49 696 498
37 52 270 278
37 65 841 453
37 67 616 286
37 77 962 427
37 84 860 125
37 85 754 121
37 94 895 30
37 95 622 689
38 3 874 374
38 5 536 507
38 9 997 338
38 16 181 764
38 39 756 598
38 42 401 717
38 58 770 8
38 61 72 768
38 74 752 726
38 98 107 815
39 0 528 293
39 8 932 924
39 25 945 176
39 31 474 566
39 32 366 218
39 44 575 416
39 45 714 297
39 56 484 929
39 68 999 256
39 73 499 992
39 75 872 130
39 96 507 249
40 15 419 737
40 19 423 962
40 26 579 280
40 30 637 848
40 42 114 654
40 45 274 531
40 61 413 458
40 66 562 681
40 68 702 443
40 71 397 356
40 78 858 665
40 82 72 582
40 97 723 355
41 24 58 127
41 29 749 942
41 30 374 44
41 32 331 56
41 47 199 521
41 51 957 810
41 57 530 511
41 64 49 201
41 72 630 199
41 96 284 350
42 9 671 999
42 12 681 134
42 18 855 691
42 23 938 168
42 33 502 500
42 34 942 338
42 48 350 104
42 58 448 684
42 71 486 457
42 78 335 985
42 91 132 770
42 92 456 444
42 99 580 946
43 3 46 875
43 15 587 400
43 32 650 358
43 47 595 958
43 63 367 724
43 65 387 356
43 72 478 539
43 85 295 507
43 89 848 352
43 90 783 630
43 92 58 714
43 96 297 510
44 18 747 261
44 45 302 693
44 46 521 809
44 47 339 158
44 57 561 462
44 61 446 148
44 68 911 177
44 74 253 518
44 85 193 246
45 2 980 610
45 27 170 216
45 48 132 330
45 57 213 874
45 63 369 532
45 81 472 357
45 82 565 664
45 85 140 687
45 97 193 624
45 99 515 670
46 6 715 733
46 11 804 14
46 12 822 214
46 26 679 679
46 35 440 324
46 48 673 505
46 80 763 916
47 38 369 876
47 53 198 628
47 57 952 160
47 60 826 983
47 63 253 997
47 72 767 44
47 92 420 412
47 94 194 467
48 18 668 479
48 35 607 927
48 62 974 8
48 78 460 166
48 86 618 436
48 87 324 628
49 6 733 449
49 15 436 815
49 38 854 625
49 66 590 17
49 73 145 579
49 76 476 481
49 80 661 82
49 98 384 596
50 0 748 561
50 7 618 393
50 9 903 523
50 19 973 11
50 25 796 164
50 26 455 615
50 33 378 160
50 36 747 86
50 41 951 505
50 59 775 762
50 70 193 893
50 93 582 64
51 3 150 431
51 17 906 814
51 26 352 175
51 42 927 89
51 44 268 37
51 45 493 443
51 82 190 486
52 0 987 293
52 14 157 833
52 33 394 550
52 41 628 195
52 54 981 965
52 57 320 973
52 61 788 220
52 76 37 867
52 81 899 835
52 88 770 19
53 12 768 307
53 42 173 545
53 54 312 360
53 70 409 40
53 77 296 469
53 81 184 535
53 86 543 363
53 88 600 774
53 95 952 661
54 15 417 696
54 23 143 928
54 38 174 167
54 42 288 682
54 45 42 292
54 46 155 591
54 50 830 123
54 56 739 946
54 57 249 828
54 62 345 755
54 73 64 773
54 74 156 488
54 81 925 100
54 86 950 953
55 3 662 731
55 7 609 882
55 36 677 276
55 40 690 608
55 49 731 349
55 60 70 119
55 67 557 653
55 81 872 598
55 83 150 841
55 91 124 315
56 3 674 462
56 6 192 951
56 17 849 959
56 19 384 72
56 29 124 474
56 35 794 554
56 47 404 425
56 58 84 857
56 65 532 314
56 93 205 65
56 94 223 379
57 12 634 855
57 14 811 362
57 26 633 968
57 28 522 226
57 31 139 344
57 42 461 735
57 43 570 658
57 51 468 358
57 53 552 457
57 58 60 372
57 80 411 618
57 88 811 914
58 16 633 465
58 19 278 64
58 28 148 300
58 37 465 270
58 47 625 991
58 59 969 519
58 70 382 496
58 83 236 35
58 89 759 43
58 96 463 263
59 12 502 255
59 28 376 163
59 30 77 305
59 38 697 951
59 62 778 5
59 70 645 409
59 74 875 740
59 82 101 900
59 90 883 151
60 2 809 751
60 14 602 143
60 19 70 715
60 24 767 433
60 26 992 346
60 42 386 672
60 65 760 840
60 66 218 335
60 75 188 374
60 79 766 560
61 0 283 738
61 9 656 23
61 12 916 991
61 39 181 195
61 45 773 835
61 51 481 569
61 72 416 114
61 73 933 443
61 85 265 877
61 88 694 276
62 28 451 663
62 52 334 954
62 57 323 936
62 88 520 454
63 1 321 80
63 3 521 489
63 9 305 501
63 18 87 80
63 20 528 919
63 29 979 838
63 62 402 32
63 65 966 601
63 68 919 227
63 69 247 277
63 71 866 145
63 73 676 400
63 74 608 6
63 85 740 782
64 3 32 684
64 12 378 535
64 26 507 71
64 45 654 749
64 49 327 399
64 56 90 381
64 61 268 934
64 62 183 324
64 81 58 223
64 87 511 231
64 94 472 326
65 11 617 746
65 13 654 852
65 14 571 643
65 19 572 628
65 22 519 127
65 38 851 46
65 53 179 308
65 58 905 254
65 67 311 151
65 78 655 461
65 95 999 83
66 5 859 696
66 24 628 457
66 29 304 667
66 37 732 248
66 48 899 219
66 52 762 705
66 57 679 160
66 59 710 530
66 61 411 313
66 62 200 958
66 63 672 591
66 72 372 829
66 73 731 730
66 74 209 998
66 77 430 167
66 79 712 842
66 98 493 851
67 5 457 563
67 27 888 464
67 33 439 391
67 54 770 253
67 60 683 623
67 79 197 142
67 85 677 975
67 88 859 689
67 97 365 27
68 0 662 8
68 9 396 246
68 11 302 17
68 22 2 809
68 28 307 395
68 33 435 655
68 36 206 903
68 46 759 95
68 67 273 381
68 93 44 943
69 11 423 683
69 15 330 802
69 33 102 276
69 34 565 263
69 56 246 679
69 64 931 311
69 71 518 326
69 73 660 869
69 74 581 299
69 83 483 795
69 85 787 801
69 86 42 220
69 88 376 142
69 91 404 402
69 98 690 376
70 11 627 819
70 14 599 496
70 16 615 527
70 49 23 434
70 57 603 752
70 76 30 787
70 91 538 353
71 6 913 293
71 9 163 215
71 14 63 776
71 24 526 463
71 28 595 387
71 30 834 782
71 31 364 471
71 49 391 342
71 60 620 137
71 67 327 17
72 6 493 98
72 9 33 392
72 16 259 364
72 20 995 707
72 35 313 87
72 39 92 827
72 54 826 519
72 63 966 763
72 67 924 291
72 73 50 941
72 75 39 194
72 83 447 364
72 87 742 455
72 95 379 295
72 98 29 397
73 5 725 288
73 14 925 605
73 20 855 208
73 32 749 330
73 34 102 194
73 46 296 663
73 74 969 577
73 78 816 262
73 87 713 9
73 88 84 505
73 91 31 870
74 16 428 610
74 17 18 223
74 31 371 568
74 37 509 631
74 77 756 962
74 85 29 324
74 87 854 136
74 90 843 521
74 92 764 769
74 94 329 398
75 10 862 227
75 14 24 869
75 31 405 442
75 33 261 41
75 54 758 118
75 59 371 829
75 62 218 4
75 66 234 414
75 79 228 280
75 85 750 540
75 91 731 418
76 3 601 579
76 16 370 559
76 27 338 998
76 29 375 907
76 43 928 512
76 50 391 472
76 78 681 876
76 94 216 342
76 95 868 605
76 96 931 516
76 99 840 449
77 10 410 137
77 30 699 723
77 31 680 329
77 32 891 508
77 40 261 688
77 73 739 87
77 78 563 974
77 81 77 737
77 86 997 235
78 23 605 308
78 26 854 311
78 30 77 109
78 34 372 369
78 52 107 711
78 62 794 845
78 64 175 439
78 81 316 361
78 82 304 869
78 84 432 183
79 11 363 448
79 41 860 819
79 44 769 248
79 45 306 869
79 61 857 143
79 62 949 285
79 63 500 9
79 73 833 264
79 82 569 951
79 86 59 45
79 92 564 871
80 7 866 849
80 22 313 71
80 31 273 626
80 38 134 701
80 59 194 328
80 63 766 144
80 64 249 100
80 91 67 756
80 98 219 948
81 9 498 993
81 27 176 596
81 36 938 136
81 37 532 768
81 62 192 36
81 70 926 200
82 3 576 672
82 10 473 272
82 22 733 600
82 25 727 191
82 30 692 974
82 33 686 34
82 56 598 730
82 69 400 911
82 91 66 750
83 7 658 100
83 14 148 251
83 15 225 876
83 18 355 490
83 20 207 81
83 25 920 226
83 43 542 338
83 44 924 67
83 50 267 539
83 65 984 69
83 67 92 520
83 84 740 35
84 1 214 154
84 5 633 698
84 7 141 262
84 18 39 965
84 26 365 498
84 39 855 307
84 45 32 692
84 49 227 580
84 57 593 522
84 60 47 132
84 68 241 128
84 70 687 304
84 75 350 103
84 97 213 57
84 99 957 126
85 13 65 591
85 34 405 571
85 38 513 798
85 47 455 585
85 58 140 69
85 59 199 584
85 65 542 853
85 73 851 517
85 87 348 475
85 89 946 955
85 97 923 15
86 32 33 645
86 41 15 658
86 45 172 400
86 49 590 413
86 59 345 91
86 74 369 22
86 76 525 465
87 17 5 528
87 24 847 13
87 38 116 659
87 51 317 538
87 53 771 431
87 56 133 267
87 80 871 578
88 3 35 603
88 8 48 929
88 14 885 594
88 22 385 448
88 31 355 942
88 38 428 36
88 41 861 784
88 65 857 155
88 85 887 667
88 87 201 745
89 2 241 177
89 5 681 805
89 8 687 113
89 10 359 849
89 12 827 687
89 18 709 173
89 30 846 439
89 42 294 604
89 52 185 157
89 72 797 857
89 74 185 533
89 77 948 271
89 93 511 611
89 99 731 804
90 4 234 962
90 16 358 222
90 26 489 805
90 29 989 794
90 66 425 915
91 37 763 998
91 45 101 981
91 47 43 713
91 58 328 845
91 62 273 445
91 83 249 73
91 92 35 471
92 8 627 468
92 17 548 738
92 20 538 312
92 26 965 163
92 57 864 11
92 83 363 132
92 84 162 641
92 85 60 275
93 3 530 773
93 14 504 847
93 23 901 782
93 25 117 419
93 27 655 491
93 35 271 973
93 40 510 147
93 42 526 930
93 48 534 50
93 51 965 230
93 53 708 591
93 54 13 770
93 74 124 8
93 78 389 722
93 84 640 542
93 85 88 27
94 4 369 87
94 13 77 153
94 49 790 304
94 69 628 236
94 77 566 836
94 82 184 963
94 91 200 825
95 13 791 222
95 39 834 71
95 48 386 318
95 49 551 295
95 63 63 587
95 64 678 742
96 12 809 269
96 13 254 509
96 16 146 683
96 21 723 444
96 28 280 837
96 29 328 535
96 32 554 863
96 48 889 640
96 61 425 538
96 67 837 347
96 80 50 481
97 3 600 37
97 9 984 624
97 15 411 220
97 24 872 372
97 28 569 89
97 43 482 98
97 48 543 38
97 50 591 920
97 55 536 257
97 62 305 224
97 68 180 455
97 70 31 66
97 83 255 708
98 21 25 647
98 31 235 584
98 35 426 931
98 39 282 772
98 81 620 490
98 93 672 421
98 96 748 191
98 97 403 457
98 99 21 462
99 18 122 656
99 25 332 164
99 34 419 809
99 41 87 553
99 60 139 221
99 73 560 943
99 95 805 94
