70 500 10
0 2 2 1
0 7 1 1
0 16 2 1
0 31 2 1
0 43 2 1
0 63 1 1
1 13 2 1
1 19 1 1
1 20 1 1
1 33 1 1
1 52 2 1
1 58 1 1
1 64 1 1
2 19 1000 1
2 24 1000 1
2 35 1 1
2 41 2 1
2 51 1000 1
2 53 1 1
2 57 1 1
2 58 1000 1
2 60 1000 1
3 10 2 1
3 13 1000 1
3 22 2 1
3 37 2 1
3 53 1000 1
3 57 1 1
4 10 1000 1
4 23 2 1
4 44 1000 1
4 45 2 1
4 52 1 1
4 69 2 1
5 3 2 1
5 12 2 1
5 42 1000 1
5 58 2 1
5 68 1 1
6 34 1 1
6 36 1 1
6 38 2 1
6 40 2 1
6 59 2 1
6 67 1 1
7 3 1000 1
7 9 1 1
7 28 1000 1
7 57 2 1
7 62 1000 1
8 15 1 1
8 18 1000 1
8 28 2 1
8 31 2 1
8 41 1000 1
8 56 2 1
8 65 1 1
8 66 2 1
9 25 1000 1
9 31 2 1
9 37 1 1
9 40 1 1
9 55 1 1
9 65 2 1
10 11 1000 1
10 14 2 1
10 15 1000 1
10 40 2 1
10 41 1000 1
10 47 1000 1
10 53 1000 1
11 17 1 1
11 18 1 1
11 20 1 1
11 22 1000 1
11 57 1 1
11 58 2 1
12 4 1 1
12 6 1000 1
12 23 1 1
12 31 1 1
12 40 1000 1
12 41 1000 1
12 53 1 1
12 59 2 1
13 5 1 1
13 37 2 1
13 43 1000 1
13 58 1 1
13 60 1 1
13 65 1 1
13 69 1 1
14 12 1000 1
14 16 1000 1
14 28 2 1
14 34 1000 1
14 52 1 1
14 59 1 1
14 64 2 1
14 69 1 1
15 38 1000 1
15 40 1 1
15 44 1000 1
15 47 1000 1
15 51 2 1
15 66 1 1
16 5 1 1
16 11 1000 1
16 21 1 1
16 28 2 1
16 47 1 1
16 50 2 1
17 0 2 1
17 2 2 1
17 14 1000 1
17 20 1000 1
17 31 2 1
17 32 2 1
17 47 1 1
17 51 2 1
17 55 2 1
17 56 1 1
17 64 1 1
18 0 1000 1
18 3 1 1
18 10 2 1
18 14 2 1
18 17 1000 1
18 37 1000 1
18 55 2 1
19 0 2 1
19 3 1 1
19 4 2 1
19 10 1 1
19 13 1000 1
19 14 1000 1
19 25 2 1
19 31 2 1
19 35 1 1
19 43 2 1
19 46 1000 1
19 51 2 1
20 8 1 1
20 14 2 1
20 16 2 1
20 33 1000 1
20 50 2 1
21 0 1000 1
21 12 1000 1
21 20 1 1
21 30 2 1
21 32 2 1
21 51 2 1
21 54 2 1
21 66 1000 1
21 68 1000 1
22 25 2 1
22 29 1000 1
22 43 1 1
22 54 1 1
22 56 1 1
22 68 1 1
23 20 1 1
23 28 2 1
23 31 1000 1
23 33 1000 1
23 69 1 1
24 10 2 1
24 17 2 1
24 20 1 1
24 33 1000 1
24 34 1000 1
24 42 2 1
24 45 1000 1
24 49 1 1
24 53 1000 1
24 61 1000 1
24 63 2 1
24 65 2 1
24 66 1 1
25 8 1000 1
25 24 2 1
25 37 1000 1
25 42 2 1
25 58 1 1
25 66 2 1
26 5 1000 1
26 8 2 1
26 25 1 1
26 41 2 1
26 44 1000 1
26 48 2 1
26 56 1000 1
27 14 1000 1
27 41 2 1
27 50 1000 1
27 65 1 1
28 0 1000 1
28 3 1 1
28 12 1 1
28 38 1000 1
28 39 2 1
28 44 1 1
28 51 1 1
28 52 2 1
28 59 2 1
28 61 2 1
29 7 1000 1
29 14 1000 1
29 38 2 1
29 39 1 1
29 54 2 1
29 63 1 1
29 64 1000 1
29 68 1 1
30 19 2 1
30 42 1 1
30 55 2 1
30 60 1 1
30 62 1 1
31 6 1000 1
31 11 1 1
31 24 1000 1
31 34 1000 1
31 36 2 1
31 44 1 1
31 52 1 1
31 54 1 1
31 60 2 1
32 6 1 1
32 7 2 1
32 26 2 1
32 42 2 1
32 45 1000 1
32 54 1000 1
33 3 2 1
33 8 1 1
33 14 1 1
33 16 1 1
33 22 2 1
33 25 2 1
33 28 2 1
33 40 1000 1
33 54 1 1
33 62 1 1
33 66 1 1
34 8 1 1
34 9 2 1
34 40 2 1
34 44 1 1
34 54 2 1
35 8 1 1
35 11 2 1
35 15 2 1
35 20 2 1
35 24 1000 1
35 60 2 1
35 61 1000 1
36 23 1000 1
36 28 2 1
36 30 1000 1
36 51 2 1
36 61 1 1
36 63 2 1
37 5 1 1
37 21 1000 1
37 29 1 1
37 53 2 1
37 65 2 1
38 2 1 1
38 8 1 1
38 11 2 1
38 16 1000 1
38 20 2 1
38 26 1000 1
38 32 1 1
38 45 1 1
38 46 1000 1
38 47 1 1
38 60 1000 1
38 64 2 1
38 66 1000 1
39 0 1 1
39 14 2 1
39 16 2 1
39 23 1 1
39 26 1000 1
39 41 2 1
39 44 2 1
39 54 1 1
39 64 1 1
40 3 1 1
40 24 1 1
40 25 2 1
40 26 1 1
40 30 1 1
40 36 1 1
40 38 1 1
40 44 1000 1
40 50 1 1
40 66 2 1
41 1 1000 1
41 14 2 1
41 20 1 1
41 45 2 1
41 48 1 1
41 49 1000 1
41 66 1000 1
41 67 2 1
42 19 2 1
42 36 2 1
42 45 2 1
42 50 1 1
42 60 1 1
42 62 1000 1
43 5 2 1
43 7 1000 1
43 14 1 1
43 17 1000 1
43 29 1000 1
43 38 2 1
43 39 2 1
43 44 1000 1
43 48 1000 1
43 51 1000 1
43 54 2 1
43 61 2 1
43 62 1 1
44 27 1000 1
44 36 2 1
44 37 1 1
44 45 2 1
44 46 1000 1
44 51 2 1
44 56 1 1
44 63 1 1
45 9 2 1
45 10 1000 1
45 55 2 1
45 58 1 1
46 0 2 1
46 22 1000 1
46 59 1 1
46 65 1000 1
47 18 1000 1
47 31 1 1
47 32 1000 1
47 40 1 1
47 45 1000 1
47 53 2 1
47 69 1000 1
48 2 2 1
48 12 2 1
48 14 1 1
48 15 1 1
48 21 1000 1
48 36 2 1
48 38 1 1
48 60 2 1
48 67 1 1
49 1 2 1
49 7 1 1
49 8 1000 1
49 11 2 1
49 12 1 1
49 15 2 1
49 18 2 1
49 33 2 1
49 63 1 1
50 6 1 1
50 7 2 1
50 25 2 1
50 58 2 1
50 67 1000 1
51 1 2 1
51 16 1 1
51 25 2 1
51 27 2 1
51 31 2 1
51 35 1000 1
51 50 1000 1
51 57 1000 1
52 10 2 1
52 12 1000 1
52 19 1000 1
52 25 1000 1
52 34 1 1
52 53 2 1
53 21 2 1
53 26 1000 1
53 44 1 1
53 48 2 1
54 4 1 1
54 6 1 1
54 9 1 1
54 13 1 1
54 20 2 1
54 25 1000 1
54 41 1 1
54 50 1000 1
54 51 1 1
54 65 1 1
55 22 1 1
55 28 2 1
55 32 1 1
55 34 2 1
55 36 1 1
55 48 1 1
55 50 1 1
55 57 1 1
56 12 2 1
56 21 2 1
56 27 1000 1
56 29 1000 1
56 30 1 1
56 35 2 1
56 39 2 1
57 13 1 1
57 17 2 1
57 24 1000 1
57 29 1 1
57 41 1 1
57 58 1000 1
57 60 1 1
57 69 2 1
58 16 1000 1
58 17 2 1
58 18 1000 1
58 22 1000 1
58 47 2 1
59 0 2 1
59 8 1000 1
59 9 1000 1
59 65 1 1
60 8 2 1
60 21 2 1
60 26 1000 1
60 45 1000 1
60 59 1000 1
61 6 1000 1
61 25 1000 1
61 45 1 1
61 48 2 1
61 51 1000 1
61 52 1000 1
62 2 2 1
62 20 2 1
62 22 2 1
62 48 1000 1
62 63 1000 1
62 69 1000 1
63 10 1000 1
63 17 2 1
63 25 2 1
63 26 1 1
63 42 2 1
63 43 1000 1
63 50 1 1
63 57 1 1
63 58 1000 1
64 20 2 1
64 22 2 1
64 33 1000 1
64 45 1 1
64 47 2 1
64 59 2 1
64 60 1000 1
64 67 2 1
65 1 2 1
65 10 1000 1
65 32 1000 1
65 40 1 1
65 56 1000 1
65 62 1 1
65 64 1000 1
66 9 1 1
66 26 2 1
66 46 1 1
67 11 1 1
67 13 2 1
67 16 2 1
67 20 1 1
67 32 1000 1
67 44 2 1
67 47 1000 1
67 53 2 1
68 4 1 1
68 12 1000 1
68 24 1000 1
68 36 1 1
68 38 1000 1
68 41 2 1
68 43 1 1
68 44 1000 1
68 49 1 1
68 58 2 1
68 59 2 1
68 69 2 1
69 18 2 1
69 49 2 1
