100 1000 500
0 3 1 1
0 7 1000 1
0 18 1 1
0 31 1 1
0 46 1 1
0 56 2 1
0 65 1000 1
0 82 1 1
0 96 2 1
1 2 1 1
1 4 1000 1
1 11 1000 1
1 18 2 1
1 20 1 1
1 37 1 1
1 46 1 1
1 58 2 1
1 97 1 1
2 21 1 1
2 27 1000 1
2 41 2 1
2 58 2 1
2 83 1 1
2 94 1000 1
2 95 1 1
2 98 1 1
3 25 1 1
3 36 1000 1
3 42 2 1
3 48 1000 1
3 49 1000 1
3 67 1000 1
3 70 1 1
3 91 1 1
4 0 1 1
4 13 2 1
4 20 1000 1
4 35 2 1
4 45 1 1
4 47 1000 1
4 54 1 1
4 73 2 1
4 74 1 1
4 82 2 1
4 84 1 1
5 8 2 1
5 10 1000 1
5 29 1 1
5 49 1000 1
5 65 1 1
5 67 1000 1
5 80 1 1
6 3 1 1
6 10 1 1
6 13 1 1
6 14 1000 1
6 27 2 1
6 30 2 1
6 40 1000 1
6 79 2 1
6 93 1 1
6 95 1000 1
6 98 1 1
7 11 1000 1
7 23 1000 1
7 27 1 1
7 31 2 1
7 39 1000 1
7 55 1000 1
7 66 1 1
7 74 1000 1
7 83 1 1
7 96 2 1
8 6 1000 1
8 17 1 1
8 19 1000 1
8 22 1000 1
8 25 1 1
8 43 2 1
8 68 2 1
8 80 2 1
8 84 1 1
8 90 1000 1
8 93 1000 1
8 97 1000 1
8 99 1 1
9 8 1 1
9 10 2 1
9 11 2 1
9 29 1000 1
9 36 1 1
9 41 1000 1
9 62 1000 1
9 66 2 1
9 70 2 1
9 81 1 1
9 85 2 1
9 86 1000 1
9 87 1000 1
9 91 1000 1
9 94 1000 1
9 96 1000 1
10 4 1 1
10 16 1 1
10 24 2 1
10 41 2 1
10 48 2 1
10 50 1000 1
10 78 1000 1
10 80 2 1
10 81 1 1
10 87 1000 1
10 93 1000 1
10 94 1000 1
10 96 1 1
11 2 1000 1
11 4 1000 1
11 20 2 1
11 26 2 1
11 36 1 1
11 38 1 1
11 46 1000 1
11 52 2 1
11 56 1000 1
11 57 2 1
11 61 1 1
11 63 1000 1
11 64 1000 1
11 72 1 1
11 82 2 1
11 88 2 1
12 9 2 1
12 24 1 1
12 39 1000 1
12 40 1 1
12 55 2 1
12 69 2 1
12 83 1000 1
12 86 2 1
12 95 2 1
13 0 1 1
13 21 1 1
13 24 1 1
13 25 1000 1
13 50 1 1
13 53 2 1
13 57 2 1
13 60 2 1
13 73 1 1
13 74 1000 1
13 97 1 1
14 5 1 1
14 7 1000 1
14 18 1000 1
14 24 1000 1
14 31 1 1
14 37 1 1
14 47 1 1
14 58 1000 1
14 65 2 1
14 73 2 1
14 74 2 1
14 80 1000 1
15 2 2 1
15 27 1 1
15 29 2 1
15 68 1 1
15 72 1 1
15 96 1000 1
16 12 1 1
16 17 1000 1
16 19 2 1
16 26 1000 1
16 28 2 1
16 43 1000 1
16 55 2 1
16 59 1000 1
16 62 2 1
16 68 1000 1
17 0 1000 1
17 7 1000 1
17 13 2 1
17 55 1 1
17 95 1000 1
18 10 2 1
18 19 1000 1
18 28 1000 1
18 48 2 1
18 88 2 1
19 3 1 1
19 10 2 1
19 12 2 1
19 14 2 1
19 15 1000 1
19 21 1000 1
19 24 2 1
19 72 2 1
19 83 2 1
19 88 1 1
19 95 1 1
19 97 1000 1
20 5 1000 1
20 7 1000 1
20 64 2 1
20 70 2 1
20 76 1000 1
20 87 1000 1
21 6 2 1
21 18 1000 1
21 30 1000 1
21 51 2 1
21 55 2 1
21 59 1000 1
21 71 1 1
21 78 2 1
21 83 1 1
21 85 1 1
21 87 2 1
22 3 1000 1
22 13 1 1
22 25 2 1
22 33 2 1
22 46 1000 1
22 47 2 1
22 59 1000 1
22 61 2 1
22 86 1000 1
22 90 2 1
22 99 1000 1
23 5 2 1
23 9 1 1
23 14 2 1
23 15 2 1
23 18 1000 1
23 31 1000 1
23 41 1 1
23 44 2 1
23 49 2 1
23 68 2 1
23 74 1 1
24 5 1 1
24 57 2 1
24 62 1000 1
24 64 1 1
24 76 2 1
25 17 1 1
25 30 2 1
25 32 1 1
25 36 1 1
25 44 1000 1
25 57 1 1
25 63 1000 1
25 84 2 1
26 1 1 1
26 5 1 1
26 12 1 1
26 33 1000 1
26 40 2 1
26 47 2 1
26 85 1 1
26 94 1 1
27 3 2 1
27 21 2 1
27 33 1000 1
27 35 2 1
27 36 2 1
27 37 2 1
27 55 1 1
27 63 1 1
27 64 1 1
27 70 1 1
27 73 2 1
27 80 1000 1
27 89 1 1
27 92 2 1
27 98 1000 1
28 1 2 1
28 11 1 1
28 19 1 1
28 22 2 1
28 38 1000 1
28 56 1 1
28 93 1000 1
29 2 1000 1
29 11 1 1
29 19 2 1
29 20 2 1
29 23 1000 1
29 25 1 1
29 26 1000 1
29 35 2 1
29 38 1 1
29 59 1000 1
29 61 1 1
29 64 1000 1
29 65 1 1
29 68 2 1
29 71 2 1
29 80 1000 1
29 92 1000 1
29 96 1 1
30 36 1000 1
30 38 1 1
30 40 1 1
30 42 1 1
30 52 1 1
30 60 1 1
30 62 2 1
30 65 1 1
30 67 1 1
30 71 1 1
30 80 1 1
30 92 1000 1
30 95 1 1
31 9 1 1
31 12 2 1
31 19 1000 1
31 22 1000 1
31 28 1 1
31 33 2 1
31 59 1000 1
31 71 1000 1
31 76 2 1
31 84 1000 1
31 85 1 1
31 86 2 1
31 95 1000 1
31 98 1000 1
32 7 1000 1
32 9 2 1
32 10 2 1
32 11 2 1
32 19 1 1
32 35 1000 1
32 43 1000 1
32 61 1000 1
32 63 1 1
32 68 1000 1
32 74 1 1
32 84 2 1
32 93 2 1
32 97 2 1
32 98 1000 1
33 18 1 1
33 43 1 1
33 45 1000 1
33 49 1 1
33 75 1000 1
33 81 1 1
33 90 2 1
33 91 1000 1
33 94 2 1
34 1 1000 1
34 15 1000 1
34 19 1 1
34 21 2 1
34 26 2 1
34 30 1 1
34 35 1000 1
34 36 1 1
34 44 1000 1
34 75 1 1
35 6 1 1
35 8 2 1
35 9 2 1
35 16 2 1
35 28 1000 1
35 30 1 1
35 71 1000 1
35 81 2 1
35 86 1 1
35 90 1 1
36 4 2 1
36 5 1000 1
36 10 2 1
36 14 1000 1
36 26 2 1
36 61 1 1
36 92 2 1
36 94 1000 1
37 6 1 1
37 15 1000 1
37 16 1000 1
37 44 1 1
37 45 2 1
37 54 1 1
37 59 2 1
37 61 2 1
37 78 1 1
37 80 1000 1
37 92 1000 1
37 94 1 1
38 7 2 1
38 12 1000 1
38 15 2 1
38 54 2 1
38 73 1 1
38 79 2 1
38 96 2 1
38 99 2 1
39 9 2 1
39 10 1 1
39 11 1000 1
39 13 2 1
39 17 1000 1
39 23 2 1
39 27 2 1
39 40 1000 1
39 52 1 1
39 59 1 1
39 85 2 1
39 91 1000 1
39 98 1000 1
40 2 2 1
40 8 1000 1
40 15 1 1
40 16 1 1
40 18 1000 1
40 21 1000 1
40 29 2 1
40 31 1 1
40 44 2 1
40 52 1 1
40 67 1 1
40 71 1 1
40 72 1000 1
40 76 1000 1
40 81 2 1
40 82 1000 1
40 89 2 1
40 93 2 1
40 97 1 1
41 0 2 1
41 5 2 1
41 6 2 1
41 8 1000 1
41 19 1 1
41 31 1 1
41 39 2 1
41 46 1000 1
41 52 2 1
41 56 1000 1
41 65 1 1
41 80 2 1
41 93 1000 1
42 15 1 1
42 20 1 1
42 32 1 1
42 33 2 1
42 47 1000 1
42 57 2 1
42 59 1 1
42 72 1 1
42 76 1 1
42 79 2 1
43 7 1 1
43 11 1000 1
43 13 1 1
43 25 1000 1
43 30 1 1
43 34 1000 1
44 2 1000 1
44 5 2 1
44 11 1000 1
44 14 2 1
44 15 1000 1
44 16 1000 1
44 30 2 1
44 46 1 1
44 53 1000 1
44 86 2 1
44 93 1000 1
45 7 2 1
45 14 1000 1
45 15 2 1
45 16 1000 1
45 26 1000 1
45 30 1 1
45 39 2 1
45 43 1 1
45 44 1000 1
45 46 1000 1
45 48 1 1
45 65 1 1
45 77 1000 1
46 14 1000 1
46 15 1 1
46 38 1 1
46 40 2 1
46 48 2 1
46 55 1 1
46 60 2 1
46 89 2 1
46 96 1000 1
47 2 1000 1
47 12 2 1
47 20 1000 1
47 24 1 1
47 44 2 1
47 48 1000 1
47 50 2 1
47 54 2 1
47 55 2 1
47 63 2 1
47 77 1000 1
47 87 1000 1
47 95 2 1
47 99 1 1
48 0 1 1
48 22 2 1
48 27 2 1
48 33 1000 1
48 58 2 1
48 65 1000 1
48 75 1 1
48 87 1 1
48 89 2 1
48 90 1000 1
48 96 1000 1
49 2 2 1
49 4 2 1
49 29 1 1
49 42 2 1
49 45 2 1
49 68 2 1
49 72 2 1
49 78 1000 1
49 85 1000 1
49 87 1 1
50 0 1 1
50 15 1 1
50 28 2 1
50 34 2 1
50 39 1 1
50 40 1 1
50 45 2 1
50 55 2 1
50 58 1 1
50 69 2 1
50 74 1 1
50 80 2 1
50 88 2 1
50 90 2 1
50 96 1 1
51 1 1000 1
51 4 1000 1
51 16 2 1
51 17 1000 1
51 22 1 1
51 37 2 1
51 39 2 1
51 45 2 1
51 48 1 1
51 52 1 1
51 63 1 1
51 69 1000 1
51 75 1 1
51 79 2 1
51 81 2 1
51 84 1000 1
51 95 2 1
52 12 2 1
52 13 1000 1
52 29 1 1
52 37 2 1
52 47 2 1
52 68 1 1
52 70 1000 1
52 75 1 1
52 77 1000 1
52 82 2 1
52 90 2 1
53 2 1 1
53 16 2 1
53 20 2 1
53 31 1 1
53 49 2 1
53 51 1000 1
53 65 1000 1
53 66 1 1
53 76 2 1
53 80 1 1
53 90 2 1
53 91 1 1
53 94 1000 1
54 3 2 1
54 21 2 1
54 22 2 1
54 28 1000 1
54 70 1000 1
54 78 1 1
54 96 1 1
55 3 1000 1
55 10 1 1
55 15 1000 1
55 86 2 1
56 5 2 1
56 10 2 1
56 13 1 1
56 14 1000 1
56 43 1 1
56 65 1000 1
56 66 1000 1
56 68 1 1
56 87 1000 1
56 97 2 1
57 9 1 1
57 22 2 1
57 28 2 1
57 29 2 1
57 37 1 1
57 46 1000 1
57 60 1000 1
57 71 1 1
57 79 1 1
57 84 1 1
58 4 2 1
58 10 2 1
58 22 1 1
58 26 1 1
58 28 1 1
58 31 2 1
58 33 1000 1
58 51 1000 1
58 57 1 1
58 89 1000 1
58 96 1000 1
59 44 1 1
59 53 1 1
60 9 1 1
60 14 1000 1
60 18 2 1
60 21 1 1
60 24 1000 1
60 33 2 1
60 48 1 1
60 51 2 1
60 59 1 1
61 4 1000 1
61 9 1000 1
61 20 2 1
61 25 1 1
61 34 1 1
61 38 1000 1
61 45 1000 1
61 66 1 1
61 71 2 1
61 95 2 1
62 10 2 1
62 11 2 1
62 19 1 1
62 20 1 1
62 40 1 1
62 50 2 1
62 53 2 1
62 63 2 1
62 89 2 1
62 91 1 1
62 97 1 1
63 0 1000 1
63 8 2 1
63 46 2 1
63 55 2 1
63 56 2 1
63 61 1 1
63 89 1 1
64 2 1 1
64 9 2 1
64 21 1 1
64 39 2 1
64 40 1 1
64 43 2 1
64 48 1000 1
64 50 2 1
64 66 1000 1
64 76 1000 1
64 84 2 1
64 94 1 1
65 4 1000 1
65 8 2 1
65 13 2 1
65 15 1000 1
65 49 2 1
66 14 1000 1
66 33 2 1
66 63 1000 1
66 68 1000 1
66 72 1000 1
66 82 2 1
66 83 1000 1
66 87 2 1
66 88 1 1
66 93 1000 1
66 96 2 1
67 1 1 1
67 14 2 1
67 15 1 1
67 23 1000 1
67 54 1000 1
67 60 2 1
67 71 1 1
68 14 2 1
68 20 1000 1
68 25 1 1
68 30 2 1
68 43 1 1
68 45 1 1
68 51 2 1
68 86 1000 1
68 92 1000 1
68 93 2 1
68 94 2 1
69 13 1 1
69 31 2 1
69 41 2 1
69 48 1 1
69 93 1000 1
70 12 2 1
70 15 2 1
70 19 2 1
70 21 2 1
70 28 1 1
70 31 1 1
70 51 1000 1
70 56 2 1
70 61 1 1
70 68 2 1
70 75 2 1
70 77 1000 1
70 89 2 1
70 95 2 1
71 0 1 1
71 13 1 1
71 49 1 1
71 51 1000 1
71 72 1 1
71 78 1 1
71 79 2 1
71 85 1 1
72 1 1 1
72 2 2 1
72 16 1 1
72 30 1000 1
72 39 2 1
72 46 1 1
72 62 1000 1
72 82 1 1
73 9 1 1
73 24 1 1
73 28 1 1
73 31 2 1
73 37 1000 1
73 40 2 1
73 56 2 1
73 81 1 1
73 83 1000 1
73 89 1000 1
73 94 1000 1
74 11 2 1
74 19 1000 1
74 20 1 1
74 27 2 1
74 29 1 1
74 37 1 1
74 49 1 1
74 52 1000 1
74 56 2 1
74 65 1 1
74 67 2 1
74 95 2 1
75 0 1 1
75 9 2 1
75 17 1000 1
75 19 2 1
75 23 1000 1
75 24 1000 1
75 32 1 1
75 63 1000 1
75 86 2 1
76 0 1000 1
76 30 2 1
76 38 1 1
76 51 1000 1
76 68 2 1
76 71 1 1
76 75 2 1
76 92 1 1
76 95 2 1
77 15 1000 1
77 21 2 1
77 34 2 1
77 37 2 1
77 46 1000 1
77 65 2 1
77 73 2 1
77 80 1000 1
77 82 1000 1
77 87 1000 1
78 11 1000 1
78 33 1000 1
78 61 1 1
79 7 1 1
79 8 1000 1
79 12 1 1
79 18 1000 1
79 29 2 1
79 35 1000 1
79 60 1 1
79 72 1000 1
79 73 2 1
79 78 2 1
79 82 2 1
79 84 1000 1
79 90 2 1
79 92 1 1
79 94 2 1
80 58 1 1
80 63 1000 1
80 69 1000 1
80 75 1000 1
80 76 1000 1
80 86 1 1
80 89 1 1
80 93 1 1
81 30 1 1
81 50 1 1
81 53 2 1
81 61 1 1
81 66 2 1
81 75 1 1
81 76 1000 1
82 6 1 1
82 10 1 1
82 19 1 1
82 25 1000 1
82 51 2 1
82 76 2 1
82 93 1000 1
82 95 1000 1
83 27 1000 1
83 35 1 1
83 36 2 1
83 55 2 1
83 69 1 1
83 71 1 1
83 77 2 1
83 91 1000 1
83 93 1000 1
83 94 1000 1
83 98 1000 1
84 21 1 1
84 49 2 1
84 50 2 1
84 54 2 1
84 63 2 1
84 70 2 1
84 83 1000 1
84 91 1000 1
85 3 2 1
85 12 2 1
85 19 2 1
85 40 1000 1
85 59 1000 1
85 87 1000 1
85 90 1000 1
86 7 1 1
86 15 1000 1
86 18 1 1
86 21 2 1
86 24 1 1
86 30 1 1
86 33 1 1
86 41 1 1
86 57 2 1
86 71 2 1
86 79 1 1
87 1 1 1
87 14 2 1
87 38 1 1
87 41 1000 1
87 46 2 1
87 50 1000 1
87 63 1000 1
87 64 1 1
87 72 1000 1
87 75 2 1
87 82 1000 1
87 89 1 1
87 95 1 1
88 3 1000 1
88 5 1 1
88 22 1 1
88 36 1 1
88 42 1000 1
88 43 2 1
88 57 2 1
88 70 2 1
88 78 1 1
88 91 1 1
88 92 1000 1
89 14 2 1
89 23 2 1
89 34 2 1
89 67 2 1
89 68 1 1
89 74 1 1
89 79 1 1
89 84 1 1
89 90 1 1
90 6 2 1
90 14 1000 1
90 51 1000 1
90 66 1 1
90 70 1 1
90 74 1000 1
90 97 2 1
91 19 1000 1
91 22 1000 1
91 55 1 1
91 64 2 1
91 77 1 1
91 80 1000 1
91 92 1000 1
91 96 1000 1
92 10 1000 1
92 12 2 1
92 17 1000 1
92 20 1000 1
92 34 1000 1
92 40 2 1
92 44 2 1
92 54 1000 1
92 55 1 1
92 67 2 1
92 74 1000 1
92 80 2 1
92 95 1 1
92 99 2 1
93 3 1 1
93 11 1000 1
93 13 1 1
93 36 2 1
93 46 1000 1
93 75 1 1
93 81 1 1
93 84 1 1
93 91 1000 1
93 96 1000 1
93 97 1000 1
94 4 1 1
94 13 1 1
94 19 1000 1
94 20 1000 1
94 32 1 1
94 40 2 1
94 41 1 1
94 50 2 1
95 9 1 1
95 44 2 1
95 49 1 1
95 90 1 1
96 12 1 1
96 18 1000 1
96 25 1000 1
96 36 1000 1
96 56 1 1
97 14 1000 1
97 18 1000 1
97 20 2 1
97 39 1 1
97 55 1 1
97 64 1 1
97 72 1 1
97 75 1 1
97 77 1000 1
97 78 1000 1
97 82 1000 1
97 95 1 1
98 0 2 1
98 1 1 1
98 13 2 1
98 29 1000 1
98 34 1000 1
98 36 1000 1
98 53 1000 1
98 55 1 1
98 64 1000 1
98 67 2 1
98 84 2 1
99 2 2 1
99 14 1 1
99 20 1000 1
99 39 1 1
99 40 1 1
99 54 2 1
99 64 1000 1
99 67 1 1
99 75 1000 1
99 81 1000 1
99 91 1000 1
