100 500 10
0 56 20 8
0 59 1 1
0 68 30 11
0 87 40 13
1 4 30 11
1 9 40 13
1 47 2 1
1 50 1 1
1 78 40 13
1 89 10 5
1 92 1 1
2 37 5 10
2 39 2 1
2 69 5 10
3 14 1000 1
3 17 40 13
3 28 40 13
3 38 2 1
3 80 20 8
3 90 1000 1
4 11 1000 1
4 45 1000 1
4 53 10 10
4 63 30 11
4 84 5 10
5 33 1 1
5 62 10 5
5 74 40 13
5 80 30 11
5 96 10 10
6 16 2 1
6 38 10 10
6 52 20 8
6 82 1 1
7 12 20 8
7 49 40 13
7 52 5 10
7 73 40 13
7 91 40 13
8 9 1 1
9 12 1000 1
9 44 5 10
9 55 10 5
9 58 1000 1
9 74 10 10
9 94 30 11
10 38 1 1
10 47 1 1
10 49 20 8
10 58 30 11
10 66 2 1
10 73 10 10
11 13 40 13
11 65 5 10
11 88 2 1
11 95 5 10
12 21 1 1
12 39 2 1
12 56 30 11
12 64 1 1
12 82 10 10
13 8 20 8
13 9 2 1
13 67 20 8
13 74 10 10
13 75 5 10
13 77 10 5
13 87 30 11
13 93 30 11
14 19 10 5
14 33 1000 1
14 39 10 10
14 69 1 1
15 12 5 10
15 20 40 13
15 35 10 10
15 93 1 1
16 14 10 5
16 50 10 5
16 75 1 1
16 88 10 10
17 19 30 11
17 29 30 11
17 93 1000 1
18 15 10 10
18 42 2 1
18 66 5 10
18 72 30 11
18 82 10 10
19 42 30 11
19 91 30 11
20 13 30 11
20 30 30 11
20 50 30 11
21 37 5 10
21 38 10 5
21 78 1 1
21 84 10 5
22 8 10 5
22 31 30 11
22 60 10 5
22 76 20 8
23 6 10 10
23 31 1 1
23 36 20 8
23 38 10 10
23 47 20 8
23 95 30 11
24 1 30 11
24 49 2 1
24 61 20 8
25 6 10 5
25 41 1000 1
25 51 2 1
25 84 1000 1
26 4 1 1
26 19 40 13
26 22 40 13
26 97 1 1
27 0 5 10
27 8 10 5
27 13 1 1
27 53 30 11
27 80 1000 1
27 89 10 5
27 90 5 10
28 1 2 1
28 7 40 13
28 41 40 13
28 48 20 8
28 62 1 1
28 81 1 1
28 94 40 13
29 45 1000 1
30 17 30 11
30 68 5 10
30 76 30 11
31 25 10 5
31 30 1 1
31 45 1 1
31 93 2 1
31 99 10 5
32 85 20 8
32 91 10 10
33 84 2 1
34 5 1 1
34 12 1 1
34 22 1000 1
34 27 10 5
34 48 20 8
34 57 2 1
34 59 40 13
34 77 10 5
34 78 20 8
34 96 5 10
35 24 10 5
35 31 40 13
35 44 10 5
35 47 1000 1
35 59 20 8
35 70 40 13
36 9 1 1
36 25 2 1
36 35 1000 1
36 42 40 13
36 81 10 5
37 52 5 10
37 58 20 8
37 62 1000 1
37 69 1000 1
38 11 5 10
38 18 30 11
38 31 30 11
38 33 1 1
38 56 5 10
38 61 30 11
38 95 10 10
39 32 20 8
39 49 20 8
39 59 20 8
39 82 1000 1
40 14 10 10
40 28 40 13
40 35 10 10
40 36 10 10
40 76 1000 1
40 85 10 10
40 95 10 10
41 70 5 10
41 83 1000 1
42 4 20 8
42 75 2 1
42 84 40 13
42 97 2 1
43 11 20 8
43 23 10 5
43 39 1 1
43 58 2 1
43 59 1 1
43 61 40 13
43 66 10 5
43 75 40 13
43 83 10 5
43 84 10 5
44 19 10 10
44 21 1 1
44 31 1 1
44 36 10 5
44 40 1 1
44 90 5 10
44 95 5 10
45 7 40 13
45 14 5 10
45 17 10 10
45 27 2 1
45 74 10 5
45 79 1 1
46 7 1 1
46 8 10 5
46 20 30 11
46 22 40 13
46 71 1000 1
47 4 5 10
47 11 20 8
47 66 1 1
47 87 1000 1
48 3 30 11
48 12 1 1
48 27 10 5
48 32 10 10
48 40 10 10
48 50 2 1
48 81 10 5
48 82 1000 1
49 8 40 13
49 15 1 1
49 34 1 1
49 48 10 5
49 52 1 1
49 81 20 8
49 83 40 13
49 86 10 5
50 57 10 5
50 83 1000 1
51 14 40 13
51 31 1 1
51 52 2 1
52 24 10 5
52 59 20 8
52 94 30 11
53 0 40 13
53 10 10 10
53 16 20 8
53 18 1 1
53 38 30 11
53 39 20 8
53 73 1 1
53 82 30 11
53 89 1000 1
54 22 10 5
54 30 40 13
54 51 1 1
54 60 1000 1
54 64 30 11
54 71 10 10
55 12 10 10
55 67 1000 1
55 70 2 1
56 20 2 1
56 28 10 5
56 35 40 13
56 48 20 8
56 58 1 1
56 65 30 11
56 79 30 11
57 2 30 11
57 62 10 5
57 79 1 1
57 96 1000 1
58 6 10 5
58 28 20 8
58 40 20 8
58 54 1000 1
58 75 2 1
59 30 20 8
59 47 10 5
59 48 1 1
59 73 1000 1
60 10 40 13
60 21 10 5
60 36 30 11
60 57 30 11
60 67 1 1
60 97 10 5
61 20 5 10
61 35 30 11
61 49 10 10
61 70 10 5
61 96 1000 1
62 0 40 13
62 54 30 11
62 88 40 13
62 94 40 13
62 99 10 10
63 34 30 11
63 39 20 8
64 50 30 11
64 52 2 1
64 65 5 10
64 66 40 13
64 97 5 10
65 59 20 8
65 81 5 10
65 97 30 11
66 13 30 11
66 60 20 8
67 3 10 10
67 15 5 10
67 20 10 5
67 23 1000 1
68 17 10 5
68 22 30 11
68 36 1 1
68 53 1 1
68 54 20 8
68 64 2 1
68 77 1000 1
68 98 10 10
69 13 1000 1
69 34 2 1
69 46 30 11
69 60 2 1
69 85 30 11
70 4 1 1
70 24 10 5
70 29 1 1
70 59 2 1
70 62 10 5
70 63 10 5
70 75 10 10
70 90 40 13
71 4 5 10
71 25 40 13
71 27 20 8
71 38 2 1
71 77 1000 1
71 79 5 10
71 89 30 11
71 91 1 1
72 48 10 5
72 71 5 10
72 86 10 5
72 98 20 8
73 20 10 5
73 48 2 1
73 84 1000 1
73 97 1000 1
74 3 2 1
74 10 1 1
74 16 5 10
74 65 40 13
74 67 2 1
74 68 10 10
74 71 2 1
74 94 5 10
74 97 20 8
75 17 2 1
75 41 10 5
75 78 1 1
75 79 5 10
75 83 10 10
75 84 20 8
76 25 30 11
76 36 10 5
76 44 5 10
76 70 20 8
76 84 5 10
76 91 1 1
76 96 10 10
77 19 10 5
77 24 10 10
78 0 5 10
78 9 1000 1
78 15 10 10
78 36 1 1
78 47 40 13
78 54 5 10
78 61 1000 1
78 95 10 5
79 6 2 1
79 29 30 11
79 50 10 10
79 83 10 10
79 95 30 11
79 99 1 1
80 34 20 8
81 2 40 13
81 13 30 11
81 16 5 10
81 26 5 10
81 33 5 10
81 52 10 5
81 68 40 13
82 26 10 10
82 33 20 8
82 35 2 1
82 83 1 1
82 88 2 1
82 93 2 1
82 96 1000 1
82 97 10 10
83 57 30 11
84 1 20 8
84 7 1 1
84 10 1000 1
84 39 30 11
84 45 10 5
84 51 1000 1
84 65 1000 1
86 8 40 13
86 10 1 1
86 55 1000 1
86 57 1000 1
86 63 1000 1
86 69 1 1
86 74 30 11
86 76 1000 1
86 92 10 5
87 11 5 10
87 20 40 13
87 26 10 5
87 31 30 11
87 65 10 5
87 93 1 1
87 96 10 5
88 29 5 10
88 57 1 1
88 59 10 5
88 63 40 13
88 69 10 5
88 85 10 10
89 17 20 8
89 29 30 11
89 34 10 10
89 39 10 10
89 85 1 1
90 12 30 11
90 56 30 11
90 85 2 1
90 94 5 10
91 2 1000 1
91 21 1 1
91 24 10 10
91 38 2 1
91 66 20 8
91 74 10 10
91 77 2 1
92 18 5 10
92 48 20 8
92 76 2 1
93 35 40 13
93 39 10 5
93 67 1 1
93 73 10 5
94 24 30 11
94 30 10 5
94 76 5 10
94 87 10 5
95 2 10 10
95 5 1 1
95 12 1000 1
95 26 10 5
95 32 10 5
95 48 10 10
95 60 1000 1
95 62 30 11
95 63 2 1
95 76 30 11
95 94 10 5
95 96 2 1
95 99 20 8
96 25 5 10
96 65 10 10
96 67 1 1
96 99 5 10
97 8 20 8
97 31 30 11
97 43 10 5
97 49 1000 1
97 87 10 5
98 10 1000 1
98 23 1000 1
98 37 40 13
98 41 10 5
98 64 20 8
98 65 40 13
99 3 5 10
99 41 40 13
99 51 20 8
99 65 10 5
