100 1000 50
0 16 10 5
0 18 10 5
0 30 2 1
0 47 10 5
0 58 20 8
0 59 20 8
1 2 10 5
1 5 1000 1
1 11 1 1
1 15 1 1
1 42 1000 1
1 56 30 11
1 67 1 1
1 69 40 13
1 71 2 1
1 79 10 10
1 84 30 11
1 95 10 5
2 5 2 1
2 12 20 8
2 19 5 10
2 31 40 13
2 32 5 10
2 39 10 10
2 48 40 13
2 63 1000 1
2 66 5 10
2 69 5 10
2 81 1000 1
2 88 2 1
3 36 10 5
3 44 10 10
3 55 5 10
3 58 20 8
3 64 10 5
3 74 2 1
3 85 1 1
3 86 40 13
3 98 10 10
4 31 1000 1
4 64 10 5
4 68 1 1
4 76 1 1
4 82 1 1
5 10 1000 1
5 69 2 1
5 77 10 10
5 98 20 8
6 1 5 10
6 13 40 13
6 35 2 1
6 37 1 1
6 45 40 13
6 50 2 1
6 59 40 13
6 62 2 1
6 67 10 5
6 91 2 1
6 92 30 11
7 3 1 1
7 15 20 8
7 19 20 8
7 20 30 11
7 26 2 1
7 46 40 13
7 55 1000 1
7 91 2 1
8 1 1 1
8 16 30 11
8 18 2 1
8 24 30 11
8 40 2 1
8 42 30 11
8 85 2 1
8 86 20 8
9 5 10 5
9 12 30 11
9 17 5 10
9 34 2 1
9 42 2 1
9 60 10 10
9 61 40 13
9 63 1 1
9 69 1000 1
9 82 10 10
9 94 40 13
10 8 10 10
10 9 10 10
10 20 10 10
10 68 5 10
10 70 30 11
10 78 1000 1
10 80 30 11
10 87 40 13
11 3 10 5
11 15 2 1
11 17 10 5
11 24 30 11
11 25 40 13
11 26 10 10
11 29 1000 1
11 30 1 1
11 36 20 8
11 59 5 10
11 60 10 5
11 70 1000 1
11 80 5 10
11 95 20 8
12 17 2 1
12 25 2 1
12 28 5 10
12 30 10 10
12 45 1 1
12 55 20 8
12 57 10 10
12 62 5 10
12 86 1 1
13 3 10 5
13 20 40 13
13 21 20 8
13 45 5 10
13 48 1000 1
13 51 40 13
13 66 40 13
13 68 40 13
13 73 5 10
13 82 5 10
13 84 2 1
13 95 30 11
14 31 1000 1
14 32 10 5
14 35 20 8
14 37 10 10
14 54 30 11
14 56 30 11
14 62 30 11
14 67 1000 1
14 94 2 1
15 6 20 8
15 10 10 10
15 14 30 11
15 19 30 11
15 29 5 10
15 33 5 10
15 48 1 1
15 57 40 13
15 83 10 10
15 90 30 11
15 91 20 8
15 94 10 10
15 95 1 1
16 14 1 1
16 25 20 8
16 37 1 1
16 45 10 10
16 46 30 11
16 49 1 1
16 59 40 13
16 87 5 10
16 91 30 11
16 92 5 10
16 96 1000 1
16 99 30 11
17 0 40 13
17 4 20 8
17 10 10 5
17 25 10 10
17 43 1 1
17 49 1000 1
17 57 10 10
17 65 20 8
17 74 10 10
17 77 10 10
17 79 5 10
17 89 5 10
17 92 30 11
18 7 30 11
18 16 40 13
18 35 1 1
18 36 40 13
18 40 10 5
18 42 10 5
18 57 10 10
18 61 10 5
18 62 1000 1
18 76 40 13
18 77 10 5
19 5 1000 1
19 16 30 11
19 28 2 1
19 32 40 13
19 41 1 1
19 48 10 10
19 54 10 5
19 55 1000 1
19 59 1000 1
19 64 40 13
19 69 1000 1
19 85 20 8
19 97 1000 1
20 0 10 5
20 4 30 11
20 9 40 13
20 27 30 11
20 45 1000 1
20 54 2 1
20 86 10 5
20 93 20 8
21 22 10 10
21 23 40 13
21 27 20 8
21 31 10 10
21 81 30 11
21 85 30 11
21 86 10 10
21 88 10 10
21 91 1 1
21 98 10 10
22 23 40 13
22 31 1 1
22 51 20 8
22 58 30 11
22 67 40 13
22 71 10 5
22 72 2 1
22 80 5 10
23 10 1000 1
23 14 20 8
23 49 20 8
23 68 2 1
23 93 30 11
23 96 10 5
24 15 1 1
24 39 10 10
24 51 30 11
24 54 1000 1
24 71 20 8
25 5 10 5
25 26 20 8
25 37 30 11
25 52 2 1
25 54 30 11
25 65 10 5
25 76 2 1
25 78 10 5
25 93 5 10
26 17 20 8
26 23 40 13
26 28 20 8
26 55 2 1
26 64 30 11
26 67 30 11
26 77 1 1
26 88 10 5
26 90 1 1
26 97 30 11
27 0 10 5
27 6 10 10
27 65 20 8
27 66 10 10
28 1 10 10
28 6 10 5
28 11 1 1
28 25 30 11
28 33 40 13
28 38 2 1
28 42 5 10
28 44 20 8
28 46 2 1
28 57 10 10
28 63 30 11
29 2 10 5
29 5 40 13
29 34 40 13
29 45 10 5
29 61 10 5
29 72 30 11
29 85 20 8
29 87 10 10
30 28 10 10
30 34 40 13
30 48 1 1
30 54 10 5
30 55 10 5
30 63 40 13
30 73 20 8
30 77 2 1
30 78 5 10
30 84 10 5
31 15 1000 1
31 27 20 8
31 29 10 5
31 46 30 11
31 51 40 13
31 57 20 8
31 63 40 13
31 82 1 1
32 0 2 1
32 1 20 8
32 10 10 10
32 16 1000 1
32 21 20 8
32 31 2 1
32 41 1000 1
32 45 20 8
32 47 5 10
32 51 10 5
32 61 2 1
32 62 30 11
32 71 2 1
32 74 30 11
32 78 10 5
32 82 1000 1
32 91 2 1
32 92 30 11
32 93 1000 1
33 6 2 1
33 7 1000 1
33 11 10 10
33 21 1 1
33 32 1000 1
33 36 30 11
33 48 40 13
33 53 1 1
33 72 40 13
33 83 20 8
33 85 5 10
34 14 1000 1
34 18 40 13
34 21 40 13
34 33 1000 1
34 42 20 8
34 44 20 8
34 47 30 11
34 55 30 11
34 57 10 5
34 61 20 8
34 79 30 11
34 83 1000 1
35 7 5 10
35 17 10 5
35 20 2 1
35 43 5 10
35 46 40 13
35 65 2 1
35 93 5 10
35 97 5 10
36 6 1000 1
36 17 2 1
36 23 10 10
36 28 30 11
36 55 20 8
36 57 1 1
36 86 1 1
36 88 10 10
36 98 20 8
37 0 10 5
37 2 10 5
37 4 30 11
37 17 10 10
37 21 20 8
37 31 30 11
37 54 10 10
37 65 1000 1
37 99 1 1
38 3 5 10
38 8 10 10
38 20 1 1
38 27 40 13
38 29 30 11
38 36 10 5
38 45 1 1
38 57 1 1
38 85 10 5
39 8 1 1
39 19 20 8
39 30 1000 1
39 36 1000 1
39 43 10 10
39 44 20 8
39 53 1000 1
39 56 10 10
39 62 1000 1
39 68 5 10
39 74 1 1
39 76 30 11
40 3 10 5
40 15 20 8
40 22 10 10
40 27 1000 1
40 39 2 1
40 59 30 11
40 76 20 8
40 86 30 11
40 96 10 10
41 6 1000 1
41 14 1 1
41 23 30 11
41 39 10 10
41 46 10 5
41 83 40 13
41 85 5 10
42 2 20 8
42 10 5 10
42 27 5 10
42 33 1000 1
42 47 1 1
42 58 10 5
42 59 40 13
42 63 5 10
42 65 1 1
42 70 30 11
42 75 1000 1
42 82 1 1
42 86 1000 1
42 98 1 1
42 99 1000 1
43 19 30 11
43 22 2 1
43 29 5 10
43 37 2 1
43 46 2 1
43 63 40 13
43 66 20 8
43 70 5 10
43 86 2 1
43 89 1000 1
43 98 30 11
44 0 10 5
44 7 30 11
44 12 2 1
44 13 5 10
44 15 1000 1
44 16 10 5
44 33 10 5
44 41 30 11
44 46 1 1
44 47 5 10
44 61 10 10
45 22 5 10
45 26 1 1
45 30 10 5
45 31 10 10
45 37 2 1
45 44 2 1
45 48 30 11
45 50 20 8
45 60 10 10
45 72 1 1
45 75 1000 1
45 88 10 5
45 89 1 1
46 9 20 8
46 21 5 10
46 42 1 1
46 47 5 10
46 60 30 11
46 63 10 10
46 68 1000 1
46 72 10 5
47 14 20 8
47 37 20 8
47 38 5 10
47 40 1 1
47 57 1 1
47 58 1000 1
47 60 10 10
47 72 20 8
47 75 40 13
47 79 1000 1
47 82 1 1
47 94 20 8
48 3 1000 1
48 16 2 1
48 21 20 8
48 25 40 13
48 27 30 11
48 32 1000 1
48 36 5 10
48 43 10 10
48 59 1 1
48 79 10 5
49 0 20 8
49 54 5 10
49 58 40 13
49 70 1000 1
49 71 1000 1
49 92 1 1
50 10 1000 1
50 14 10 10
50 16 1000 1
50 19 2 1
50 21 40 13
50 28 1000 1
50 47 10 5
50 56 1 1
50 58 5 10
50 66 1000 1
50 78 1000 1
50 96 10 10
51 30 5 10
51 39 5 10
51 41 2 1
51 61 2 1
51 84 20 8
52 3 2 1
52 4 20 8
52 6 1 1
52 9 1 1
52 10 20 8
52 15 40 13
52 36 10 5
52 37 30 11
52 38 1 1
52 57 10 10
52 61 10 5
52 79 1 1
52 81 10 10
52 83 10 10
52 90 1000 1
53 5 1000 1
53 41 40 13
53 52 20 8
53 63 10 10
53 69 5 10
53 78 5 10
53 81 5 10
53 82 1 1
53 91 1000 1
53 97 20 8
53 99 30 11
54 5 2 1
54 17 1000 1
54 21 1 1
54 26 20 8
54 31 40 13
54 38 30 11
54 43 5 10
54 50 1 1
54 55 1000 1
54 64 1 1
54 68 40 13
54 86 5 10
54 97 1 1
55 13 2 1
55 24 1000 1
55 25 20 8
55 32 1000 1
55 51 20 8
55 58 20 8
55 78 5 10
55 82 10 5
56 0 30 11
56 27 2 1
56 72 40 13
56 76 1 1
56 79 10 5
56 84 1000 1
56 98 10 10
56 99 30 11
57 21 20 8
57 27 2 1
57 55 10 10
57 64 20 8
57 71 5 10
58 2 1 1
58 8 20 8
58 11 5 10
58 12 1000 1
58 34 40 13
58 40 2 1
58 48 5 10
58 53 1000 1
58 68 30 11
58 72 30 11
58 88 20 8
59 8 10 5
59 23 1000 1
59 29 2 1
59 37 5 10
59 45 20 8
59 52 5 10
59 69 20 8
59 73 30 11
59 78 5 10
59 90 1000 1
60 8 2 1
60 10 10 10
60 22 5 10
60 35 30 11
60 43 1000 1
60 50 30 11
60 58 5 10
60 61 30 11
60 64 30 11
60 72 10 5
60 98 30 11
61 15 30 11
61 23 10 10
61 25 2 1
61 43 5 10
61 78 1 1
61 80 1000 1
61 86 1 1
61 89 40 13
62 17 5 10
62 22 30 11
62 27 1000 1
62 43 30 11
62 54 30 11
62 56 10 5
62 65 10 5
62 69 1000 1
62 79 5 10
63 1 1 1
63 25 40 13
63 35 20 8
63 78 1 1
63 80 5 10
63 93 30 11
64 36 10 10
64 40 30 11
64 63 30 11
64 73 2 1
64 78 30 11
64 83 40 13
64 85 10 5
64 94 30 11
65 4 2 1
65 12 5 10
65 13 40 13
65 41 1 1
65 43 5 10
65 45 10 5
65 49 1 1
65 54 2 1
65 55 20 8
65 60 30 11
65 64 30 11
65 87 40 13
66 0 1000 1
66 6 40 13
66 10 40 13
66 19 20 8
66 21 20 8
66 29 10 10
66 32 1000 1
66 33 2 1
66 56 30 11
66 63 10 5
66 72 40 13
66 75 40 13
66 87 2 1
66 94 40 13
67 5 20 8
67 15 40 13
67 31 2 1
67 33 20 8
67 44 10 5
67 55 10 10
67 58 20 8
67 59 1000 1
67 80 1 1
67 97 1000 1
68 2 30 11
68 3 20 8
68 7 1000 1
68 24 1000 1
68 31 1000 1
68 40 1000 1
68 60 1 1
68 63 5 10
68 65 20 8
68 73 10 10
68 80 10 5
68 87 10 10
69 3 40 13
69 14 30 11
69 31 30 11
69 33 20 8
69 46 10 5
69 52 2 1
69 54 40 13
69 57 1000 1
69 63 10 10
69 66 10 10
69 67 10 10
69 70 40 13
70 2 10 5
70 14 10 10
70 15 40 13
70 18 1 1
70 28 40 13
70 37 10 5
70 39 10 10
70 44 1000 1
70 51 2 1
70 58 10 5
70 61 5 10
70 73 5 10
70 83 40 13
70 86 10 10
70 97 1000 1
71 3 10 5
71 11 10 10
71 26 40 13
71 46 20 8
71 60 2 1
71 66 40 13
71 74 5 10
71 83 1000 1
71 84 20 8
72 2 1000 1
72 7 30 11
72 8 10 5
72 57 10 5
72 65 30 11
72 89 10 5
72 93 10 5
72 99 40 13
73 2 30 11
73 3 1000 1
73 9 20 8
73 17 30 11
73 20 40 13
73 25 10 5
73 37 40 13
73 41 2 1
73 50 2 1
73 53 1 1
73 54 40 13
73 72 1000 1
73 79 30 11
73 87 1 1
73 97 20 8
74 29 5 10
74 37 1 1
74 38 1 1
74 41 5 10
74 43 5 10
74 45 5 10
74 57 1 1
74 59 1 1
74 64 10 10
75 3 30 11
75 5 1000 1
75 8 40 13
75 10 10 5
75 18 2 1
75 19 5 10
75 20 20 8
75 37 10 5
75 43 10 5
75 63 10 10
75 65 30 11
75 69 10 10
75 83 40 13
75 86 1 1
75 91 40 13
75 99 2 1
76 7 20 8
76 11 5 10
76 12 1000 1
76 42 1 1
76 74 2 1
76 84 1 1
77 3 5 10
77 4 2 1
77 19 2 1
77 21 20 8
77 24 1000 1
77 38 2 1
77 44 1000 1
77 93 10 10
77 96 5 10
78 0 10 10
78 26 10 10
78 34 1000 1
78 37 10 5
78 48 30 11
78 56 10 5
78 58 10 10
78 77 1 1
78 85 2 1
78 91 1000 1
79 3 2 1
79 7 10 5
79 13 10 10
79 15 40 13
79 18 10 5
79 22 20 8
79 26 20 8
79 32 10 5
79 38 2 1
79 42 2 1
79 59 30 11
79 60 10 5
79 92 30 11
79 97 40 13
80 4 30 11
80 9 40 13
80 14 2 1
80 39 20 8
80 40 1 1
80 42 20 8
80 47 10 10
80 56 30 11
80 65 20 8
80 92 1 1
80 97 1 1
81 0 10 10
81 17 1 1
81 26 30 11
81 30 2 1
81 34 10 10
81 41 30 11
81 42 5 10
81 47 5 10
81 55 10 10
81 58 1 1
81 65 5 10
81 68 2 1
81 71 10 5
81 86 20 8
81 87 20 8
81 92 2 1
82 6 1 1
82 18 40 13
82 20 10 5
82 41 20 8
82 43 20 8
82 57 30 11
82 65 5 10
82 74 40 13
82 81 20 8
83 17 1000 1
83 22 10 10
83 62 40 13
83 78 5 10
83 99 10 5
84 11 1 1
84 18 20 8
84 19 30 11
84 20 2 1
84 22 30 11
84 45 2 1
84 50 40 13
84 60 5 10
84 89 10 5
84 96 40 13
85 2 40 13
85 11 10 10
85 13 20 8
85 36 5 10
85 40 1000 1
85 50 40 13
85 62 2 1
85 65 40 13
85 72 1000 1
85 84 30 11
86 4 1000 1
86 10 20 8
86 13 40 13
86 17 20 8
86 44 30 11
86 49 1000 1
86 80 10 10
86 90 5 10
87 9 1000 1
87 20 5 10
87 27 40 13
87 31 30 11
87 57 1 1
87 61 5 10
87 63 1 1
87 69 40 13
87 84 40 13
87 99 5 10
88 8 10 5
88 12 10 10
88 50 20 8
88 57 2 1
88 59 20 8
88 61 40 13
88 66 10 10
88 72 30 11
88 75 1000 1
88 81 1 1
88 84 2 1
89 7 5 10
89 8 2 1
89 12 10 10
89 24 2 1
89 28 30 11
89 38 5 10
89 48 10 10
89 55 10 5
89 64 1000 1
89 65 1 1
89 68 30 11
89 82 40 13
89 99 10 5
90 7 5 10
90 50 2 1
90 55 5 10
90 56 20 8
90 69 10 10
90 74 5 10
90 75 1000 1
90 80 10 10
90 95 30 11
91 11 1 1
91 14 1000 1
91 22 10 10
91 35 5 10
91 38 40 13
91 39 40 13
91 50 40 13
91 65 5 10
91 68 10 5
91 81 20 8
91 84 1 1
91 88 1 1
91 99 1 1
92 1 40 13
92 21 10 10
92 22 20 8
92 38 10 10
92 45 10 10
92 68 10 5
92 75 5 10
93 5 40 13
93 17 1000 1
93 49 1000 1
93 55 10 5
93 57 10 10
93 66 1 1
93 69 10 5
93 94 40 13
94 6 20 8
94 20 40 13
94 25 10 10
94 35 1 1
94 43 10 5
94 46 20 8
94 55 10 10
94 63 20 8
94 67 40 13
94 73 1 1
94 87 30 11
95 2 20 8
95 4 1 1
95 16 10 5
95 31 2 1
95 33 30 11
95 49 1 1
95 57 30 11
95 59 2 1
95 61 5 10
95 73 40 13
95 87 2 1
95 89 20 8
95 92 40 13
95 96 10 10
95 99 10 10
96 2 1 1
96 3 1 1
96 13 2 1
96 21 40 13
96 32 10 10
96 47 10 10
96 51 2 1
96 52 30 11
96 70 5 10
96 78 1 1
96 90 2 1
97 1 2 1
97 25 1 1
97 28 10 10
97 49 10 10
97 50 10 10
97 61 30 11
97 68 5 10
98 10 10 10
98 15 1000 1
98 23 10 5
98 28 40 13
98 49 1000 1
98 78 1 1
98 80 10 10
98 85 2 1
98 95 10 5
99 6 1000 1
99 7 5 10
99 10 10 10
99 18 40 13
99 63 1000 1
99 71 5 10
99 81 20 8
99 92 40 13
